5 5 .13435380750000000000 .01320956600000000000
5 25 .13267933700000000000 .02230350700000000000
5 45 .13841038750000000000 .03281048250000000000
5 65 .13436876500000000000 .04591912050000000000
5 85 .13607752600000000000 .06037414900000000000
25 5 .13244187600000000000 .03588863600000000000
25 25 .13831252350000000000 .07778584100000000000
25 45 .13956909750000000000 .12869677300000000000
25 65 .13930709400000000000 .19242947750000000000
25 85 .14679078450000000000 .27461222750000000000
45 5 .13164038550000000000 .05315461200000000000
45 25 .13777628850000000000 .13276714800000000000
45 45 .14581876300000000000 .22869734000000000000
45 65 .15129624450000000000 .34410863600000000000
45 85 .15226799000000000000 .48143462650000000000
65 5 .13550553500000000000 .07168735600000000000
65 25 .14046002850000000000 .18475581800000000000
65 45 .15172592750000000000 .32593434400000000000
65 65 .16013754400000000000 .49460624650000000000
65 85 .16473608600000000000 .70796535550000000000
85 5 .13187096100000000000 .09334063000000000000
85 25 .14311676200000000000 .24709269400000000000
85 45 .15591546150000000000 .42861061000000000000
85 65 .16465553000000000000 .63906763600000000000
85 85 .17587760800000000000 .90836127550000000000
