10 10 2 .13104413346900000000 .01464535563400000000
10 10 4 .13955940918700000000 .02234726166300000000
10 10 6 .14193284762700000000 .03340321618200000000
10 10 8 .14293729581900000000 .04836021456300000000
10 20 2 .14316331016900000000 .01996714705400000000
10 20 4 .14412999041500000000 .03645508524400000000
10 20 6 .14329307702300000000 .05315187139100000000
10 20 8 .14336396613700000000 .07856801529300000000
10 30 2 .14366690493800000000 .02600143945700000000
10 30 4 .14376055261200000000 .05227898870000000000
10 30 6 .14373064113800000000 .07741541889900000000
10 30 8 .14397028829800000000 .11275474970400000000
10 40 2 .14402565379100000000 .03271074905900000000
10 40 4 .14416458451900000000 .06981875089700000000
10 40 6 .14451533785400000000 .11063207887600000000
10 40 8 .14481617433900000000 .15380406195600000000
20 10 2 .14318796446500000000 .02434196805100000000
20 10 4 .14353723766500000000 .04025414574600000000
20 10 6 .14355571018400000000 .06258082907100000000
20 10 8 .14359701678700000000 .09457704454400000000
20 20 2 .14430797752500000000 .03540088618400000000
20 20 4 .14454678265600000000 .07072583351600000000
20 20 6 .14478977541400000000 .10193738945800000000
20 20 8 .14495501740300000000 .15488189695300000000
20 30 2 .14539427103100000000 .04787442522000000000
20 30 4 .14551153557600000000 .10508642944600000000
20 30 6 .14577247318700000000 .15791748622000000000
20 30 8 .14601101583300000000 .22723969701900000000
20 40 2 .14624678018500000000 .06162718619400000000
20 40 4 .14667210266000000000 .14084032214200000000
20 40 6 .14699008470700000000 .23470435043100000000
20 40 8 .14720404722400000000 .32254640717500000000
30 10 2 .14398749972100000000 .03430013146200000000
30 10 4 .14415595599600000000 .05842677313000000000
30 10 6 .14441075792400000000 .09181609213700000000
30 10 8 .14453716868800000000 .14101155767400000000
30 20 2 .14568834149400000000 .05116143567000000000
30 20 4 .14571751666400000000 .10525666541700000000
30 20 6 .14614053887600000000 .15100693671200000000
30 20 8 .14621387664500000000 .23143033252400000000
30 30 2 .14703038773600000000 .06996640506500000000
30 30 4 .14747013221200000000 .15810310937400000000
30 30 6 .14782407946800000000 .23897632828200000000
30 30 8 .14817417622300000000 .34057908606200000000
30 40 2 .14862667972100000000 .09076118136600000000
30 40 4 .14919298407600000000 .21248905211500000000
30 40 6 .14946752248700000000 .35911660520700000000
30 40 8 .14996639230100000000 .49513401208900000000
40 10 2 .14471342897500000000 .04439621092300000000
40 10 4 .14485444586700000000 .07673366486600000000
40 10 6 .14524590993900000000 .12133646892700000000
40 10 8 .14527684760400000000 .18784959470900000000
40 20 2 .14686606245200000000 .06731214655400000000
40 20 4 .14687629871900000000 .13991143212900000000
40 20 6 .14741259692600000000 .20022385553000000000
40 20 8 .14877253474700000000 .30774375877200000000
40 30 2 .14895579810000000000 .09245174723000000000
40 30 4 .14938443790300000000 .21159737891600000000
40 30 6 .14987438951700000000 .32065133598900000000
40 30 8 .15002423858700000000 .45236359702000000000
40 40 2 .15096389753700000000 .12027003786200000000
40 40 4 .15154524735800000000 .28349133275800000000
40 40 6 .15216117299400000000 .48409037840400000000
40 40 8 .15260452096800000000 .66763608351100000000
