0.90145695 0.7771418 2.0925572 0.48908007 0.38827294 
-1.5272323 1.3994929 -1.4171431 0.13166964 -2.1645927 
-1.6617454 -0.59587574 0.29113653 -0.70926577 0.9020621 
-0.13382827 -0.13048193 0.6516289 -0.46695507 -1.5584106 
0.1106456 2.0319145 2.221678 0.48653862 1.9326212 
-0.170863 0.3869319 0.74932265 0.44368824 -0.8519769 
-0.47799772 1.5433387 -1.8542279 -0.41266674 0.08790557 
-1.1382936 -1.2545059 0.7650031 0.40692377 2.0590482 
0.6297322 1.3085907 2.4337208 -0.44626516 -0.70520484 
-1.406196 1.3884689 -0.85876817 0.055935044 -0.3703174 
-1.8392878 0.7017266 -0.82370305 -0.058413297 -0.37839413 
-1.1378452 -0.44741133 -0.34264293 -0.48112482 1.3411132 
-1.4574666 1.0812054 -1.4494188 -1.5294697 0.111803144 
-0.30980054 -0.18643084 0.7300154 -0.8590451 1.5877535 
-0.1290627 -0.018508952 0.9292885 0.36967692 -0.08686477 
-0.07812473 -0.7889341 0.33739188 0.18039757 -0.74938124 
0.5547739 -0.12960985 -0.023305044 1.5393428 0.5138806 
0.024022784 0.30081058 0.7523528 -0.3223234 -0.14354852 
0.45793754 0.21511897 -0.51861334 2.1614249 0.41115236 
-0.63085717 0.32803288 -0.2588531 -0.8063727 -1.5198581 
0.6822729 1.1522117 0.2019594 -1.728766 -0.98420197 
-0.06954659 -1.629921 -2.353142 0.55713314 0.31110817 
-0.2165647 -0.493299 -0.084249616 1.304661 0.33631423 
1.1822629 -0.098548055 -1.3057573 -0.2152042 -0.6247417 
-0.47093397 0.3665848 0.8543929 -0.9595475 0.1331443 
-1.8071514 0.34354863 -0.0590694 0.2619694 0.42289212 
-1.4702721 -0.07545259 1.648446 1.6574914 0.5474332 
-0.15545966 -1.5703801 0.14020762 -0.82559586 0.3163289 
0.51006925 -0.64960635 -1.7255971 0.57182574 1.8908097 
-0.67837054 -1.145297 1.0982693 0.44341087 -0.94918585 
1.3653519 -1.3906443 -2.4269497 -0.20836629 -0.72319245 
-0.16669022 -1.8831667 2.6969159 -0.061524313 2.3622463 
-1.2467023 -0.34680524 1.8571931 0.80789655 -0.7474955 
-0.29231536 -0.36906636 -0.7384212 0.19504474 -0.2894618 
0.48879522 -1.2588823 0.1085048 -0.8812606 0.29758948 
2.2179706 -1.3658121 -0.5224977 -1.1643245 0.8831807 
0.01958751 -1.1523304 1.6110039 1.2215849 -1.0162563 
-0.78158957 -1.0806963 -0.093562126 -1.2315359 -0.0510382 
-0.0719871 -0.08852021 0.802957 -0.60942274 1.6697055 
0.042490747 0.076693065 1.7725309 -0.10852923 -2.3655813 
0.10911468 0.24346384 -0.0684366 -0.10147493 -0.8426805 
0.06583973 0.12778172 -0.37095168 -1.7937193 0.46445137 
-0.80377156 -0.13784273 0.64881814 -2.4221005 -2.1665998 
0.63195145 0.97884053 -0.3199372 -0.00340188 -0.5539303 
-0.7548639 -0.981794 -0.6615297 -0.75086117 0.020004962 
0.0063222293 -0.2335009 -1.1618894 -1.1681315 -0.17109273 
0.054198094 0.39343792 -1.3418941 -0.22728086 -1.9485468 
-1.5297741 0.6020424 0.97813857 -0.15337962 -0.72966707 
1.197788 0.684467 0.75511605 0.9373743 -0.8903313 
0.45082787 1.7353759 0.42555824 -1.0946463 1.1197886 
0.32814306 0.20220904 1.0299889 2.1363428 -1.8200637 
0.47796306 -1.1395504 -0.80384755 -1.170104 -0.008428511 
-0.7026202 0.048355408 0.0857349 0.34057212 -1.1831827 
-1.2381686 -2.0235379 -1.1237285 1.0934521 0.40986004 
0.9808562 -0.68394035 2.4714262 0.052115336 -1.8636183 
-0.9181756 0.49073997 0.13086747 -1.0452999 0.3363035 
-0.0027791162 -1.5643367 -2.1171489 0.9510096 -0.03056773 
-2.3494897 -1.0095626 -0.945473 -0.8214289 0.41138032 
0.29556558 0.009159994 -0.18503259 1.029937 -0.6729534 
0.82598716 -0.6664447 -0.031584166 -0.051442273 0.25669312 
1.1005251 -0.06243821 -1.2534075 -0.06462238 -0.3444934 
0.70111305 -0.8865941 0.033219192 -0.41861406 -0.021514589 
-1.5957332 0.8652937 0.034723032 -1.1219562 -0.6880791 
-0.14191347 1.286771 -1.5628014 1.7805964 -0.09006614 
-1.1477472 -0.60952556 0.582821 -0.7205057 0.08688709 
0.52236265 -0.14092001 0.06397749 -1.8042443 0.02260209 
0.37590045 0.47616583 0.81709987 0.2451636 1.1560954 
-0.25760773 0.5115094 0.16385032 0.2497362 0.9298336 
0.37566957 0.9822496 -0.05473566 0.026584495 1.1948259 
-0.79755336 -0.838213 0.8085226 0.20382555 0.60241073 
-0.44794843 -0.98729306 0.42136505 -0.23452093 1.1935712 
-0.67923546 0.04175168 -0.94103783 0.59086263 -1.9331923 
-0.39534795 2.0423555 0.33798486 -2.0390964 1.7484076 
0.30585226 0.30259952 0.64068663 0.4183074 2.5318494 
-0.17786105 -0.03301178 -0.37420714 1.1803577 -0.6346319 
-0.08427797 -1.9452299 0.876255 -0.697093 0.5914265 
-0.59091717 0.61623216 -0.2850277 0.83582586 -1.2347553 
0.12963322 -0.85719043 -0.14571868 0.26227784 0.860404 
1.2298837 0.40656948 -1.1191652 1.6887307 0.37619066 
0.47582003 -0.73811287 0.4590616 0.7005673 -0.9427111 
-0.22032672 -1.3378552 -0.96919084 1.1881382 0.16544783 
-0.8762773 -0.3853223 -0.45508146 -0.30691752 -0.082981296 
-1.0260491 -0.9572866 4.073233 0.31264055 0.21269453 
1.1402729 0.888739 -0.5105088 -0.75867766 -0.03858912 
0.8392344 -1.2301846 -0.96066135 -0.37367362 0.39801064 
0.32751042 -0.1041988 -1.2895077 -1.6838914 0.7332179 
0.81983817 -1.0835811 -0.45377526 -1.0638701 0.5352898 
-0.1605959 0.629113 -0.97642756 1.0726277 -0.09108558 
-2.5231428 0.09082488 -0.78585213 -0.45913503 -1.9236048 
-1.5140228 -0.08065077 -1.225279 0.3094454 -0.20084555 
0.007549592 0.5360729 -0.3283579 -1.2243017 -0.6274048 
-0.09961715 1.1535493 -0.91722196 1.5097582 -0.60861796 
-0.3128974 -0.67297477 -2.320275 0.90173143 0.9435161 
-1.4989909 1.2430797 0.24122678 -1.2881418 0.92546093 
-0.27023205 0.39550984 -1.3300194 0.7196473 -1.5180428 
-0.9141821 0.78019315 -0.06942567 -0.8629242 0.12538058 
0.6428617 -0.45087254 0.6713772 -1.0320872 0.41678897 
-1.2541902 0.089941494 -0.8095568 0.22146317 -0.34886134 
-0.23215732 -1.3856463 -0.13448942 0.6954241 -0.22197741 
-1.2312287 -1.4520644 1.1483344 -0.9263879 0.047669128 
1.1206378 1.0105889 -0.7452961 -1.0554472 -1.1383337 
1.0135126 -1.5342596 -0.19700414 2.0395453 0.07289368 
-2.6536329 -0.79948086 -0.5114101 0.54814565 -0.7733147 
-0.14723495 -0.6396982 -0.9513173 0.09730921 -1.8158116 
0.7241233 -0.048554707 -0.6680005 -1.5590752 -2.5801127 
1.6645104 -0.970878 -0.5242145 1.1504385 3.0377328 
-0.61757445 -0.027803468 0.7454194 1.2678401 -0.36161897 
0.96353453 0.9913986 -1.5000615 -0.09278992 -0.5248421 
-0.09766516 -1.153419 -0.4772647 -0.53101116 -0.3405342 
0.98584735 0.94009274 2.4063442 -0.2801087 0.5893551 
0.70836985 0.25621477 0.43456814 -0.51927465 0.23159508 
-0.7799418 -0.25782594 0.0071165273 -0.33060196 -0.29633293 
0.9268632 0.18679355 -1.1259248 -0.09184881 1.2829149 
-1.064983 -1.5883641 1.6795986 0.6646171 -1.1442652 
0.18421273 -0.18709771 0.81228524 -0.7968799 0.6833318 
-0.046427757 -0.4076235 -2.1262739 -0.42855155 -1.6608958 
-0.012482502 -0.7092115 -0.46696195 0.083098814 1.0341264 
-0.124650545 0.6631053 -1.1334277 0.25192192 -0.38402334 
0.052388817 -0.13775355 -0.29053825 0.27291095 0.64146215 
-0.5379841 0.19231956 -0.5681341 -0.7658377 -2.5272033 
-0.036346648 0.81253093 -0.758616 0.16499466 -0.039779983 
2.9928913 -2.1920097 -0.41600388 -0.26949176 0.37273732 
-0.88198996 1.8102525 -0.31803593 -0.9327303 1.176384 
-1.2666748 -1.9032507 -0.27651027 0.9215557 0.7990005 
1.2771697 -0.25902095 -0.67803043 0.42800012 0.9691909 
-1.5729893 -0.48080385 -0.11429712 0.5461947 -0.31772912 
1.6012883 0.20258941 -0.0029141572 -0.12844984 -0.29202986 
0.19836082 -1.167698 0.73675704 -2.2069016 0.8380188 
-1.9771278 0.58610684 -1.3749892 0.926535 -0.6432043 
0.71153194 0.19738635 0.032842398 0.05376576 0.9995949 
-2.5159147 -0.24737029 -0.55087805 1.2596155 -0.19945517 
0.28150597 -0.8823708 0.49323013 0.21902446 0.5255645 
0.9882856 -0.43848437 -0.9120709 0.6197763 -0.38177532 
0.14009558 -0.46536493 -0.66521746 -0.016809514 0.61637306 
0.1539877 -0.55766326 0.6692084 -0.8998244 0.5071216 
0.090970226 1.5824566 -1.7548538 0.9163193 -0.7433708 
0.4239925 -1.7795792 -0.47315466 0.5957205 1.1900673 
-0.80793697 -1.9311037 0.7159832 -0.16757973 0.8983533 
0.4732244 -2.1617882 -0.75950444 -0.3429993 -0.3476731 
-0.848898 -1.4731414 -0.3323366 -0.23658238 -0.14161703 
0.4345795 1.0668375 0.57108045 0.9170684 0.72152305 
-0.25724977 0.7870809 0.3706274 0.8547506 -1.1738611 
0.002141215 -2.2403903 -0.3260607 0.8862175 -0.39620492 
0.08369707 -2.1192892 -0.8232253 1.3017739 0.69783854 
0.13021006 0.36857188 1.6078542 -1.2566935 -0.18191212 
0.41360268 -0.67656755 0.8123732 -0.109949864 1.8040892 
0.64023787 0.1747123 3.157768 1.0415593 -0.8446834 
1.0085611 0.4486407 -0.26086995 0.5320279 -0.27908576 
0.8248714 -0.017651318 -1.0560553 0.65823436 0.39519584 
-0.8050856 -0.69727415 -2.1990278 0.38593847 1.3933072 
0.24753788 -0.6009945 -2.721678 -0.3920301 0.09502445 
-0.61970174 0.5784036 1.018155 0.88352036 -1.777321 
0.25501904 1.099651 0.39137733 1.4199018 -0.8746309 
0.54349345 -0.8421636 0.19498691 -0.7482783 -0.25193307 
0.67621475 -2.217308 1.6797795 -1.8291813 -1.0064062 
0.6154991 -1.6713613 0.65094715 0.5042659 1.4869049 
1.750403 -0.27740172 0.6859015 1.3054845 -1.4767597 
-0.19931296 -1.0409455 2.1607072 0.056548648 -0.41138813 
0.26508364 0.61808646 -0.48800436 -0.77816457 1.7995894 
2.523175 -1.058942 2.2643158 -1.2237183 -1.955066 
0.84890956 0.6410296 -2.592602 -0.71093446 1.0964457 
0.2781925 -0.10124062 0.3727053 -2.1672335 -0.45906943 
-1.7868359 -0.12381944 -0.21708228 -0.60621876 0.5188581 
-1.4387237 1.2650483 -0.60698456 -1.1102393 -0.4270155 
0.70448595 -0.12588331 -0.4395086 -1.1969783 -0.38473448 
-1.2265921 0.10425087 -0.3637676 -1.4828942 1.0870367 
-1.1325418 1.1697654 1.0415832 -0.09018382 1.1919124 
-0.42622942 0.003640099 2.4470544 1.5131818 -1.0670992 
0.42540812 -1.299973 0.70716095 2.154288 0.5997364 
-0.66938365 -0.73771405 -0.50066555 0.45251116 0.83893585 
0.7338034 -0.09151897 0.4631993 -1.0099351 1.7408606 
0.43929034 -0.4780404 -0.008920612 1.4048017 -1.3165677 
0.5204715 0.78717095 1.7491183 -1.0653889 0.14131942 
-0.37636173 -0.95993865 -1.2327905 -0.55919987 -1.6795511 
-0.65793604 -0.11888717 -1.0449747 0.54234546 0.79238665 
-1.4964713 -0.23922618 0.79988337 -0.093034886 -0.017662272 
-1.840898 1.2369496 -1.3809915 2.4031272 -0.028155375 
-0.4560803 -0.24163587 1.3466947 0.054588005 -0.57559 
0.44766313 -0.33120728 0.48969528 0.8901596 -0.97888047 
0.17101523 -2.7075245 -2.609319 -1.3553636 0.9235641 
-0.73835874 1.2508557 -0.5332361 -0.4595631 1.2767518 
-0.040140677 -1.176714 1.8236555 -0.07892312 0.0496595 
-0.6598059 0.70771706 -1.6163416 -0.17003687 -0.562622 
0.11989594 0.40152055 0.635897 -0.4946488 0.1741409 
0.75380266 -1.0442321 -1.0454004 0.31233543 0.104441844 
0.16102952 1.2675042 -0.4772983 0.5615956 0.13047315 
-1.1262449 1.2092266 0.4875096 0.26722106 -0.22122355 
0.4876285 0.12381546 -0.22101247 0.4375949 -0.26932657 
1.7112113 -1.9216659 0.31244656 1.0544217 -0.5021751 
-0.38776016 -0.1931101 -1.2580402 -1.1004602 -1.0161365 
-0.8994882 -0.00832879 -0.7830803 -1.4152681 0.17189878 
0.94011045 1.9410726 -0.64289546 -0.072792955 1.6679789 
0.23838237 1.4949411 0.3291769 -0.67654127 -0.031211687 
-0.5447424 0.6349833 1.7473332 -0.28891653 -0.5673 
-0.9758181 -1.7371906 0.5899129 -2.1147776 0.43222374 
0.10849146 0.14473523 0.8075597 0.01760121 -0.8667497 
-0.15332396 -0.47473943 1.2257652 -0.3617156 -1.5571011 
-2.1857965 0.6595565 0.8444966 1.0805771 -0.51677954 
0.7926941 -1.1921078 -1.5294042 0.3787805 0.17881423 
1.0026788 2.2272236 0.56652546 -0.23599097 0.43811503 
0.12076499 0.57665366 -0.453133 -2.5436747 -1.0048827 
0.695172 2.1406212 0.570145 0.91803837 -0.751574 
0.68919235 -0.7857828 0.6457986 0.2746335 0.724228 
-0.1412325 0.81638134 0.5873834 -0.052858237 -1.0185798 
-0.7351956 0.62969404 -0.51592726 1.1744395 -1.1783104 
0.6571422 1.2671572 -0.09329739 0.2219503 0.81610507 
-0.54798585 1.8962435 0.92338026 -0.36107427 0.55564064 
1.5771285 -0.5866165 0.8558038 -0.6196704 1.2390496 
0.4415647 1.0895922 -0.3731573 -1.5160636 2.0202413 
-0.14525378 0.23316914 -1.4679813 1.9168053 -0.94408387 
-0.36819696 0.20008042 1.735237 -1.4069521 0.594173 
-0.55023646 -0.9564176 0.0075921263 -0.05860433 0.5551956 
2.8076868 1.3489299 0.82916474 -0.09627302 1.0414267 
-0.28085744 -0.9694435 -0.6434611 -1.7121973 0.93923795 
-0.23231724 -1.5049415 -0.21361402 0.21995644 0.4746569 
0.020277234 0.1515086 -0.9071032 0.5006311 1.025317 
-2.0569432 0.9669351 0.56801116 0.042796113 -0.4922597 
1.361772 0.96751404 -0.8005048 1.1251755 0.6852181 
-0.3732346 1.268521 -0.9621407 0.35342306 1.5516099 
-0.3223088 0.6337364 1.9022987 -0.35553858 0.08134437 
-0.7440237 0.030368127 0.17368408 -0.25277087 0.02555606 
-1.4314011 -2.2534616 0.63286346 -0.8090581 -0.14382812 
-0.5656763 -0.9435766 -0.1286162 0.6001156 -0.85357285 
1.3506416 -0.4772669 -0.51982594 2.1197321 1.1778133 
-0.28506845 -0.93477476 -0.630806 -0.45555046 -0.18356265 
1.3480736 0.5149998 -1.5382957 -1.6550038 1.0534743 
-1.0179412 -0.7362178 0.6789352 2.3805702 -0.4312458 
-0.18562178 -1.2958903 -0.45420796 0.41571653 -0.24372062 
1.4209924 -0.7169397 0.00026095865 -1.1773889 0.25634518 
0.5892152 0.697875 1.3693693 -2.5140097 1.0383837 
-1.147092 -0.7714723 -1.2952191 0.48934934 -3.1042297 
2.397786 0.38271657 1.1277982 0.47419226 -1.6384511 
1.1866369 0.038170595 -0.29731372 0.96220046 -0.5614291 
0.4085768 1.2081242 -0.7138652 0.0672794 1.2108558 
-0.6508757 2.7023778 0.36960852 -1.5546756 1.2157885 
-0.91918045 -0.27102014 -0.05482853 -0.31819078 2.1532695 
-0.9545408 -0.9109463 -1.1482426 -0.22465226 0.8412619 
0.63309056 -2.6673362 -0.70839703 1.0633737 0.54400635 
2.0005946 0.38375527 0.54906464 -0.7675556 0.8816074 
0.2151043 0.41006735 -0.060423825 -1.4914472 -0.16936103 
-0.5494087 -0.24803199 -1.5994672 1.8722234 -1.2336901 
0.70901203 -0.6689156 -0.60461915 -0.44555175 -0.13701385 
-1.4628388 0.49699524 -0.5272472 -0.1334629 -0.30220807 
-1.7357479 -2.4357142 -0.7911589 -0.045873605 -0.5156994 
-0.847259 1.4556345 -1.3953509 -0.8208724 3.047316 
1.779192 -0.0708555 0.9221087 -1.3171986 0.91079575 
-0.9471369 0.9283485 -0.3213966 -0.66600484 0.8486028 
-0.8987808 1.9712782 -0.010179207 0.79641217 -0.32427135 
-0.6482132 -1.0645292 -1.6477119 -0.24979576 -0.6436236 
-0.81279194 -0.03519228 0.23713216 0.06480726 -0.9101093 
-1.3977606 1.7236465 -0.70344925 0.53319454 -0.73985046 
-1.26478 1.1280822 -0.063844755 0.07205807 -0.7873802 
0.45295718 -1.4909687 -0.74420184 -0.6532852 -0.13618737 
-0.35200068 1.1854604 -0.61491567 -0.16382301 0.5687229 
3.3944101 -0.10556645 -0.89612406 -1.1633319 -1.3130977 
0.117617354 -1.4477772 0.61485636 -0.06113413 0.3273508 
0.32740656 -1.5265541 0.2689912 0.16803505 1.4236746 
-0.21181114 1.3319224 1.8499973 -0.8760776 -0.17451245 
-1.1739324 0.033371005 -1.6331608 -1.5071576 -0.80414456 
0.5436613 -0.2087092 0.77933615 -1.3478061 0.0199446 
2.3876195 -1.3568152 1.1029088 -0.9809999 0.26477394 
0.8859121 1.3332583 1.330495 0.7162936 0.31897193 
0.18570045 -0.87125266 0.4149448 -0.99095297 0.59955245 
0.7315618 -1.137845 -0.08036092 -1.3771113 0.79937667 
-0.8700508 2.1555579 -1.6568308 -0.6769024 1.0781006 
-0.05626037 -1.5558481 1.4015225 -0.64520186 -0.046326853 
-0.7494517 -0.09890221 0.053095296 -0.5549543 1.0240552 
1.8973119 -1.0453156 1.3082227 0.33581528 1.4958255 
-1.5980767 0.78764004 0.50650716 0.008904583 -0.095970064 
0.18368329 0.7376685 -0.22361724 -0.95662045 0.5085512 
-0.20811087 -0.099857636 0.17203487 -0.64331186 0.05855169 
-0.2765836 0.14272879 0.005339877 1.3717109 -0.19072992 
-1.2335733 -0.8676735 -1.1276382 -0.1889269 1.714208 
0.08798127 0.13080002 -1.5942566 -0.18457939 -0.94837886 
-1.3870401 -0.5291634 -2.547778 -0.037319962 -0.13720879 
0.14539282 -0.9472665 -1.8996228 -0.7320799 -1.9101878 
-1.2813745 0.27084216 0.41863438 1.1405007 0.3860882 
-0.3916227 -0.11453502 -0.7998843 -0.1504593 0.62119114 
0.3242585 0.9838697 1.1572422 2.6576397 -0.60463214 
2.2772214 -1.5223143 0.92198414 0.2105729 -0.33595645 
-0.8405579 1.6076022 -0.18001646 -1.0318521 -0.20019901 
0.042078964 1.5432199 -1.7103037 0.51509356 1.0887257 
0.631038 -0.26789388 1.131175 1.1505164 1.6316698 
0.33576593 0.57920957 -0.004800087 0.108973384 0.8117905 
-0.09450099 -2.0724933 0.0073337117 0.94671804 -1.9223971 
1.5570345 -1.1703104 -0.25399756 0.23543063 2.171227 
-0.37183616 -0.8151601 1.4078405 0.94549507 -0.875795 
-1.1242487 0.015790328 -0.47480372 0.98052424 -1.6654115 
0.15923642 -0.62883854 1.3513222 0.5739931 1.202316 
-0.09706435 1.563272 0.52024585 0.5535383 0.3366896 
2.4925985 -1.5836179 -1.1227176 -0.23495188 0.9569986 
0.15329854 0.48790827 0.040875055 -0.81702864 0.50777674 
-0.06467962 0.09707842 -1.5446123 0.8439499 0.5683086 
-0.09027474 -0.45573536 0.6426285 1.1009845 0.4005343 
-0.91732 0.98372436 -0.5164047 0.52949524 0.76170933 
-0.37474567 -0.45927894 0.72909546 -0.7905499 -0.6997951 
-1.2929015 -0.93999183 0.83693314 -0.633807 -0.7248313 
-0.17286742 0.61811566 -0.47700554 0.8140801 -0.44620204 
-1.2674806 2.1128676 -0.97336054 0.048116516 1.4008821 
-0.30186385 -0.32708195 -1.140332 1.2889454 -0.13492005 
-1.6124854 -0.09567851 1.688991 -1.2391623 1.2884558 
-0.6869518 0.7831195 -1.2886354 -0.26438254 -0.9950779 
0.7469729 0.6726839 0.09358879 -0.93562204 2.1226332 
0.87102586 -2.3316002 -2.3824542 1.9407003 0.46330833 
-0.7200744 0.8766 0.30534798 -2.500017 -0.8134719 
0.8100669 -0.072307736 0.13351043 1.4323534 0.5894613 
0.24213865 -0.7753129 0.34498397 0.68581563 -0.25189656 
-2.17705 -0.8934483 -0.58211106 -0.5949363 1.3517823 
-0.090787634 0.23563014 -0.75722563 -0.49815482 0.91623676 
-0.13245776 -0.66681415 -0.26786542 0.15025954 0.41291052 
-0.6216182 -2.3630981 1.3976038 0.5387027 -0.93734473 
0.6345159 1.1611989 0.35828003 -0.6595861 -0.07625406 
-0.20179571 0.7632224 -0.045152005 -0.15324661 0.53337705 
-0.6728673 0.34832218 1.2364701 0.50945574 0.14195171 
-0.48873064 -1.0192273 1.592426 -0.5878357 0.34699082 
1.6282966 -0.082986146 0.17301355 -0.5568906 -0.18283059 
0.8910853 0.79603004 -0.18087111 1.552002 1.2017485 
0.31859252 0.6243357 0.25707453 -0.48335657 0.45908704 
-0.0072093448 1.2578524 -2.748273 -0.7938167 -0.8581016 
-0.035153013 0.45024434 -0.1949256 -0.5380615 0.4676786 
0.5209137 1.325838 1.9409276 -0.17007664 0.35945764 
0.16609669 -0.14401242 0.17874257 2.076303 2.5798566 
-0.018106742 -0.7043628 2.2540913 1.9801365 0.025410224 
-0.553559 -0.11539627 1.6193284 -2.2060902 -0.96247935 
-0.9472827 0.8481443 0.5586076 0.09435091 0.78741986 
-0.36966488 -0.25191978 1.1742649 -1.0359215 0.96262956 
0.87577456 -1.5197831 -0.755468 -0.07021064 -0.11772647 
0.6895593 -0.6304506 1.4729482 -0.8555939 0.7226024 
-0.8903228 -0.15798043 -0.644644 1.1935103 0.20387268 
0.08262701 -1.0672207 -0.060744543 0.6601458 0.3102386 
0.6727044 -0.40156215 0.9162321 -0.53532624 -0.68476176 
-0.05656775 -1.5018933 -1.3568624 -0.41596735 0.41021657 
0.69478106 -0.59658104 0.8562369 0.6876221 -0.41412288 
-1.1119381 1.767633 0.7136817 1.026581 -0.45462626 
0.8938628 -2.1440399 0.8261802 1.7475529 -0.7044414 
1.267754 0.25423962 0.6953636 0.5106795 -0.43773875 
1.5118109 -1.5394676 0.46851444 -1.8515455 -0.89859843 
-0.9931118 0.055573437 0.68427396 0.4611148 -0.033820115 
-1.9484713 -1.6234714 1.4179784 0.2666121 0.5398626 
0.7074577 -0.31287238 -0.7123446 0.5573977 -0.28720757 
-0.6300111 0.2630957 -1.3986092 -0.6925298 -0.63556117 
1.1756294 -1.0918843 0.9040638 -0.20860125 0.25295046 
-0.35978407 0.76142997 1.5806397 -0.66076005 0.00837399 
1.289488 -0.009865086 -1.3866867 0.5519884 0.24979149 
-0.24296854 1.3180056 1.770789 0.3718783 0.50199 
2.3116555 0.15631726 0.7682868 1.6134046 -1.8877124 
-0.44213 -0.6654048 -0.81168145 -0.5097474 -1.197647 
0.9224744 -1.1866373 1.8248087 0.37963995 0.16077057 
-0.51485467 -0.9949934 0.7675256 -0.31544438 0.95983046 
0.019924266 -0.99782324 -0.23860337 0.1150317 0.64608157 
-0.59119064 1.4924245 -1.6351806 0.6096044 0.15967882 
0.122312546 -2.0729496 -0.26007915 1.0004811 1.3671134 
-0.48940867 -0.48923793 -0.8230617 0.077070184 0.28970262 
0.57005316 0.614746 -0.6518665 -1.2729799 0.120447226 
1.8145673 -0.37681827 -1.0436678 0.12928991 -0.52502376 
-0.2911413 0.91440094 0.48574215 -0.010404981 0.69110066 
0.44943216 -0.7613228 -0.74337405 -0.96786106 -1.0105475 
-1.7868451 -1.1746964 -2.8348265 -0.6490243 -1.8328142 
0.6245051 2.0717149 -0.6163674 0.65077144 0.0042919028 
1.4521168 -1.0589817 0.98424286 -1.5244924 -0.42394876 
0.7190793 0.006324965 1.6154794 -0.20256416 -0.21898052 
1.3557237 0.20356762 -0.7029112 -0.904435 0.17802247 
-0.7139795 1.6863909 -1.1494703 -0.23911822 -1.227024 
0.28483322 -0.043601464 1.1121286 1.1212738 1.8433498 
-0.29115328 -0.62768173 0.0021759237 1.8766468 0.35375455 
0.8856859 0.42451686 -0.78549576 2.51797 -0.729102 
-0.8615147 -0.28962758 0.33710626 -0.6165871 1.7869759 
0.3931617 0.21302696 -0.55538756 -0.30137235 -0.8259433 
0.5518928 -0.93239266 0.7197222 1.3034395 -1.2364048 
1.6848654 -1.1687789 -1.1597133 1.4913814 -0.53440994 
0.41943234 0.34926406 -0.44160724 0.76724124 -1.8564008 
2.0159218 -1.0306762 1.4995338 0.8624558 -1.096103 
-0.055788316 0.6016139 -0.7109052 -1.9448367 0.29342464 
0.09967665 0.41354626 0.6819163 0.8652361 -1.6377703 
0.006178474 1.5711937 -0.9672712 0.5743425 -0.0040561557 
-0.7198234 1.5394684 0.10636782 1.6241395 -0.54902977 
-0.038820636 -0.7245028 -1.259933 -0.081300534 0.24558096 
-1.4286163 -1.5721452 -0.048212804 0.48806933 -0.93935746 
-0.33605325 0.34173667 -0.4006463 -0.79080653 0.92954725 
0.4742722 -0.18871331 1.2558445 -2.389424 -1.5295537 
1.7864265 0.52693343 -0.7561511 -0.79269195 2.107901 
0.2853033 -0.21610391 -0.6227376 1.0891466 -0.8214954 
0.6670965 0.31569535 -0.26557052 -0.0028278385 -1.066818 
1.170568 1.639909 -0.80208886 2.097741 0.31782484 
0.021037024 -0.7938887 -0.18390664 1.1326119 -0.21788278 
-1.1330098 -1.7636971 -1.160518 2.0461864 -0.14429888 
2.0286343 -2.2102396 -1.8167019 -0.67149675 1.1787031 
1.6337612 0.015653292 -0.8484333 0.5391187 1.466862 
-0.84461015 -0.4770894 -0.48235777 1.8803685 1.4051986 
0.0058309226 -1.0899371 0.6928822 -1.1649046 -0.21342337 
0.24680547 1.1609885 0.33819598 0.5173386 -0.16522788 
0.0198886 -0.09610425 0.1734288 0.89373106 -2.0894666 
0.85918945 0.52921987 0.9147105 -0.83295465 0.062098585 
-0.4550499 0.1833902 0.67831963 0.008290413 -0.5662905 
0.0718162 -0.21407695 0.12346924 -0.30698985 -0.36399275 
-0.4429734 1.1542698 0.31098628 -1.3117654 -1.3304498 
-0.12621027 0.82682484 2.70005 1.369978 0.55602026 
-0.3386821 1.3774853 -0.3078553 2.2985446 0.48185882 
-2.107798 -0.66705376 -1.0111588 -1.9902177 0.00020164296 
0.4279987 -0.4769764 0.27191135 -0.51985157 1.2071195 
-0.182638 -0.4799293 1.1243892 0.46007097 -0.5624001 
3.309326 1.3300776 -0.16234846 0.19586717 1.5102235 
-1.2954202 0.114484906 -0.3342509 0.06739628 -0.77081835 
-1.8649482 -1.7558671 0.84275705 -0.19512844 0.8143989 
-1.3606163 1.1005694 0.54940003 -0.118982404 -2.2492936 
0.7343849 -0.25171766 -0.55019134 -0.8836494 0.11665336 
-0.43799433 0.045545604 -0.24035312 0.68773025 0.4418739 
-0.22523326 -0.300032 -1.476404 1.9794195 1.4329113 
-1.0460865 0.584281 1.6322854 1.0326693 0.336848 
0.25232235 -0.3313438 -0.54105616 -0.5033159 -0.4795323 
0.0068700523 -0.4169882 -0.37885296 -0.09519391 0.5048929 
-0.022510093 -0.11404421 1.3287284 -0.9216552 0.24395443 
-0.19382496 0.09948203 -0.10461465 1.0393419 0.124458425 
-0.8161761 -1.9641072 -2.1307006 -0.36286846 1.1300782 
-2.349714 -1.8040979 -0.77867305 0.020390537 1.1257945 
-0.060188457 0.7189086 1.1325052 -0.00059694296 -0.6010898 
-0.28777468 2.196117 -1.0515988 -0.6941532 -0.48028937 
-2.840939 -0.10294765 -1.3730681 -1.3201276 -1.8492733 
0.09648715 0.38230553 0.82610685 -0.28987408 -0.028733747 
-0.3786983 -0.40511775 0.4893904 -0.66301787 0.23262024 
-0.55273587 -0.36084506 1.0206558 -0.6503178 -0.55280375 
-1.312062 -2.6796522 -0.70477545 0.66634524 -0.13349769 
-0.005149943 1.7767452 -0.5105766 -1.1232493 0.4220188 
0.2870765 -0.47290426 -1.2719704 -0.059047125 0.4159021 
0.7503769 -0.13380565 1.10787 0.70746756 0.28016 
0.16961512 0.27748284 -0.50426126 0.9497112 0.6291531 
0.092673205 2.0489297 0.4370688 -0.14427656 -0.5514647 
0.8745827 -0.08481295 0.397325 -1.006837 -1.1159897 
-0.04308718 0.73343223 0.6888805 -0.35166037 1.2410355 
-1.0955353 0.07760977 2.1764314 -0.42992786 0.77150184 
-1.4908041 -0.3177901 1.2020702 0.47782093 -0.8796244 
0.16696294 -0.080176756 1.1261617 0.1643302 0.42209592 
-1.7034512 0.23254678 -0.36282277 -0.3880445 -0.9089192 
0.27086213 2.155761 2.1532629 -0.464206 0.4195445 
1.0897096 2.0137386 1.2836868 0.058939863 0.9538392 
-1.096711 0.9268931 -0.5157418 -0.8409326 1.1221083 
-1.1402247 1.6590906 1.0288627 0.14428793 1.5154327 
-0.4622449 -0.43256173 -0.4803615 -0.88219297 1.0037075 
-3.0564194 0.3930917 0.74715865 -0.15992267 0.20796184 
-1.3549137 0.47357795 0.7430244 -0.2938072 0.51157075 
-0.77505463 -0.46836805 -0.094207615 -0.62685394 -1.8090125 
-0.13199024 0.94568026 -1.6910883 0.8301529 0.40387797 
-0.03498376 0.5315069 1.4709972 -0.05991461 0.008302329 
-0.8751607 0.14405937 0.60801935 -0.87566656 0.1874748 
-0.34873492 -0.66559446 1.3990383 1.1734388 0.870954 
0.1329131 -0.048276294 1.0341055 -0.46026996 0.17660496 
-0.660255 0.56401753 -0.6683574 -0.073037125 -0.5206269 
-0.4196529 -0.36589456 1.0324179 0.7145608 -1.1921366 
-0.4134947 0.28835794 -1.4449733 -0.33597988 -1.8396065 
-0.30973044 0.115948796 -1.7663646 0.5824628 -0.56226426 
-0.6492009 -1.3279395 0.82762456 2.1371841 0.28776863 
1.0984904 -0.26761115 1.4337966 1.8318342 -0.26750895 
1.1177317 1.8569251 0.70886815 0.636973 -0.23123619 
-0.27867994 -1.052467 2.2795944 -0.27751863 -0.073076785 
1.2727969 1.9018548 0.16323328 0.14730346 -0.6040604 
-0.66573817 0.19102027 1.825963 -0.038088154 -1.0799494 
-2.0827947 -0.78679925 0.2678876 -1.4344145 0.45246878 
-1.0424933 -1.5187471 -1.1004424 2.051548 -0.18590027 
0.633481 0.4009035 0.6811073 -0.78327817 -1.4817749 
-0.99319667 -0.3082982 -0.5109555 -1.4631499 -0.5915766 
-0.419749 1.6268868 -0.89514214 -2.1989312 2.0891037 
1.1048672 1.2720752 -0.2096942 -0.6652097 -1.835751 
-0.3972268 0.17735451 0.7095235 -1.7488275 -3.0285463 
-0.6667679 -0.16634661 1.220034 -1.0638674 -0.4290147 
-0.90075046 -0.69626534 0.14310351 -1.0945777 -0.65269375 
-0.5972075 -0.65820634 -0.6374236 0.42801297 0.7929983 
0.10623156 0.7792908 1.668141 -0.91596925 1.519132 
0.83306533 0.03467024 0.26402766 -0.10500924 -1.2796333 
0.55983895 -0.26318175 -0.07368411 -0.21913537 -1.8607411 
0.372695 0.23981792 -0.52708083 0.103026025 0.1338827 
0.5813788 -1.0858616 -0.16441299 1.2934133 -0.9406246 
-1.1017435 1.4595296 -0.36791995 0.04850088 0.66355973 
-0.69392127 1.013647 -2.2640936 -0.9390407 1.0145756 
-1.0424134 -1.3233517 0.9277232 0.1913531 -0.8169065 
-0.52493954 0.99778587 -1.2696434 1.291228 1.2834834 
0.28392205 0.16243277 1.1715075 -0.115203135 0.19604197 
1.6629988 -0.7746454 -0.16024548 0.41234195 2.3735533 
0.6056887 0.971407 -0.12970462 0.97056025 0.838542 
0.64769673 0.2594622 0.9807098 0.7162221 0.7143141 
1.5749419 -0.29553303 -0.4655974 -0.32939503 1.3676962 
-1.3455998 0.95633155 -0.81092614 -0.2779801 1.8981811 
-1.531013 0.34078577 -1.0860468 0.3152071 0.016846003 
-0.19298321 -1.7693368 -0.24765623 1.191298 -0.52733225 
0.08738306 0.58814013 -0.35138816 0.4352489 0.1711399 
-0.55920607 0.44887277 -0.35065535 -0.53421956 0.2499285 
0.634637 -0.8733966 -0.8976391 0.47312516 -0.12686417 
-1.0236284 -0.08286954 0.6228004 -0.5663658 0.90240616 
0.81339353 -0.21785463 0.62862307 -0.22860499 1.570809 
0.99375165 0.0648638 1.102892 0.69133514 -0.752285 
-3.5106683 -2.0208228 0.32821143 -1.7351683 -0.12106886 
-0.87430125 -0.8371547 0.23825273 -0.15139194 -0.26470947 
-0.11396563 -0.8959406 -0.70742446 0.36039275 -0.23397632 
0.6606724 -2.1439254 0.8700794 0.68684286 -0.47652912 
-0.6016974 0.4069539 1.1388685 0.7155203 -0.96382284 
-1.8692877 0.6848948 -0.49988607 0.8802838 0.025026184 
-0.6101728 0.76796556 -0.115298174 0.4850185 0.080492154 
0.22725256 2.6514697 1.8917239 0.1138413 -0.3630786 
0.820176 -1.432328 0.7244486 0.3207983 -0.96761894 
-1.0066451 -0.76473665 0.9528186 -0.40872568 -0.58580136 
-0.69123274 0.17516097 0.76093096 1.9341091 -0.3206349 
-2.7596214 -0.77653 0.25018707 -1.1380779 0.15013681 
2.0623033 0.37942082 -0.7556925 -1.2538284 -1.5064723 
0.34417924 0.95730704 -1.0521855 -1.0998462 -0.11355716 
-0.6613906 0.081079856 -1.7650206 0.51663953 0.8571245 
-0.5406492 1.4457264 -0.7844541 -0.84887564 -0.11938964 
-0.62023544 0.41951627 1.2928791 0.06440738 -0.15880911 
0.3248941 -1.0218524 0.566161 -0.95227224 -0.7951915 
-1.42619 -0.76457834 0.46501473 -0.1501714 -0.9776454 
0.5680962 -1.4178184 0.065580234 0.2160405 -0.9442573 
1.1769097 -0.058560733 -0.009136935 0.89469403 0.007308075 
-0.037979238 -0.17993249 0.977479 -0.7410865 1.9873189 
-0.79000944 0.89150304 -0.93332845 -1.0782485 -0.9803435 
-0.7587486 1.1872056 0.49030736 -0.55686706 -0.056470126 
-0.6835732 1.0021427 -0.042460125 -1.4685158 2.82428 
0.56609166 0.10145755 -0.37201634 0.50376326 -0.4076592 
0.36114886 0.83955026 1.3194038 -1.0428827 0.19776526 
-0.15828973 1.5390904 0.6415985 0.628295 -0.26134118 
-0.259125 0.47903734 1.1735524 -1.2238777 -0.72617257 
-0.14615536 2.1090388 1.0135564 -0.04257491 0.5778502 
-0.23499596 -1.3927541 0.6053783 -0.9091925 -0.31368387 
-0.120855436 -0.80815536 0.04968351 1.9136893 1.8820041 
-0.29325548 0.17861521 2.1250503 -0.46495947 -1.9797847 
-2.1790962 -1.5592222 2.067907 -0.285575 -0.8463036 
-0.33679917 0.19874725 0.25010055 -0.67280424 2.2519028 
0.77493584 -1.8066221 0.49069068 1.0651326 0.037710607 
-1.06938 1.5147524 -0.6045146 1.3215438 -1.8033134 
-0.86248225 1.8909851 -1.0407983 1.241211 -1.8940145 
0.8224148 0.76059633 1.0085034 -0.811567 1.2162559 
1.438779 1.4792509 -1.158117 0.14170258 1.5206361 
0.2662553 -0.18187049 -1.2949941 -0.49635836 0.9686286 
-0.45271093 -0.5897293 0.3028121 1.2773883 -0.5862485 
-0.70934033 1.6826174 -1.3329614 -0.50182056 0.3507647 
-0.94182765 1.4315168 0.54821 0.41423202 0.6334864 
0.72825044 1.7188381 0.5506813 0.98573047 1.7541782 
0.16014309 1.2338692 1.23945 0.27694336 -0.4007804 
0.22766021 1.0895462 -0.11256402 -0.30629465 -1.2434468 
0.83837706 -0.4018026 0.26107433 0.6178076 -0.5292799 
-0.28739387 0.005182622 -0.23828694 -0.038341325 -1.0390284 
0.26448807 -0.15284315 -0.60444283 1.9422622 0.6357408 
0.7352181 0.8815106 -0.34739318 -0.5509622 0.16092843 
-0.48928198 1.2548662 0.09383162 1.2877008 -0.726059 
-0.09352265 1.5213276 -1.5266237 1.1003398 1.530001 
0.1525169 1.6419421 1.7517579 -1.8805052 0.6084335 
0.39656594 -1.230261 -0.49772137 0.2997504 0.29177567 
1.0925252 -0.58116794 0.46386567 -0.9952307 0.62722874 
-2.258188 -0.47068852 0.71778554 -1.605885 -1.1613852 
0.83208364 -0.6397593 0.24526487 1.5780351 1.4548851 
-0.7887052 -0.9204629 0.03524201 0.73513407 0.30111024 
-0.3116166 -0.42179173 -0.751022 -1.9008216 -0.43306193 
1.6144398 -0.76323915 -0.5755908 0.5122982 1.957051 
-0.47356114 -0.45792574 0.31912047 0.17392148 -0.18995284 
-0.19815107 0.40924692 -0.5522179 0.41540998 -0.7893347 
1.0147457 -0.8985019 -0.4112107 -0.4495647 0.8395864 
-0.5767436 -0.5065153 1.8379931 -0.50668025 -0.74371886 
-0.6908466 -1.035467 0.14455011 0.3543105 -0.006428967 
1.9391893 1.180843 0.45989847 -0.20791142 0.49077788 
-0.3239687 0.24478574 0.4608979 -0.058318216 0.58818316 
0.80175394 -0.15488355 -0.18772931 1.3060272 -1.5682305 
-1.3328403 -1.6029378 0.98470867 2.2187123 0.55294347 
1.0279027 0.4821668 0.94865924 -0.019549087 0.5734841 
0.004474497 0.12594038 0.9549858 -0.50415534 -0.11666325 
0.31758273 -0.59609514 0.07116278 -0.16467676 0.12051529 
-2.22029 1.7918926 2.0746393 -0.35050225 -1.7639406 
-0.43352 0.07984211 -0.6995538 -0.62583005 -0.6794523 
-0.47608057 -0.37013477 0.411981 -3.2251449 -2.3489401 
1.7331883 0.05017268 0.97152597 -1.3581073 0.1984007 
-2.003346 0.5925564 0.5735696 -0.33333912 -0.09614118 
-0.25024486 0.6857932 -1.0533026 0.7935001 1.0031713 
0.086841665 0.42505476 -0.2600645 -1.2572248 -0.6219111 
-0.272057 1.5371987 0.8609899 0.54642737 0.40562496 
0.30602166 0.65615934 0.7986795 -0.60873985 -1.2361354 
-2.857688 -0.4514291 0.92301273 1.703585 -1.9644055 
0.357462 -0.34019527 -0.36777696 1.3296949 -0.6998125 
1.1686445 -0.07355476 -2.1875176 0.16795303 1.7205667 
-0.9901434 2.2682369 0.25408247 -0.029756334 0.30252764 
1.4164467 0.2820182 1.7223825 0.28729048 -0.88294977 
1.0191268 -0.8283462 0.41439778 1.6931262 0.8138835 
-1.2844809 0.654122 -0.059280887 1.3796964 0.6645601 
0.0063608172 0.35887593 -1.8179862 -1.4604063 -1.9042319 
0.5197848 0.61855507 1.6207218 -0.069546655 0.20413654 
-0.4430802 -0.015276518 1.26392 -0.19069721 0.94771945 
-0.26004905 -0.88629174 -0.31399265 -0.8527332 -0.39563778 
0.029186891 -1.2542225 -1.5059533 -0.26693383 -0.42461127 
-0.8702942 -1.4422485 0.59974915 -0.39002943 1.0982782 
-0.6948275 -0.7059494 1.6442008 -0.3313711 -0.3799212 
-0.72043663 -0.92402446 -0.74354815 0.50124055 0.11678401 
1.3080555 -0.4401543 -1.045619 -1.3765732 0.6402965 
-0.5786324 -0.8349815 -1.4305476 -0.42660588 -0.14217012 
-0.2258602 -1.3684515 -0.46974587 -0.14898287 -1.7489756 
0.38487267 0.67611563 -1.1783946 0.41348752 1.5885915 
-0.08037715 0.40403306 1.6926368 -0.1562386 2.1614797 
-0.08075976 -2.05045 0.31554815 0.6519306 -1.0888122 
1.5734468 0.41964737 0.34678748 1.0458703 1.4386747 
0.37466663 -1.5599931 -0.3500826 -0.13939878 -0.5316368 
1.063977 1.384467 0.09108275 -1.0893931 1.0738083 
-0.45925534 0.8402218 1.4519461 0.41951725 -2.375734 
-1.5317525 -0.89979136 -0.8239042 -0.9822113 0.8911511 
0.73423314 0.41587582 -0.79532945 0.965897 0.34770307 
-0.16281277 -0.5222733 0.6663027 -0.44771355 -0.16230337 
-0.0459661 0.29668936 -0.7653372 -0.640593 -0.5250548 
0.9222833 -0.280754 -1.1836119 -0.68576187 -1.2906711 
0.46788973 -0.80832344 -0.795061 0.87954843 -0.5966387 
-0.033760414 -0.81756157 -1.3908577 -0.044884544 0.36167377 
-0.34133953 -0.44225177 -1.9691819 0.42068645 0.1913658 
-1.7040371 -0.09169583 -0.70953524 -0.19859882 1.3931829 
-0.31422776 0.12783249 0.4009169 0.43394837 -1.3496603 
-0.15363106 -1.431073 0.6929458 1.4353515 -0.5468358 
0.93776536 -0.16585349 -0.52249116 0.1227493 -0.46088982 
1.4961243 1.3997378 0.31465995 -0.42808968 1.3158165 
1.8192768 -0.8644376 1.0969198 -1.0783224 0.71203774 
0.16796942 -0.004962196 -0.36474812 1.3676777 -2.7450728 
-0.20703161 0.03716694 -1.526505 -0.21846373 0.52593786 
-0.8126948 0.18133911 -1.8640423 -0.46750724 1.0801384 
-0.20481235 0.89249724 0.48199895 -1.508331 -0.52817637 
0.8026998 1.7635666 1.4418017 -0.57560515 0.34009197 
-3.4081254 1.1784825 0.6980269 -0.4704554 -0.6843152 
0.5088145 -0.035088174 1.4130667 1.6816154 0.436901 
-0.22003934 0.37313554 0.62034005 -1.4499741 -0.5626021 
0.62395686 0.04735628 -0.7527736 0.9151689 -0.07140918 
0.78175485 1.0651598 0.26199695 -1.2078996 -0.75901175 
0.6477344 -1.4788238 -0.95766795 0.8821964 -0.3778073 
0.28299263 0.6352739 1.2971563 1.1460369 -0.7825436 
-0.10650923 -0.8165624 -0.2968853 1.5203153 1.8471202 
1.5115215 0.32960415 -0.015301624 -1.246461 0.32171005 
-0.0015295297 -0.22205363 1.5270531 -0.6283534 0.3791747 
0.42597282 0.52377105 0.89912766 1.5108093 0.25109676 
-0.67086136 -1.2568932 0.25606862 0.34913272 -0.07607655 
-1.2254472 0.8813697 1.6687567 -0.124915384 -0.6453107 
0.58787984 1.791432 0.29854056 0.88738644 -0.6181225 
-0.94423056 -0.46510762 -0.5666384 0.43072206 -0.3840451 
-1.2774457 -0.45395413 -1.4138726 -0.29407752 1.3054733 
-0.11420584 0.047389373 -1.7698328 0.32754162 1.2722454 
1.0442005 1.2678939 -0.557931 -0.8268919 0.6395601 
-0.90551853 -0.37822065 0.5664394 -0.773281 1.3094641 
0.039747518 -0.46063945 -0.4483287 -1.1949893 -0.8636342 
-0.5706362 -0.97659665 -0.48400208 -0.26713404 0.71076113 
0.4123958 0.5131306 0.048829008 1.1096749 -0.7284908 
-0.99706703 0.69317734 2.472158 1.6305888 0.523223 
0.93660843 -0.021950794 0.15752816 -0.42595226 1.0371548 
1.595565 0.73313665 0.806509 -0.3307937 -0.32999828 
-0.3632313 -0.030900393 -0.34146985 0.17947428 0.2795955 
-1.1702231 -1.0514296 -0.03363822 -0.89977276 0.48944828 
0.16235785 0.44202867 2.6481705 -1.6870629 0.47859815 
0.4111745 -0.90703404 1.6497116 -1.04729 -0.089368485 
-1.1040006 -0.7642573 1.0927333 0.65282494 0.55795276 
-1.2497761 -0.22766303 1.5076482 2.232236 -1.1349062 
-0.28515017 1.044096 0.5724187 1.286502 1.664114 
0.8756953 0.20336202 -1.0088993 -1.2029063 0.41584608 
-0.27520975 -2.878004 -1.5223682 -0.80797315 -0.73135644 
-0.7545369 -0.76808566 1.3249573 0.35177717 -2.1470528 
1.7682703 0.42592254 2.892166 -1.0028629 1.0131909 
-0.9771545 -0.54971725 -0.34300432 0.32335016 0.8147462 
2.1610265 -0.56837624 0.8686341 -0.9240508 1.6762426 
0.17865822 0.7638538 -0.080946036 -0.44951063 -0.8217103 
1.9226911 0.99557036 -0.10817952 0.4127381 1.1693428 
0.3454675 1.1331543 0.05915205 -0.5903873 -0.16549462 
-0.6521711 1.229411 0.76370496 1.3402796 1.991047 
0.61117655 0.5995381 1.0690593 1.8607954 -1.5327402 
2.158783 1.5733525 0.17911594 -0.24018084 1.6593736 
-0.2410826 -0.50717056 0.42629114 0.14228821 0.81824785 
-1.2609054 -0.34093425 -0.819249 0.3052208 2.1536245 
-1.356076 -3.244519 -1.5773466 1.3921021 -1.078478 
0.24114668 1.0444138 0.2305396 -1.2759285 2.4420211 
-0.044509012 -1.4713342 0.20119306 -1.1643082 -1.3879012 
-2.1472936 1.058232 -1.6047912 0.57785743 -0.6691446 
0.2866412 0.35954142 0.67352694 -1.9716953 -0.9403358 
0.79131293 1.2637604 0.9849213 0.9942622 -0.37019867 
-1.6983668 -1.4771067 -1.4802369 2.1018274 -0.06283152 
-0.10769926 -0.81349266 0.08044268 -0.5895915 0.28716248 
-0.18874347 0.3642506 0.22475341 -0.06499363 0.22926998 
1.0977471 -1.47065 -1.7001787 -0.45246428 0.08402911 
0.28316253 0.8125424 -0.9726398 -0.17420064 0.061254445 
-0.7640781 -0.43508753 -0.7345521 0.1532304 0.84325683 
0.23058993 -0.6421506 -0.9713555 1.9585471 -0.21310547 
0.9953775 0.23712876 0.42840165 -0.9303761 0.0075538275 
-0.3018021 -1.1842993 -0.851021 -0.5265956 -0.69445276 
0.3092312 -0.79775554 1.2504207 0.12978165 0.78521657 
-0.8036781 -0.49400628 -0.31059217 -1.8608305 0.63140917 
-0.421875 -0.15888803 1.2450805 2.064488 0.104894266 
0.43376 -0.9110476 -0.23782128 -0.04082759 0.7512872 
-1.055337 -0.35095343 0.0545009 -1.3307519 0.018186785 
1.2074363 -1.9864032 -0.6424972 1.7385757 -0.40474936 
0.4122869 1.0714084 0.6403582 1.1061646 0.29567578 
-0.24021603 -0.9734348 -2.325605 -0.950205 -1.4778726 
-0.9987089 1.8303462 0.543881 -1.5135728 -0.1824123 
-0.50300014 -2.3024309 2.0434678 1.1971995 1.512569 
1.4437337 0.65899837 -0.002197412 0.34191787 -1.4391257 
1.7874004 0.35880926 -1.2334235 -0.80848557 0.3741457 
-0.54361016 -0.15602015 -1.212971 1.1479377 0.27651578 
0.10315145 0.33669987 -0.106086306 0.02930253 -1.2220848 
-0.9926022 -2.0345788 0.029503422 0.069176845 -1.133084 
2.882065 0.16422087 0.79927284 -0.5605676 0.29977432 
-1.4241298 0.61782736 -0.009382911 0.73163456 2.5340755 
-0.53250694 -1.3364683 0.7877223 0.5597905 1.1192092 
-0.23072302 0.76128 -1.1470913 0.7326819 0.15756662 
-1.1357864 -1.5476528 0.13571961 0.23942982 0.058096368 
-0.2007282 -0.87668717 1.3403296 -2.8373468 -0.5813065 
1.5225735 -0.11571087 -0.4177737 2.2444587 -0.24202251 
-0.88572824 0.10867297 -0.080236696 1.0614669 1.7232664 
1.3499314 1.6624942 -1.6530967 0.17908306 0.06588424 
-0.2653777 -0.92071164 0.4285718 1.4957025 0.59908086 
0.6027085 -0.19939803 -0.5530454 0.6628072 0.33520928 
-1.1294429 0.5565753 1.247411 -0.5508657 0.16978931 
0.84713346 -1.7956283 0.572294 -0.98666847 -1.7990516 
0.6917152 -0.9131996 -1.505261 0.65545547 0.45622098 
1.1404079 -1.2307831 -0.077750735 0.86222595 -0.8684339 
-0.029998414 -0.6103142 -0.1800563 0.7584291 -0.8896868 
-0.79730177 -0.301167 -0.6720199 -1.502533 -0.6627238 
-2.6515932 1.1421837 -0.7849204 -0.491333 0.09368571 
0.22634512 -0.15826671 0.281532 -1.1887995 -1.7289077 
0.23214725 -0.55279946 -0.8631693 -0.80449224 -1.8339589 
-0.9480831 -0.03864511 -1.3338892 -0.044738006 0.54007715 
-0.526785 1.4602604 0.38202372 0.5143268 -0.53653616 
-0.2894323 -0.60766274 -0.51679635 0.61487186 1.9037834 
-0.7737812 1.3139703 -1.0354816 1.4049064 0.5927179 
-1.0686096 0.88533026 -0.77673113 -0.017915677 0.2697369 
1.2535548 -1.9743148 -1.4199114 1.2690696 -1.2051314 
0.35720912 0.73966765 -0.21372989 -0.7387872 -1.6149858 
0.6108389 -1.1954403 0.28804109 0.89939445 1.7964944 
0.96291554 0.43454564 0.6971811 0.023189612 -1.280367 
0.8992197 0.33256763 0.6740977 0.7265317 -0.5271926 
0.47043207 -0.2786615 -0.8403769 -0.38735062 0.2909751 
0.26854566 0.21155609 0.59967333 0.424298 -2.1520972 
1.7511231 0.7037308 -1.7323146 -0.70127076 -0.8231184 
-0.19516557 -0.75616676 1.2552407 0.95316815 -0.80567807 
0.10379274 0.23065823 -0.33476046 -0.79439497 0.8466457 
-0.21304035 0.57643574 -0.5992553 -1.304096 1.9766968 
0.50328594 0.5725511 -1.419339 0.42560026 -1.0199172 
-0.46652398 -0.14395928 -0.044486072 1.7479585 0.19158569 
0.493583 0.6746116 0.8804092 1.0751959 -0.14978246 
0.54995286 1.1618499 0.22844954 0.26124454 0.56639355 
2.0590255 -0.037583183 -0.66857153 -0.32682884 0.51614743 
-1.4497069 -1.1328992 0.85291106 0.6782462 -0.8286406 
-0.33203125 1.2344129 -0.35701108 2.1481025 1.4002595 
-0.6343838 -1.5934542 -0.81464624 1.5956248 -0.35366952 
0.85706973 -0.5078097 0.14764193 0.3737575 -0.6713642 
-1.3227972 0.49202576 0.9932322 -0.054280795 0.14482403 
0.7433948 -0.118397936 1.1186076 0.42995647 -0.5072977 
1.6150713 -0.4966716 0.17869146 1.3092064 1.0934364 
0.9785596 -1.6260781 -1.9720724 0.119798906 -0.20501453 
-1.6648631 -0.09114602 -0.37417838 -0.19015999 0.4603645 
0.48375502 -0.77809024 0.39772058 -0.1833266 -1.6271852 
0.088473134 -0.43025574 -1.5576663 -0.23527707 -0.069592796 
0.47358128 -0.15312706 -0.6431245 -1.4532157 -0.3853704 
-0.56153274 0.3475966 1.3675433 1.4395808 1.5830184 
-2.1544173 0.6649503 1.1427491 0.87781984 0.3651426 
0.4684218 -1.122221 1.2725524 0.7734853 -1.1151148 
-0.53745013 -0.17295672 0.47715935 0.6939609 0.477187 
-0.11934143 0.24887304 0.16752039 -0.027691467 -0.7220544 
2.2911153 -0.35892028 -0.30960116 -1.3324475 0.4947063 
0.5240314 -0.50717336 1.8821008 -0.5760716 -0.62057984 
-0.053212643 -0.28438336 -0.18266909 0.12941733 2.1357992 
-0.21286032 -1.3480058 0.18686311 1.2556978 -1.1199456 
-0.4544009 2.3905747 1.4231131 -1.2923956 1.0321428 
-0.024131872 0.8745106 -0.9419466 0.83219117 -0.87668425 
0.93167204 0.5240167 1.5428783 1.1991618 0.73725337 
-2.0460484 -0.70282096 0.21885687 0.9999453 0.3479606 
-0.2783984 1.3357111 1.7172636 0.373882 -0.5731694 
1.2285038 0.12549452 0.49610475 0.51324075 1.2553039 
0.8040037 0.56789875 0.4369836 1.1732105 -0.5851181 
1.0438051 -0.7107451 0.12874171 -0.4441431 1.0015737 
0.12139354 -0.6678538 1.3548163 1.3344212 0.77459496 
0.75300777 2.4525645 -0.57743365 0.19296268 0.91255397 
-0.9130928 -0.90660685 -0.11622289 -1.9724947 1.0897682 
0.99368685 1.0531958 -0.4286832 0.090845466 -1.453729 
-1.3581556 -0.035475206 -0.5500992 0.33789766 0.8913035 
-0.02727335 -3.099879 0.22769655 -0.07699184 1.6096821 
2.1685646 0.6134117 -0.35080022 0.23770677 -1.2411581 
0.93994695 0.18355009 1.2032359 0.4305033 -0.3829839 
-1.4570006 -0.2507792 1.2611238 -1.3352793 1.1855303 
-1.2604681 -0.7829584 -0.43618354 0.5519934 0.13351978 
1.1829388 -1.9973938 0.124630876 -0.4273058 -0.6117314 
1.0788952 1.1917077 1.6519828 0.5517645 0.6089439 
-1.2225789 -1.0443004 -0.7496611 -3.0190127 0.9790261 
-0.79023194 0.10585224 -1.4491438 0.6945866 -0.2174874 
0.47053975 0.7231432 -0.362445 -1.4524616 0.19576772 
-0.9903672 0.4300424 0.046635732 0.39809576 -0.15779871 
0.0735417 0.19565573 -1.0383697 1.0585042 1.2749455 
-1.302087 -0.32442456 -0.18798496 -1.0642828 -0.63247067 
-0.7022847 -2.5260267 -1.5894995 1.9850689 1.6737247 
0.54588354 0.8900918 1.3305225 0.2360861 0.40807167 
-0.3923724 0.8797788 -0.040441576 -0.20557405 0.96116674 
-1.7590612 0.7153091 -0.12787879 -0.7682377 0.6456668 
0.5194579 -0.3421951 -0.28327167 -0.90055394 0.8835565 
0.13848765 -1.0503901 0.8459264 0.73528343 0.33475414 
-0.6177274 -0.53416914 -0.33240676 -0.08625165 -0.37371927 
0.6772293 0.9610993 -0.18267193 0.76337844 -0.112088926 
-0.57147753 -0.87081665 -0.93148303 -1.7250781 0.650729 
0.50309163 -3.335247 -0.036088478 1.1652615 -0.47085696 
1.1804452 -0.4112937 1.73852 -0.10109807 1.3712921 
0.5723085 -0.28269857 -0.6941013 -1.8867311 2.5349402 
-0.41850594 0.73333746 0.106589675 -0.113499746 0.26168653 
0.8029017 -0.18683216 -1.0397662 0.8827512 -0.29502544 
-1.6714939 0.34590748 0.047639955 0.17487355 -0.017874602 
-1.3279613 0.7735341 -0.75184613 -0.79331917 -0.20378788 
-0.5140708 -0.7877611 1.4138526 1.6709588 0.47851256 
1.5666026 -1.7686151 2.8646748 0.12078537 -0.13319059 
0.39194912 -0.17195599 -0.75597197 1.4933484 0.4081674 
0.8957066 0.2429492 0.8918768 0.046444494 -2.00506 
-0.62685025 0.8494293 -1.6419989 -0.8041336 0.1388863 
0.35505033 -0.18464424 1.3426491 -0.13474894 -0.46365184 
-0.7350394 0.87188303 -0.50803494 0.60949385 0.76604915 
-0.9413051 0.77744794 -0.022845913 -0.40408581 0.90625024 
0.2308809 1.2761942 0.27751774 -1.4523066 1.0376083 
2.3971581 -0.83120614 -0.87550527 -1.2606169 -0.6258529 
0.9988883 -1.6616092 1.9248637 -1.0271435 -0.26035425 
1.1669203 -0.81121516 1.0795679 1.25402 -0.6565599 
1.0157003 1.6259112 -0.310843 -0.08668083 -0.5932737 
-0.87614393 0.7597903 1.7449163 0.49516693 -0.7162828 
-0.2616455 -1.1536366 -1.3365006 -0.014096322 0.5660161 
0.15137574 0.59650606 -0.898992 1.1000543 -0.16432416 
-1.614912 -0.73493725 -0.069845796 -0.3181978 -0.14392456 
-0.7532663 3.2970657 -1.5616717 -0.2682764 -0.95491016 
1.6430293 0.08640416 1.0751898 -0.57072574 -1.9020435 
-0.3568582 -0.61890185 0.70341015 -0.6485811 0.9086414 
0.46975896 -0.1201181 0.5555673 -1.1031317 -0.7376115 
1.0681547 1.298525 -0.28853533 0.32576442 -3.0099733 
0.2750731 -0.02600591 0.059556406 -0.1455609 0.08409023 
0.03598445 0.88907385 0.94577557 0.38096562 -0.55438274 
-1.9925482 -0.7037455 1.412559 -0.83640593 2.5532196 
0.79684997 1.2852168 0.34740284 -1.6108942 0.3929524 
0.7769998 1.226726 1.6398859 0.58668345 1.4397025 
-0.8991463 0.39076632 -0.39459193 -0.649465 -1.1858935 
1.2039535 -0.6578319 -0.4600594 1.786609 0.3666996 
-0.29888844 0.07901691 -0.5503061 -0.16944712 -1.0254902 
1.2602558 -1.0552543 0.17727813 -1.149895 0.026014209 
0.34595585 -1.550014 -0.19162321 0.55790293 0.29022938 
0.7776698 -0.5026072 -1.9264488 -0.5895351 0.9611756 
-0.67388505 -0.27012756 -1.7265457 1.4727774 -0.25857642 
-0.27672675 -1.4571613 -0.8612503 0.6595327 -0.6526478 
-0.54067516 0.1438612 0.3146619 1.4902405 -0.33422732 
1.3602085 1.0906492 0.2466578 -0.12766494 0.8146058 
0.5031222 -0.9410583 0.102348685 0.3487632 0.16099302 
-0.5914439 0.45374426 -1.1988297 1.206011 0.6360053 
0.012500801 -1.0596868 -0.08499528 0.07550273 -1.3143092 
-0.39134616 1.0328988 -1.9481946 0.4980744 0.033756807 
-1.3013663 1.2153004 -0.660232 0.10502561 1.278022 
-0.31016406 -0.49582344 0.8040945 -0.7550947 0.7437881 
-0.3568724 -1.5253063 -1.1247207 0.43127447 -0.28644705 
-0.71969455 -0.618189 -0.26034105 -0.30055505 0.4097318 
-1.1487586 1.161985 -0.8117485 -1.0975922 -0.22960204 
-1.1341711 -1.7293128 -1.1161971 0.5289555 -0.046735015 
1.5103815 0.49688184 0.621782 0.9132427 -0.328189 
1.1741457 -0.58910805 1.3210528 0.45848262 0.32713768 
-1.8864518 -0.60570294 -0.120005265 -2.2704155 0.14322878 
-0.08236314 1.3918906 0.54023284 -0.26969102 -2.0127404 
-0.63310593 0.2389653 -0.04515564 2.164384 -1.931647 
-1.3748705 0.5682101 -1.1371647 -1.0725151 -0.12604664 
-0.1632088 -0.86113787 -0.35710588 0.41542155 -0.26313785 
1.594323 -0.561807 1.2190495 1.3524764 -0.5443218 
-1.0339024 -0.8136734 -0.23240572 -0.0557637 -0.8372094 
1.788591 -0.2552513 -0.46981668 -1.4384657 -1.4023628 
1.1741003 2.1072986 -1.1761754 1.5750531 -1.0319197 
-1.3677455 -0.9048243 0.34448543 -1.6540976 -0.68737704 
0.48423648 -0.6617127 -0.60229546 -0.5456408 -0.4621439 
-1.8051357 -2.0940747 0.595742 0.17022638 -0.077920504 
0.9169372 0.32276577 -0.5625256 0.5849302 1.2068716 
0.13762476 -0.44426396 -1.1579705 -0.6031041 -0.22834484 
0.4341017 -0.6100601 -1.648597 -0.08020575 1.7793676 
-0.670027 0.31268814 0.45733875 0.81683594 1.8561033 
-0.48133314 1.4458956 0.32079443 0.07477404 1.4189308 
0.06728089 -0.5096482 0.22346394 -0.5229103 -0.96738297 
0.7495287 0.42704374 -0.7878442 -1.1766582 -0.22113504 
0.3513803 -0.41910005 -1.1303205 -2.631509 -0.49794278 
-0.3797824 0.30672067 -1.2299957 -0.39085558 -0.40978277 
-2.0573235 -0.6683397 0.24759604 1.1173943 0.68317974 
-0.6527338 0.535738 1.6799445 -1.5591496 0.8618673 
-0.8610014 -3.0716488 1.310055 0.023877025 -0.20557554 
0.6346979 -0.03597136 2.476108 2.022455 1.9382868 
0.5733053 -1.2801666 0.36788183 -1.1901875 -0.4566303 
-0.39933738 0.75245917 0.8003851 0.17827529 -0.46768552 
-1.5143205 1.0612439 0.333085 0.6259311 -1.3777649 
0.5867908 -0.30018124 0.075994894 -0.32489377 -0.59180766 
0.19457547 -1.513262 0.42843455 1.0056446 -1.964831 
-0.113176055 -0.47310847 -1.1177223 0.35994563 -0.71040004 
-0.7910286 -0.35665604 0.80263215 0.04048017 -2.078701 
-0.03908169 -1.0350635 -0.03419404 0.49335578 -0.14538297 
-0.445268 -0.73560613 -0.7267579 -0.27067932 0.12185833 
-0.20699959 0.14289062 -1.0667142 0.7719496 -0.6181082 
-0.09485256 -2.9462032 -0.70019 0.090568066 -0.39626458 
0.62023723 0.86660576 -0.5047147 1.0108123 -0.83150077 
1.2923073 0.36990005 0.42875332 0.2692522 -1.1700615 
0.15808536 1.1071314 0.6500638 -0.03574716 0.55511093 
-1.3862978 -1.6666383 0.2794348 1.7126836 0.96632785 
-0.15136027 1.3764999 -0.7526011 -1.367323 0.37479368 
-1.4047889 0.1589546 0.35642463 0.05727573 -0.7368353 
-1.7516155 1.0669252 -0.42032012 -0.5398357 1.2330513 
0.2635634 -2.116487 -1.716735 -1.1850407 1.7808291 
-1.6407541 0.20299026 0.028421272 0.51828635 -0.15653178 
1.1449046 -0.15550764 0.09309154 0.0360558 0.5620923 
1.5509508 -1.0985956 -0.023625074 -0.2652875 1.2204831 
0.8455209 -0.12191108 -0.45228526 0.4776004 1.2338644 
-0.5475622 1.038389 -0.44775712 1.5034822 -0.89389724 
0.4298191 -0.75239563 1.5881017 0.16057175 0.97578967 
-1.3925979 -0.111432806 -0.08199864 -0.07082887 -0.006724174 
1.120173 0.13920203 -0.9484796 1.2285477 -1.2367407 
0.79974896 0.2945577 2.2555213 2.018099 0.40986407 
-1.5314978 0.044592854 0.28424445 -0.6843752 -0.16604869 
1.3217604 -0.12082987 -0.23733495 0.35743836 0.22648028 
1.0996231 1.5997711 1.2262566 1.2034751 -0.1977841 
-1.066212 0.2062408 0.86390865 0.016391832 -0.9202379 
0.35305628 -0.33931896 0.27846757 0.4141974 -2.0535097 
1.6430122 0.40963376 1.1637002 0.5448562 -1.304318 
0.2814366 0.95896274 0.08957105 -1.259343 -0.71966255 
0.2286412 1.7891548 0.55444336 -1.1258093 1.6087389 
-1.6578034 0.17192748 -0.48167977 -0.56947947 -0.29594794 
-0.86709356 0.14047404 0.24968831 0.2696232 -0.24027587 
0.45349255 -0.05702849 0.7710163 0.73863494 1.1518042 
-0.1336621 -0.006545396 1.1258765 0.7815247 0.97632855 
0.14806914 -0.09582646 -0.90662104 0.33550403 0.17451267 
0.2944003 -0.4054388 -0.6686695 -0.017317863 -0.31579733 
1.6583079 -0.7167227 -0.55564535 2.287865 0.12045167 
0.24223754 -0.56881154 0.14147289 1.0733486 -0.30039784 
0.7705169 0.7572807 0.7763305 0.3915631 1.015311 
1.8368533 -0.44496858 0.0021852409 0.906051 0.15660389 
0.538458 -1.0728984 -1.2467432 -0.25370196 0.7312045 
-0.3153383 -0.2294132 1.0328574 -0.3017645 -0.7099229 
-1.0698403 -1.8087916 -0.04614247 1.3001913 0.3491814 
-0.3643774 -1.380059 -0.58314496 -0.23541161 -0.6627196 
1.2804307 0.2786176 -0.6304634 0.11109094 0.39941108 
0.11268059 -0.7692463 1.3034704 -1.1962098 -1.8378297 
-0.7732194 -0.341263 0.4853806 -0.40953767 -0.41679928 
-0.15587476 0.35148218 2.1878994 0.33282408 -0.71985006 
-0.2029421 0.4881794 0.7271418 -0.92231333 -0.9544642 
1.160998 0.3385884 1.22619 0.82628286 1.448073 
-1.2525594 0.5031432 0.020052442 0.8379256 0.10747702 
1.7676698 -1.6594092 0.47389382 0.64804274 -0.7458587 
1.1802301 0.0400474 -0.2630348 -0.8548804 -0.72240704 
0.58676577 -0.30944803 1.0096089 0.1402295 0.10741516 
-0.43073037 1.1876347 2.0004294 0.044958353 -0.67132586 
-0.30765152 -0.09945857 -0.47228256 -0.3849445 0.23844919 
0.13094471 0.56065375 0.49290675 -0.23339172 0.9392904 
2.250508 2.151649 0.50664026 -0.44502938 -1.5577856 
0.07937621 -0.4468359 -0.4978739 -0.010946138 -0.0005904614 
1.3138989 -1.5737138 1.4955715 -0.45451832 -0.6206072 
0.34598458 0.14709288 0.7437296 1.1238407 -1.0445421 
1.1116512 0.9111164 0.620742 0.04797563 1.1672488 
0.097907364 -0.41370127 -1.207989 -2.1155577 -0.013717511 
-0.38180655 1.005197 -0.8451543 1.2320787 0.37935933 
-1.4846569 1.073306 -0.70945853 -0.65204567 0.085889764 
-0.7394101 1.032199 0.25570872 -0.25865293 -0.6427251 
0.017560808 0.026887106 -1.0009228 -2.59161 -0.4450547 
-0.33638042 1.5657923 0.9540808 -1.6322037 1.4604384 
-1.3719599 0.11501439 0.2106056 -1.4187249 0.09645757 
0.33235833 1.4114962 0.24648502 -0.39903608 0.3286567 
0.09137151 -0.39133564 -0.39667735 -1.841614 -0.95144975 
0.36290553 0.9861094 0.8290657 0.15176433 1.1066165 
0.38467667 0.9909002 -0.32795513 0.53514975 -1.4246237 
-0.68637085 0.74489814 -0.10954004 1.5231252 -1.534039 
-0.53789973 -0.4436494 -0.17890266 0.24815252 0.2502419 
-0.26854622 1.8017632 -0.18897985 -0.2532215 -0.7433827 
-0.5826804 0.18205656 -1.039467 0.016004505 0.26348147 
1.0165842 0.08303653 -0.4768836 -0.2742995 0.2662966 
0.85747033 0.51344764 -0.38562566 0.40345967 -0.72699344 
-1.3876426 1.0200828 0.34828123 0.09743497 0.18955365 
-0.4952156 0.7806885 0.4550834 0.8357156 -0.095441006 
-0.8661572 0.750567 -0.36444744 -1.3388945 1.0775042 
0.81311035 0.8541966 -1.623168 0.6321422 -1.5501236 
-1.3568809 -0.89273435 -0.95609677 -1.2167954 0.34103096 
-0.82295173 -0.032418292 0.050191827 1.9776738 -0.37140128 
-0.19046237 1.3339502 1.9333391 -0.92457044 0.9106321 
0.008355626 0.4905379 -0.26326045 1.9134818 -0.6150031 
0.33440953 0.7416672 0.2690939 0.7609425 -0.14727572 
0.49408165 0.8397045 2.8706357 0.14730796 0.73182 
1.2914561 0.038143788 0.16193455 -1.5846144 -0.09144239 
2.0524633 1.1752747 -0.63850594 -0.2824647 -0.40550655 
0.010143477 0.11724251 -0.46105066 0.24032316 -0.9500661 
-0.5976623 -0.06194191 -1.6746365 0.8082228 1.8323755 
-0.43229306 0.35873312 -0.9634072 0.5088789 -0.01780066 
-0.8494652 0.5016774 -0.5728834 0.6007301 -0.052601762 
0.8891545 -0.6543212 0.31275874 -0.436845 -0.8535754 
0.788136 -0.18243217 -0.87571037 -0.18734688 -0.06413332 
-0.14721417 0.7955256 -1.7739768 -1.6381525 -1.1441063 
-0.0968471 0.060302112 0.13331868 1.4442824 0.066877395 
-0.12346753 0.09847638 -1.2754894 -0.2754033 -0.04351603 
-0.23127905 0.75082034 0.2587766 -1.1093566 1.3450835 
0.27720186 -1.9072003 0.7549758 -0.6423921 1.4066817 
-0.29259467 -2.5483472 -1.2845123 0.601749 -0.7735195 
0.008836721 0.20068748 0.501736 0.7418944 0.19098848 
-0.58596087 -1.1571867 0.2002482 0.52828395 1.321191 
1.2023187 -0.8941581 -0.18441492 0.21124463 1.348669 
0.63466316 -1.3358097 1.1399947 0.87458044 1.0460923 
-1.3703872 -0.024661945 -0.27080816 1.0631957 -1.5201885 
1.0054405 1.306575 0.051731672 1.5297608 0.23288599 
0.37830314 -0.9961513 -0.5044842 -1.0135565 1.1546304 
-0.6111848 -0.89702725 0.59586257 0.5445736 1.9021434 
-1.3199617 -0.38349128 1.1356994 -1.5565139 -1.2345419 
1.0040601 0.40469283 -1.3340247 -0.7994168 0.2928548 
-0.29647747 0.24525622 0.39591765 -0.5012923 0.90942216 
-0.6757983 -0.9665833 0.14328295 1.3051673 0.38441768 
-0.7840841 -0.5188229 -0.4559828 -0.4250936 -0.56849205 
0.6954732 0.48602253 0.29978478 0.4963688 -1.1367747 
1.5680213 2.5828097 -0.2055069 1.4259721 -0.23200385 
-0.4903731 -0.43777868 0.3267553 -1.3464814 0.7752107 
1.1774428 1.544472 -0.0627652 1.6491423 0.6806904 
2.376382 -0.44909263 -0.36900792 0.7801716 0.027723752 
-0.74222684 1.4638717 0.26194307 0.005349129 -0.08620949 
0.59920657 2.3077135 0.8142974 -0.6982747 -0.837811 
-0.87107164 -1.246251 -1.2399226 0.6463787 -0.37567955 
1.4111797 -1.6644213 -0.2221678 -0.2615103 0.57016253 
-1.2805378 -0.09375916 -0.56474745 0.14079937 0.8988337 
0.32657415 -1.431819 -1.2300854 0.07300991 0.5094043 
1.2779895 -0.51399976 0.590574 -0.435769 1.0712403 
0.7079641 -1.1936064 2.0999465 1.0374078 0.25555316 
-0.34196278 -1.1118156 0.557856 1.0984285 -0.9062488 
-2.0718837 -0.6468549 1.115319 1.3808708 1.8015305 
0.55451226 0.46750107 0.1667306 0.9022176 -0.30732542 
0.27555814 -1.6523354 0.52736306 1.3613819 -0.6030431 
-0.3484518 0.625667 -0.55933416 1.8705626 -1.2666703 
-1.0439969 0.08974551 -0.36277226 -1.56148 -1.4461912 
0.94917107 -0.22252005 1.5968693 0.29747468 -0.4870348 
-2.5483665 -1.1344222 0.74275136 -0.7901663 -0.47725376 
1.1912975 -1.8030612 -0.44868442 0.75121355 -0.2544774 
1.2432321 0.6576447 0.5768516 1.0690503 -0.52187485 
-0.26593733 -1.2877018 -0.90391535 -1.2229416 -0.10632988 
0.7480261 -0.49450976 -0.19515617 -1.6943151 0.91600764 
1.6296324 0.07002234 -1.037204 -1.9103068 0.22170627 
2.033612 -0.06416749 1.0638648 -1.0822845 0.6483942 
-0.82785803 1.3362674 1.1424279 0.8657027 1.2986505 
-1.2656907 -0.26316157 -0.59169024 0.5828744 -0.46023455 
2.8216114 -0.889654 0.8708011 -0.65962434 -1.2445146 
-0.010121764 -0.030662809 0.41649476 0.6657376 0.25179383 
-1.3580875 0.031049432 0.114168584 -0.40701786 -0.3369408 
-1.1917509 0.21000448 0.47114256 0.47976723 0.71293175 
0.99774384 1.3605719 -1.0459993 0.4365468 0.083653584 
0.7039549 -0.37445456 0.105686 -1.3709034 -0.848422 
-0.27269527 1.4126921 0.9816367 -1.0138277 0.86461 
0.6792707 0.20232983 -0.15970421 -0.029043796 0.33049348 
-1.6145124 -0.43076193 -0.57873714 0.5850299 -1.106677 
-1.5655943 0.23639734 0.21941595 1.338677 0.9072761 
1.0642694 1.0849316 1.0440981 0.8452637 -0.7042607 
-0.7919679 2.9373116 -0.5509968 1.0453204 0.07141418 
0.60353696 -0.83614767 -0.2933004 -0.01354605 0.6314298 
1.5424527 -1.9245354 -0.8332167 2.8411348 -1.0872965 
-1.5982882 -0.04046822 -0.18314451 -1.1804379 -2.3347197 
0.09373071 0.74408764 -0.87044543 -0.4408768 -0.10316385 
0.5374852 0.716241 0.2838623 -0.10723809 0.29777586 
-1.3084311 -0.24563071 -1.3944812 -0.37254035 1.0924138 
1.6501957 -0.7827952 -0.78341025 0.19555274 1.1561061 
-2.2683663 0.42168546 -0.5936891 -0.16157602 -0.26834482 
-1.2864984 -0.017172704 1.4701699 -0.10343305 -0.6478221 
2.0801706 -1.4676092 0.242026 -0.6450679 0.09225121 
-0.3813182 -0.3535381 -0.74993634 0.46599615 0.78260124 
-0.3773928 0.09777668 -0.77317286 0.5705526 -0.124229215 
-0.61362 0.24508299 1.2127792 0.60376143 1.2111962 
0.6669627 -0.48166785 -0.41879356 0.76777095 -0.67584234 
-0.6849433 0.6775218 -0.5180738 0.4312597 -0.585681 
0.49369568 -1.439787 1.2990544 2.536073 -0.61784536 
-0.7537788 -0.22114703 -0.8086313 -0.2629215 0.6720211 
1.0893729 0.277874 0.09004002 -0.7171905 1.7602315 
2.1576972 -0.81237406 1.720605 0.47388366 0.8021447 
-0.09000059 0.5604284 -0.99885106 0.56649995 0.8553445 
-0.9059914 0.37951848 -2.3131099 1.7566622 -1.0669792 
-2.5774066 1.5690663 0.38044193 0.86441135 -0.42608064 
-0.72173375 1.1236093 -1.8136098 -0.2643842 0.42329317 
-0.12037744 -0.17631032 0.8395221 0.3811844 -1.7623484 
-0.38818303 0.6232749 -1.4862419 0.95148927 -0.016309153 
-0.2186974 -1.1142348 0.1052169 -1.8284174 1.3816514 
0.31958795 0.95397747 1.6807826 -1.6663193 -1.0568762 
0.6051283 1.0468946 -1.3853285 1.2816318 0.77177197 
1.1509566 0.009634004 -2.5940654 0.76037496 0.4459614 
0.49015492 -2.258087 -0.9238641 1.9130303 0.48433954 
-0.567162 0.49626783 0.7093883 1.6104406 -0.29313898 
-0.6007693 0.73022074 0.099616505 1.3649496 0.2683024 
1.7882382 -0.22371209 -0.011426672 1.4609227 -1.1896882 
-0.5030591 -0.66869646 0.4008993 -1.7056555 0.43407366 
0.052041836 -0.6033215 0.2480285 0.052559864 0.07764567 
-0.5121406 -2.3718064 0.56521183 -0.017502302 0.58357775 
1.864886 -0.09618259 0.053967148 -1.378022 -0.9223315 
0.39363703 0.91241306 -2.192256 -0.23451199 1.1692975 
-1.8481711 -0.53653646 -0.37425765 1.0985519 -0.33119363 
-0.8734184 0.15378268 1.8746033 2.0421395 -0.5449896 
-1.281846 0.6767281 -2.5985396 0.61568016 -1.2080542 
-0.07970519 0.2917214 -0.72551036 -1.457435 -0.43293798 
-0.3261092 0.48951584 0.1342723 -2.1370857 -0.9366586 
0.22621393 0.22194287 0.70413643 0.2401074 -0.8938597 
-0.20327352 -0.34961846 0.37005648 -0.32182178 0.8708757 
0.44856015 2.7517025 0.45685473 -1.0750669 0.4387835 
0.41784698 -1.3853421 -0.18173626 -1.197274 0.342726 
-0.74574256 0.035883613 -1.5125353 2.6078022 0.19591802 
-0.9134996 0.31100228 -0.45599377 0.40075862 -1.6181409 
-0.3410681 1.3978678 0.72224116 -2.1064663 0.028278759 
0.01742018 -0.08277744 1.2707072 -0.89121485 0.78103733 
1.8182076 2.312723 -1.2730373 0.14571074 -1.0997787 
-0.51379883 -0.6369205 0.6487487 1.4823987 -0.8837607 
0.5572532 0.32548746 0.064419135 1.301111 -3.3864424 
1.7202069 0.4572271 -1.0365028 0.74434596 1.9100425 
-0.9563119 0.6675968 -0.5255725 -0.26442757 -0.18420324 
-0.09933544 1.7248315 -0.10350382 -0.6745847 -0.847307 
1.5488874 0.20632225 0.08256536 -1.8307657 0.18344839 
-1.229483 0.49801943 0.12955229 -0.7708399 1.4939417 
-0.15431713 -0.060614523 0.08571493 -1.0823853 -0.3683712 
0.4781881 -0.2782316 -1.3433958 -0.25858822 -0.077756934 
-0.3355785 0.466196 0.7600829 1.8579257 1.2312003 
-1.6256391 0.5321946 0.07299739 0.881015 -0.24296074 
-0.98378533 0.45724037 -0.5600701 0.58509415 0.12733759 
0.24960773 -0.51544595 0.08026364 -0.46640423 0.44095773 
1.536751 1.0381644 0.4136001 1.8372785 -1.7504414 
0.90850055 0.91786313 -0.31317714 1.0087047 1.4779357 
0.22890998 -0.09357314 -0.36760944 0.77443147 0.115923196 
0.4677449 0.1524315 0.56639314 0.01859587 0.2926008 
-1.2395033 0.15474129 -0.9584883 0.22398598 0.40290985 
-0.6159843 0.7848919 1.0682768 2.1239014 0.56341916 
1.1282588 -1.1970992 0.25159103 -0.20065227 0.122249186 
-0.28530088 -0.71071386 -0.19264892 0.8315773 -1.3423508 
-0.5475598 1.7900616 -0.89455366 -0.16208732 -0.19716732 
0.13697994 0.96481115 0.9641328 -0.9138243 -0.4460663 
-0.6132558 -0.31471637 0.25940892 0.29452187 1.4054519 
0.7075805 0.08273464 -0.11968123 -0.124432705 0.016345832 
1.6783911 0.35761166 -0.18062437 1.7076477 0.15909615 
0.15324691 0.27021083 1.1515042 -0.09314367 0.15199958 
-2.894391 1.0495406 -1.8745618 0.16407669 0.3180278 
0.3524438 2.7790844 -0.17492014 -2.2050776 -0.9813145 
-1.9790841 0.07983222 0.93343097 -1.7077533 0.74150795 
0.5189911 -0.614945 0.53170526 -0.645256 -0.57464284 
-1.0919423 0.75127465 0.27264166 0.5360645 -0.06886637 
0.11273313 1.1915834 -0.7969427 0.21497443 -0.9622256 
0.6915449 0.64312124 0.51388836 -1.464368 -0.07894607 
1.4669632 -0.24203593 -2.2260897 -0.44214702 -0.18727079 
0.42019498 -1.9916577 0.43292654 -1.6671956 0.5118864 
0.5464456 0.16785283 -0.44167426 0.015638186 -0.93653667 
-0.7856966 1.693133 0.46871558 -1.082501 0.41046903 
1.1448549 -0.35344005 1.4464079 -0.6220161 -1.2228186 
0.27310902 1.9242338 -1.0070103 0.25484726 1.6615444 
1.1043364 1.465046 -0.082706675 -2.0234926 1.2053783 
0.5637726 0.9169203 -2.7163754 -0.56891286 2.3692706 
1.5387341 1.779574 -0.4902177 -0.065660305 0.15146087 
0.570408 -0.22441474 1.2022461 -0.80244637 -0.8164068 
-0.27816862 0.87794894 0.59831136 -0.013976563 1.0722244 
-0.7608789 1.1095546 0.1404099 -0.18208888 0.41557798 
-0.23233867 -0.17019819 -0.48352048 0.31346267 -1.064683 
-1.9027972 -1.3579489 0.21193561 -2.397794 0.5623805 
0.46830618 1.3752917 1.6097034 1.9135665 0.42138472 
-2.7179387 -1.0837413 -1.0083497 2.2269003 -0.35377315 
-1.4317899 -0.8398397 0.49731928 -0.35652012 -0.32114506 
0.5460106 0.1100302 0.078809895 1.0325212 1.9677473 
1.1242731 -1.0279877 2.448984 1.107022 -0.4253304 
0.5197964 -2.4821947 0.3775738 1.2527719 -2.757307 
0.70041376 -0.16562316 -0.035582285 0.42658967 0.8508441 
0.45650366 -0.982817 -0.46373466 0.49804744 -0.6566638 
1.969835 0.37850967 -0.21468066 0.4256214 0.9442409 
-1.100379 -0.5261942 0.056758184 -0.1204792 -0.7452674 
-0.2642049 -0.61623126 -1.8697416 -1.2446616 -1.5821161 
-0.43013942 -1.0485502 -1.4064789 -1.6236237 -0.35661858 
0.324237 -0.7896729 0.4105636 0.07496747 0.5596765 
0.8333494 0.9682738 0.3165444 -0.11419318 0.5117226 
1.1133744 -0.2983542 0.85798997 -0.227549 -0.81851983 
3.4930398 0.84273267 2.572806 -0.69178087 -0.23418678 
1.8084424 -1.0394632 0.7068309 0.10782947 -1.7370275 
0.55800533 1.6374761 2.3875165 1.2253871 -0.5744629 
1.2107528 -0.49592343 1.1838818 -0.22980627 0.80781025 
-0.42824566 -0.1977313 0.4693581 0.26055685 -0.039822724 
0.69769835 -2.0139267 0.18072015 1.1241614 0.386493 
0.9711095 0.32230705 -2.24712 -2.241546 0.36625564 
-0.28003648 -0.64316714 0.7059977 -0.61639947 1.6524624 
0.36782655 -0.9727333 0.63570434 0.48642933 -1.9850907 
-2.219216 -0.6615556 -0.85528207 -0.26971036 0.92355484 
-1.8080455 0.8593318 -0.5147635 1.2961934 2.502685 
0.07803477 -0.6838964 0.9071713 0.5181907 -2.7535717 
0.12418413 0.08923104 0.31634825 0.60246056 -0.31501985 
0.8581013 -1.1754607 0.48157626 0.5245494 -0.13464405 
0.056736443 0.8832108 -0.35480717 0.25473288 -1.4087173 
0.9354427 1.2501981 0.5718524 -1.5935788 -1.1405933 
0.19579688 -0.8202025 -0.27362606 1.3851786 0.5560286 
-1.6200885 0.6286942 1.0801797 0.97787184 -2.2358754 
0.6840379 1.7349602 -0.18447113 -0.22852333 -0.03043931 
0.1998141 0.632869 0.880796 0.53166443 0.9329964 
-1.0253935 -0.2811212 -0.7384639 -0.08623358 -1.9576547 
0.1066883 0.96690595 1.0379905 -0.49243793 1.6402937 
0.012297363 0.70459217 -0.20900264 -0.06820541 -1.856894 
1.0949221 0.22654675 -0.55226696 -0.90406096 0.2986219 
-0.9467728 1.3809049 0.12940796 0.7695747 0.7565001 
-1.641256 0.29996994 -0.5843662 0.20069712 -0.5573358 
0.91887224 1.8442335 -2.4911153 -0.6335032 -0.726726 
1.2850305 0.16609438 0.34803337 1.9501004 -1.4271955 
-0.43031132 -1.2769998 1.7276623 -0.7806618 0.7605236 
-0.08223907 0.73582405 -1.7860384 -0.054663125 -0.67791975 
-1.6151778 -1.2061408 0.11150765 0.26364937 0.53129566 
-2.4368286 0.7813314 -0.6871941 1.7902114 0.34034872 
-0.6957895 1.2169286 0.92499155 -0.15069233 0.017044524 
1.5897716 -0.026935268 -1.363987 -1.1799856 -0.096868314 
0.33431473 -0.66499674 -1.5635852 -1.8638947 -1.5773208 
-0.54076767 -0.027903823 1.5937599 -0.95651436 0.4140913 
0.011261887 -0.98208994 0.66389596 0.11592536 0.37137935 
-1.6189083 -0.29975212 -0.5467749 -1.5315211 0.3336423 
-1.4037517 -1.5845884 1.33576 -0.38272166 1.3204079 
0.3907698 0.17226112 -0.1350098 -0.11235741 0.4619792 
0.38804975 0.97770023 1.4720995 -0.117214724 0.43957388 
0.23884432 0.47261962 0.11651516 1.4054947 0.10203053 
1.0701734 0.5104164 -0.4793152 -0.6415944 2.4248447 
-0.50009227 -0.6503463 -1.1809642 -0.87577784 1.5432365 
-0.41811705 -0.2637503 0.02969143 0.60815096 -1.5596292 
1.2646182 -0.0069393427 -1.2453606 -0.7060145 0.6912934 
0.007958767 0.46993956 -1.071562 1.8794345 0.9359254 
-0.36978474 -1.1035883 -0.7440939 0.701902 -0.38002628 
-1.731116 -0.31174672 0.54186213 -0.059409942 -0.2457863 
1.0481901 -1.4777248 0.0011794461 1.6166989 -0.18336469 
-0.06499296 -1.7184124 1.1172938 0.8694874 -0.20822977 
-1.4215648 0.14897236 0.80137485 0.25365713 0.3690592 
0.68520314 -0.5780761 -0.8894089 1.1101719 -1.4424108 
-1.4479101 -1.9251815 0.021780366 1.570194 1.1255646 
0.2595436 -3.026393 -0.22249061 1.4461306 -0.5761998 
2.41413 -0.20273261 1.3427875 0.6453416 -0.30727056 
-1.4425881 1.0981574 -1.9489512 -0.9689834 -0.72983253 
-0.69628364 -0.10837644 -0.9202212 -1.7602357 -1.4805933 
-1.0891632 -1.5521556 -0.85849977 -0.77753794 -0.43140063 
0.34041673 2.191638 0.7976957 1.9083353 -1.731683 
-0.16306666 1.7827498 -0.71634287 1.0445856 -1.2778568 
-1.1669253 -0.17606938 0.60381955 0.7905509 1.5547698 
1.3034272 1.6126868 -1.7843469 -1.0252799 1.4867582 
-1.7907085 -1.9575441 -0.08916936 1.5215384 1.5404749 
-1.4442872 1.562951 0.54170907 1.1363161 0.04551398 
0.73870677 -0.32978845 1.3937713 1.0113382 0.6652368 
1.2792679 -0.027532242 1.1539752 -0.40780848 0.9229849 
0.56406033 0.10633742 -0.5851809 -2.129362 0.109295614 
1.4748484 -0.9248079 -0.4457027 0.9320037 0.3494635 
-0.23136577 -1.0911593 2.1036954 -0.16462491 1.6598049 
-1.544439 1.8864563 -0.25668344 0.9408625 0.14502849 
0.2318932 -0.39475316 1.3026345 -1.2855457 -0.56501955 
-0.539586 -1.0280408 0.32354423 0.30450672 -2.0120335 
-0.80591404 -0.30438036 0.70673805 -1.2825612 1.244842 
-2.1426425 -0.11909004 -1.7965387 0.5044455 -0.6784842 
-1.1679842 0.80180687 -1.3580594 -0.0060114446 0.18314159 
0.8316538 0.30973044 0.53302574 -0.05034649 0.103167385 
2.0542684 0.72489464 0.86972135 -0.58838916 0.44620737 
-1.4075927 1.5661721 0.81530446 -0.9662695 -1.1884161 
2.5301065 -0.13113195 -0.42880493 -0.7720782 -0.7965072 
-2.133919 -1.0062639 0.78808916 -1.2951509 -0.15719716 
-0.88023156 0.22066115 -0.32692936 1.3786787 -0.65534455 
0.7800922 -0.6627134 -0.38914725 -3.1714282 0.022248695 
0.25201812 0.45106053 -0.7680228 0.4250348 -0.7323863 
0.89121556 0.86607903 1.8956126 -0.15473247 -1.14131 
-0.41058928 0.88259786 -0.08665929 -0.44054934 0.015446887 
0.0830387 -0.48674473 -1.1699914 -0.20261277 0.13868618 
-0.8891528 -1.4220198 -1.3995054 0.07395754 0.8403786 
-1.4922022 0.44047382 -1.0010854 -0.6020604 -1.2353853 
-0.1624127 1.7284412 0.06317895 -0.10165255 0.6047854 
0.99357337 2.0579715 1.7323046 0.5624557 0.1915861 
1.1605307 -0.8270907 2.6138895 -1.4682686 1.0881188 
1.2503357 1.6698773 -0.74466527 -2.0121117 0.041649923 
0.4378924 0.71146435 0.45933267 0.53487444 0.40024474 
0.16030496 0.08572735 0.9490393 1.5029068 0.420677 
-0.47386575 -0.0012987973 -0.9881737 -0.7305886 0.60384244 
-0.40509838 0.49938923 0.9469129 -0.7436518 1.3943653 
-0.44396365 -0.22614822 -1.1357064 -0.2289517 -0.07810119 
0.18107003 0.85971355 -0.40711698 -2.274525 0.22478624 
-0.034671627 1.2827225 0.5493482 -0.57402164 -0.7345136 
-1.0056655 -0.42776686 0.30423358 -1.2465993 -0.2682416 
1.3415715 -0.9800925 2.5925844 -1.3059273 -1.0742911 
1.3705497 -1.3304977 -0.097438835 1.0930953 -0.226699 
-1.8514484 1.2951536 -0.8974737 1.7601647 1.0643806 
-1.2493442 -0.13513766 0.16175921 -2.3301375 -0.2580729 
-0.17666112 -1.1653446 1.0325296 0.15240185 0.6811585 
0.49005237 -0.95058644 -0.46561238 0.62715733 -1.1665502 
1.8343419 -0.10489962 0.43564466 -0.24892244 -0.17497349 
-0.40970674 0.09862014 0.015992878 0.4048576 -1.6420091 
0.9672983 0.08344114 -1.153397 -0.05448433 0.92554146 
-1.3473761 -0.31946898 0.68347627 1.1017704 1.5685303 
0.88636184 -0.60080117 -0.09152493 -0.5615592 -0.7013857 
0.04882762 -0.008928537 1.4301368 1.3824314 0.82407206 
-0.7694508 -1.146995 0.8069291 -1.648197 -0.83207595 
1.4823395 -0.11595637 1.2368387 -0.502775 -0.4928313 
0.76198864 0.32132745 0.5897104 0.4588302 -0.5323731 
-1.5740224 0.7458269 0.071208775 0.30523404 -0.90212137 
-1.4299963 0.97326803 0.6580612 -1.1368095 0.18125452 
0.0064053517 -0.31407514 2.2219899 0.13694389 1.3293071 
-0.6616824 0.2153552 -0.14080985 -1.224827 -0.55521095 
-0.33109742 0.25491592 0.17730436 -0.008164971 -1.3772558 
1.2135656 0.89443505 -0.35766715 -0.8203902 -0.56895506 
1.0550617 -0.79506475 1.643465 -0.16902041 -0.007948912 
-1.4722425 0.38322493 0.10890502 -0.8227188 -0.20910014 
0.7902038 1.5956526 0.28692523 2.504566 0.27079153 
0.3277721 -1.4725957 -0.6320595 -1.0794657 0.91212505 
0.5760494 -0.5591628 -0.53951174 -0.8834667 -1.1123055 
0.40006104 1.1254891 -2.554979 0.34933925 -0.33041683 
-0.6352968 0.466501 -1.8590146 1.5485188 -1.5522485 
-1.4288188 -1.1468127 -0.5992914 1.2129415 -0.43059975 
2.0245302 -1.675892 0.30026487 -0.07921362 -0.8953316 
0.05068378 1.2001694 1.7685492 0.42960322 -1.4346839 
2.057724 -0.13468187 -1.9684255 -0.7492339 0.30709574 
0.75823176 -0.65858835 -0.52126426 -1.5744052 -0.88787323 
0.06956749 0.64378715 1.1649516 0.9082987 1.1464937 
0.4010175 -0.07604741 -0.7839643 1.7107973 -0.82914555 
-0.66840583 0.18313867 1.1180025 1.2572033 0.32761103 
1.0099977 -1.3719927 -1.8814458 -0.12175756 -0.12725303 
-0.56382036 -0.89414465 -0.95690036 -0.47558215 -0.2530022 
-1.28257 0.04360084 -1.1561832 0.55385095 -0.0043620816 
0.058431875 0.112138 -0.34095916 0.7373551 0.5558452 
-0.44808948 -0.7071957 -2.5817535 0.9067086 -1.9666613 
0.16634502 -0.69093245 0.57398975 1.3580813 -0.05792621 
0.25433168 -0.30848595 0.6787532 -1.0539267 0.3047373 
-2.6435683 0.19890717 -0.024430156 -1.5254804 1.7440591 
0.4027976 -2.3831782 -1.3088562 0.078306876 -0.021606326 
-0.19702604 0.38931832 0.5534514 0.061739706 -1.0581613 
0.87397546 -0.7397983 -0.12993748 -0.555947 0.22073138 
0.05459084 -0.64417636 0.26278532 2.1323333 -0.5411322 
-1.0879768 -0.76891786 -0.87232566 -0.5965359 -0.28335857 
-0.06665004 -1.5717801 0.73862183 0.32870004 -0.9797253 
-0.5175293 -0.81278795 -0.311009 0.10996503 1.5629351 
-0.31792858 -1.0713153 0.2826244 0.80363834 -0.7501158 
0.5836295 -1.64766 0.95764893 0.6449905 -1.803649 
0.46894008 0.0312779 -0.033401005 0.6345974 0.58054566 
0.73389494 1.1139711 -0.100059904 1.2556368 -0.71304685 
-1.1079651 -0.3452908 -0.9025177 1.0100689 -2.206774 
0.86106455 -0.019439528 0.100943595 0.031323493 1.1452311 
0.07361926 0.34755448 -1.0588425 -1.8385185 -0.7895894 
0.86935145 -0.50601554 1.244723 0.9618248 0.5112342 
0.552639 -1.2195901 -0.39848253 -0.030603815 1.3723422 
-1.2793382 0.3004998 -1.1406673 1.4067165 0.21869175 
0.31523567 -1.8882715 0.36029774 -0.7005446 -0.101368055 
-1.0809661 1.1241322 1.0774128 1.6244668 -0.11224299 
-1.8171754 0.8705739 -1.2926273 0.08781587 0.13808145 
-0.7042971 -0.59282047 0.13054244 0.9046722 -0.25847995 
-0.6934658 0.6801327 -0.96347576 0.40544042 -0.0768409 
1.2494637 2.5131588 0.23557682 -0.35712108 1.0875951 
0.43647915 -2.0193038 0.69922924 1.1473299 -0.38276193 
-0.44590774 -1.3255575 -0.8491569 0.66803163 1.1030588 
0.049711797 -0.40320757 0.35952258 0.2592709 1.5011697 
-0.46715772 -0.1441863 -0.37347105 1.0755527 0.30272055 
-0.80958456 1.135367 -0.47299773 0.9518345 -0.83192736 
-0.080215685 -0.17494395 -1.3234161 1.5002623 0.5077294 
-1.3662496 1.3179077 1.9468073 -0.0432272 -0.083200715 
-2.4729147 -0.92212445 1.0450735 -1.4089022 -0.7741373 
-1.0582869 0.9681817 -1.8067484 -0.8540016 -0.26015362 
1.3622003 -0.76113105 -0.41801798 0.16025002 0.763176 
-1.3431166 -1.8437878 0.8453856 1.852576 0.10291478 
0.45907092 0.83983654 -1.2572854 0.10988767 0.1750745 
-2.1794403 0.42948565 0.36942396 -2.2844288 -0.5324221 
0.10036813 -0.9288122 -2.5902772 -0.0058496045 -0.78700435 
0.73129416 0.660257 0.19020581 0.68228084 -1.0857188 
-2.0786908 -0.3133363 -0.3200953 1.1384107 -1.8348275 
1.0908002 -0.4741943 1.5868247 0.062362514 -0.5890324 
0.98264986 0.27901787 -0.025690746 0.5841379 -1.0648726 
-0.78791904 1.0745068 0.1981736 -1.0254381 -1.1494964 
-1.5166671 2.0741575 0.47106928 -1.97098 -1.2877392 
1.3927695 -0.6001818 1.7593502 0.29997373 -1.5597771 
-0.9117531 -0.29826623 -0.37394035 0.2151287 0.10048421 
0.21021067 0.83511376 1.093042 -0.082402766 0.51191956 
-1.2324041 0.5636308 0.46160573 -0.14479123 0.339731 
1.7628285 0.5908292 -0.2449384 1.809316 1.6281687 
0.05293397 -0.4830907 1.4556253 2.4534729 -0.12367094 
0.17144494 -0.024272235 0.42247373 -0.05071672 -0.56208664 
0.5305603 -0.13455984 -1.0110269 -1.034325 1.2437457 
1.2421275 -0.27728033 0.26339167 -1.9096473 -0.39722532 
-0.7610438 0.3436801 -2.3490353 -1.2883599 -0.3980535 
-0.17115706 0.41188502 -1.8495204 -0.8974418 0.51638967 
-0.8541195 -1.614502 -0.62701505 0.3687631 1.0938653 
-0.87655556 -0.5027627 -0.340357 -0.34024248 0.3427661 
0.10672239 -0.6014423 -0.60477316 0.7231979 -0.793142 
0.15219583 0.84493476 0.21201378 1.1398542 -1.4960217 
-0.3913565 -0.9465302 1.1122242 0.31752825 -0.8297882 
0.07560822 0.10628281 0.08544013 0.14315455 0.085652016 
-0.8515525 -1.1794465 -0.1820832 -0.21554725 -0.25686997 
-1.0596436 -0.5142377 -0.10893008 -0.4483793 0.6201346 
0.43227974 0.7380087 0.8903401 0.6608961 -0.8996404 
1.5383679 -2.2527993 1.1480188 -1.3051457 -0.78533894 
-1.3395648 -0.5271651 0.32348683 -0.20039935 1.6473218 
-0.5436269 0.678929 -0.28453094 0.80608803 1.9259347 
-0.559924 0.4507738 -0.18971215 0.8957233 0.066933475 
-0.91969436 1.4575077 -0.79300964 0.85432994 0.9457807 
-1.5865412 0.9093967 -1.4818698 -2.2699335 0.7074656 
0.1476922 1.2954613 0.22922237 -1.1463073 0.4445486 
-0.6543559 0.30064446 -1.4129103 0.93807983 -0.16968292 
0.28042907 -1.9985929 -1.4358099 1.0428479 0.4994999 
-2.3552446 -2.020202 -0.6303247 -0.25363564 -1.0850635 
-0.49821267 -0.53085214 1.1638036 -0.801071 1.0785937 
0.57218736 -0.9219766 -0.36695972 -0.15191817 -1.3910009 
-1.0180007 0.26767963 1.4842192 -0.9090309 -1.2257017 
-0.7065664 -0.94926506 0.7155927 -0.95017946 0.549508 
-0.7762208 -0.36322537 0.63491446 1.1747022 -0.06503496 
0.9204746 -0.036566187 0.04683879 -0.29995012 -1.3736801 
0.6377789 0.45311546 -0.81638324 1.1866276 0.75829774 
-1.540843 1.5503544 -0.06658175 0.53759307 -1.2509652 
0.113255285 -0.36255774 0.53020495 1.1492712 -1.5267029 
-0.8289535 -0.6450328 -0.19969213 1.0118562 -1.7837216 
-2.0256896 -1.1359298 -0.52836317 -1.0403563 1.0021554 
-1.4834946 0.83462626 -0.26527983 0.21327096 0.006911762 
-0.50895303 -0.4820093 -0.5242175 0.12626177 0.30624405 
-0.7780198 -0.9708297 0.39935958 1.6383942 1.3189555 
-0.60344607 -0.75469446 1.553769 -1.4032917 -1.0889887 
-0.5438103 0.85825694 -0.49856 -1.3408504 1.64705 
-0.8670831 0.062387124 0.14381588 0.34264335 -0.91777307 
0.34603626 0.39661807 -1.7876537 0.64263827 2.2319038 
-0.3516635 1.5482965 1.4372312 -0.566491 1.5638847 
-0.028600952 -0.035374243 -0.29840744 0.2681159 -1.4756362 
0.50174105 0.011879961 0.3255794 0.59222466 -0.60588455 
-0.463462 -1.7415348 0.95936733 -0.9601366 -0.49760166 
-1.885221 1.1698828 0.42768717 -0.34625524 1.1143162 
-0.6071997 -0.21990576 0.967196 -0.53491026 -0.31577846 
1.2428386 -0.8677668 -1.8404738 0.37725896 -0.06640645 
1.1147593 -0.82573456 -1.3178934 -0.95854735 0.21860217 
0.8146148 -0.5384974 0.5809622 -1.8756568 1.4397954 
-0.43591768 1.1444309 0.77997047 1.2322022 -0.11283216 
-1.047999 0.05191069 -0.6204009 -1.5270667 -0.99814266 
0.88795376 0.6598761 2.846568 -1.1951207 -0.3935464 
-0.5863049 1.8371054 2.0325499 0.5748891 -0.57621855 
0.7936596 -1.074997 0.62100637 0.39593214 1.0845503 
1.0134091 0.90273905 -0.17514664 1.7437456 0.33403268 
0.48435444 -0.15417086 -1.2182761 -0.69697 -0.75379306 
0.6796257 0.12660772 1.285085 0.829417 1.1812866 
-0.9013923 0.15390378 1.110175 1.4993583 0.70271075 
1.4411099 1.4150206 0.882727 -0.09996138 -1.8692319 
-1.1675073 0.31580836 1.2706919 -1.9180998 -0.5518525 
0.48799464 -0.750015 -0.47583628 -0.74689263 0.121449314 
1.0180436 0.22191602 0.2666145 -0.07856098 -0.12647802 
0.25807095 1.623985 0.09197668 0.13326237 0.29285657 
-0.1969905 1.1893252 1.2470483 0.24736202 -0.374422 
-0.43498582 -1.3464624 -0.90672415 -0.31920055 -1.5750946 
-1.0118374 0.5580061 0.05094428 1.3377069 -1.0266471 
-0.32419115 2.2545726 -0.051879477 0.23336293 1.426521 
-0.5155028 -0.2519793 1.6358149 -1.5811589 -0.37722352 
0.33320066 0.8178279 1.100813 -0.056140378 0.11284746 
2.8564441 -1.7519027 0.6892599 -0.992252 -0.21837902 
-0.39725006 0.4267924 -1.3161696 0.42472568 -1.4698108 
-0.14567456 0.39414918 -0.62656605 -0.005239943 -0.027993599 
-0.15263756 -1.018455 0.12434005 0.07293622 0.651037 
0.33330348 -0.78148586 -1.1672812 0.3681399 0.50052637 
0.48703495 0.9349638 1.43606 0.20185633 1.5265855 
-0.4603566 -1.0417243 -0.5823479 0.9381644 -0.59262305 
-0.16162018 -0.7394129 -1.6162376 0.99979556 0.47680816 
-0.05869215 -0.20914522 0.2863778 -0.74807805 -1.6968323 
-2.1197836 -1.0656598 -0.6736022 0.25021836 -0.5016023 
1.306448 0.73703724 0.41679433 0.53232026 2.344925 
0.09223475 -0.5158651 -0.10694191 -0.8277442 -2.7076967 
1.042216 0.6935986 -0.7268187 0.6655835 1.1387874 
-1.3034389 -0.58380884 0.570953 0.9438691 -0.543856 
-0.39645782 1.4053439 0.3694967 -0.62608296 -1.3976984 
1.0969733 -0.021451265 0.11358788 -1.1951305 0.13118753 
-0.4706101 0.17144816 1.0916631 2.3171113 0.43634734 
-1.0514544 -0.74662757 0.80405277 0.04383461 -1.4462872 
0.6022908 1.4933884 -0.71982616 -1.4853073 -0.7176023 
0.01020928 0.27807418 0.16645615 -0.7971755 1.1555407 
0.6850947 1.0570923 -0.89439803 -0.5717571 -0.75378984 
-0.018260343 0.52437574 0.9743029 1.4925015 0.12762783 
-0.3232639 -0.18919457 0.5658644 0.71162087 1.1497452 
0.51378125 0.49385816 -1.8600814 -0.7195088 1.5455858 
-0.7348156 0.23893943 -0.2111261 -1.6447084 0.4494862 
0.8476434 0.55160195 0.6608267 -0.023477739 0.4095419 
0.9786962 -1.5679682 0.528798 -0.5469779 0.28342968 
-0.2608194 1.0025598 0.18356979 -0.98142135 0.72496253 
0.61086977 -0.2458998 0.18552612 1.5372046 0.71572596 
0.684716 0.9941755 0.581031 1.3567677 -0.2234674 
0.18575956 0.16198975 -0.72588533 0.31349352 0.3699788 
-1.0888981 0.37145808 0.2646677 0.9147975 -1.1095951 
0.16188586 -0.9268623 0.5715375 0.6082594 0.70472306 
0.02405384 -1.1626872 0.21006054 -0.009694274 0.733465 
0.7450288 -1.2042506 -1.6672398 -0.28747994 -0.24947783 
0.049482416 -0.07860569 0.34611076 -1.8767642 -0.92674637 
-1.6133066 1.4630939 0.9224636 0.48703834 -0.48304734 
1.0844735 1.144794 -0.98105013 -0.07239841 0.010082059 
1.575029 1.5488458 1.2743508 1.5033294 -0.9226915 
-0.36379054 2.0000756 -0.56569135 -0.18436219 1.4824594 
-0.07192059 -0.12110756 0.59200335 1.6352863 -2.4791582 
-1.0594114 0.7499394 -0.6768788 1.5784873 1.2797617 
-1.2172056 1.0134653 0.14815558 1.4381489 1.0835975 
-0.70318675 -1.8921069 1.0227312 0.9562157 -0.40811107 
-0.013103389 -1.1812847 -0.15451017 -0.019414395 -0.09244202 
-0.7159727 0.31380737 0.49665898 -1.6444266 -0.9702385 
-2.3361728 -0.7132087 -0.039162524 -0.82139754 -0.9830058 
-0.39415106 2.5209334 0.79463214 1.0933927 -1.2635278 
0.21148211 1.9833914 -0.43413374 0.7228758 0.81198275 
0.8067172 0.6179034 0.51292217 -1.3538868 -0.36736563 
-0.0635914 -0.96936446 -0.43950108 1.0784009 0.6238289 
-1.1325103 1.7371827 1.8207713 -0.58515036 -0.3063126 
-0.10563558 0.7222387 1.4920887 -0.80076665 0.66205674 
-1.0717757 0.30738464 -0.09194053 -1.5976155 -0.9136728 
-0.6010425 1.0848247 -1.83584 1.2696067 1.570361 
1.8734589 -0.24365176 -0.2222393 -0.443265 -1.5120275 
0.45898864 -0.22107954 -0.14621398 0.4778091 -0.7381049 
-1.7695698 -0.6617527 0.9695549 -0.9246295 -0.79405814 
0.017899433 -1.9651932 0.8752217 0.7893992 1.1478552 
-0.034719925 0.33240637 1.4663842 -0.26550096 0.3161666 
0.7412897 1.2753786 0.13278265 1.0687511 -1.317641 
-0.16583194 -0.5993178 -0.49018633 -0.68804646 0.73416597 
-1.984744 0.15290843 -0.77473885 0.93528986 0.88592 
0.40094486 0.4097672 0.32795683 -0.18676372 -0.5650365 
-0.099892616 -0.74936247 0.43361822 -0.4120964 0.35982433 
-0.13704413 0.3734262 -0.5035811 0.48227152 0.49732974 
-0.3188915 0.5284621 -1.5482165 -0.74221534 0.27545893 
-0.680177 2.235221 -0.60292655 2.9020119 0.5767423 
0.46209 0.9504149 0.41686273 0.21161002 -0.5504679 
0.053523283 -2.786701 -0.69948477 -1.9418174 -1.1944343 
0.6667801 -0.5044463 -0.5132963 0.064638056 -0.20802741 
1.1600485 1.5071684 -1.4054163 0.28696498 1.0461432 
-0.37643558 1.6153057 0.4904925 -1.3029419 0.123016834 
0.034101877 -1.2099841 -0.5051225 1.8207061 0.23090489 
1.2816122 -1.1676689 1.5093071 -0.64735943 -1.3391842 
0.41661832 -1.2484643 -0.1321397 0.49274287 2.0287478 
-0.8910373 0.10134643 0.65331006 1.4109297 -0.09149938 
0.59945095 -0.52978355 0.49211097 0.6273616 0.64050233 
1.4430526 1.681671 -0.7249151 0.72353286 1.7233547 
-0.64182633 0.0047586123 -1.4061933 1.558066 -0.28768083 
-0.7053862 -0.8193394 -0.30333516 -0.9517294 -0.3635456 
-1.1341244 -1.4016995 -0.109440595 -0.48799485 -0.9401103 
-1.2477345 -0.406573 -1.4263619 0.9322167 -1.0710653 
1.0391511 -0.16335626 -0.17670356 1.3407533 0.1275358 
0.22005513 -0.64603627 -0.19969346 -1.3915641 -0.0019711156 
0.2657335 -1.5925652 0.9687358 0.5663213 1.8755813 
-1.3976182 -1.3479226 1.2502081 -0.2894925 0.7348201 
-0.74046016 -0.69742846 -0.27497816 -0.8604161 0.81787795 
-1.231143 -1.5622545 -1.1803929 1.3872123 0.8420579 
-2.3988173 -0.4053633 -0.0027055475 -1.3087761 -0.9476848 
-0.80361736 0.213447 0.87927663 -1.5487361 0.8897909 
1.007616 -0.37527937 1.1596048 0.89171535 0.5612285 
-0.036848817 0.5715989 0.3846545 0.90773857 -1.0682743 
-2.3043332 -0.5925264 -0.64948666 1.8138564 0.17540288 
0.4188386 0.054670572 1.3982418 0.4177977 1.0121467 
-0.15556642 0.18013065 1.7945653 0.78372145 2.5489047 
0.28679097 -0.7378739 -0.96412194 -0.45404938 0.931602 
1.2566922 1.4233019 -0.7839689 1.3364763 0.62594205 
-0.8028333 -0.6661302 -0.3062753 -0.49652287 0.19391595 
0.55357563 0.5992673 -0.81154484 -0.82250255 -0.052429102 
2.1344435 -1.4150286 -1.16477 0.90415347 0.6654612 
2.1208746 0.44797906 -2.146112 -0.14857784 1.2455938 
-0.8099648 0.3952282 0.3954873 -0.23838682 0.0709063 
0.72400403 -0.64889395 1.0923803 -0.7324169 2.8483248 
-2.5630941 -1.9486338 2.050771 1.2388761 -0.79295075 
0.44911772 2.3006077 -0.03250161 -0.6173789 -1.7364933 
-1.0840538 -0.8731792 1.0339651 0.88683397 0.34373817 
-0.055477243 -0.17482129 -0.78934336 -0.36248356 -2.664001 
-0.2536302 -2.2756257 -1.2643553 -0.21549824 -1.3012545 
0.9274969 1.1388661 -0.94119817 0.6361001 0.26981398 
0.4102693 0.4226021 0.82847327 -1.1973611 0.004184422 
-0.70920897 0.16587968 0.124352135 -1.7298447 0.12929171 
1.806229 0.52600926 -0.9165572 3.1043575 -0.62400544 
-0.95687115 1.4819267 0.16973032 0.43799692 0.53991294 
0.23959719 0.2268822 0.3304995 -0.104654096 2.3083148 
0.06627883 0.16879033 0.78140754 -0.103244476 0.024175933 
-0.16997498 0.28700638 0.48029658 0.26927614 0.5498247 
0.04708381 0.34759012 -0.57246834 0.2682398 0.5384175 
0.027236853 -0.14871289 -0.5934989 -1.3814409 0.562053 
1.5675157 -0.70847815 -1.0384982 0.016751412 -0.0328166 
-0.2704823 0.06304765 -0.7289995 0.7116134 1.2711422 
0.7122824 0.2907472 0.36905473 0.21720007 -1.8305156 
-0.09292538 -0.35526606 -0.7612877 0.008217792 1.2958127 
1.4278295 0.34739348 -0.34406793 0.32940468 1.1320058 
-0.23425692 -0.89351183 -0.976418 -1.3764888 -1.5049325 
0.4807399 1.0308337 0.45051757 2.6664505 -0.29669458 
0.91220355 1.3600053 0.3088906 -0.1829908 -0.35038978 
-0.81979054 -0.108491234 1.2669804 -1.1130743 0.5079015 
-0.08486423 -1.6260924 1.056294 -0.81404006 -0.57998616 
0.6073647 -0.3375678 0.009525374 0.018721335 -1.0265766 
-0.24145241 -1.8835799 0.10542481 0.1650077 -0.6155196 
0.4787893 0.96725285 -0.30578348 2.3644328 1.0983319 
-0.38944924 0.21610568 1.4866917 -0.60756713 0.111211956 
0.7308613 -0.38564247 -1.4215695 -0.29983583 -0.04650862 
-1.5770541 0.56479996 0.5854071 2.1194031 -2.0322354 
-0.17031722 -0.68266374 0.7004679 -1.589061 1.1015712 
1.3088378 0.46656865 1.2977984 1.5203713 -2.1947496 
-0.85084087 -0.7294837 0.46678323 0.14568204 -1.080982 
0.5896134 0.38403955 0.59984607 -0.42917782 -1.0881131 
-0.9871233 0.8236523 0.926343 -1.2792943 -0.98805815 
-0.08181646 0.37345436 0.65528905 -0.481244 -2.9719052 
1.9095824 -1.1410276 -1.795791 1.0192802 -0.8374207 
-0.58427346 1.941715 1.5041195 -1.356657 0.079184204 
-0.57776046 0.74466574 1.1975607 1.3277555 -1.9856517 
0.7990476 -0.40776196 -0.21197942 0.97909254 -1.1838276 
-0.24006341 1.7674394 0.047697507 1.3830308 -0.30937326 
-0.06375601 1.5399454 -1.5913208 0.62752306 0.34370086 
1.0442747 -0.8646434 0.40154004 -1.1752256 1.2334859 
0.09472976 0.6425349 0.7168017 -0.7209446 -1.1490088 
1.2457774 -0.6324875 -0.28773353 1.317961 0.07509332 
1.374283 -0.74529123 -1.6749245 -0.18543813 0.18569052 
-0.9020057 0.3130028 1.431849 -2.6877303 -1.2230308 
1.3555042 0.5438175 0.47220442 -1.1058215 -0.53221744 
-0.31552696 0.46951905 -0.08445394 -0.57587415 -1.1630243 
0.2560933 2.9551609 -0.10316249 -1.0607182 0.6751114 
-0.22473745 -0.02644814 -2.4058948 1.2115426 -1.6079856 
0.18396223 0.21245766 0.082711406 -0.514448 0.93987936 
1.3563348 -2.2315774 -0.940952 1.1285763 -0.018703584 
-0.4087397 1.3746878 0.191841 -0.41331944 0.4360996 
0.32130888 -0.8514433 -0.27528688 -2.083606 -0.14651078 
-1.8103064 1.4270109 0.044077266 -0.11466763 -0.13201156 
1.7951666 -0.1825164 -0.025621835 0.7203388 -1.4116651 
-0.6636028 -0.17455113 0.09455539 0.63053423 -0.75308776 
-0.77566415 -1.7395669 0.9698954 -0.8251539 -0.49901608 
0.09451095 -1.3504037 0.22223933 -0.5159778 0.19362363 
0.18647905 -0.3041491 0.057252906 -1.7582425 2.0971572 
0.16812497 -2.4730415 -0.72476 -0.60896826 -0.38970006 
0.67221236 -0.31279892 -0.5571863 -1.3774953 1.0615783 
-0.19994825 -0.049527045 -0.7539723 -1.5303158 -0.32404718 
1.0250885 0.4272233 0.42797977 0.645819 -0.6894785 
0.27949262 1.7307937 -0.3178232 -0.60313827 -0.3470694 
-1.3926706 1.9981132 -0.27645987 -0.08880514 0.7375305 
0.42928004 0.29416987 -0.70080256 0.93187183 0.90734386 
0.45294106 0.2877301 1.5728701 -0.4171427 -0.2387206 
-1.0756898 0.03290337 0.40219238 -1.5774999 -0.6166093 
-0.1298892 0.88340145 0.112189025 0.07449251 -0.117947035 
-0.8187075 1.2069964 -0.60915536 1.0904372 0.29810354 
-0.065049306 -0.45080778 0.96214193 -0.5932404 0.31014222 
0.67607796 0.8514902 1.7698262 0.45374253 1.8932831 
0.6057304 1.3916074 -1.9778966 -1.0058544 -1.0512913 
-0.6824209 -0.5112091 0.69385517 1.4852061 -0.696561 
-1.0060079 -1.8004296 1.4537578 1.041016 0.13352652 
-0.92600816 0.4989872 0.55020374 1.1040801 1.0013473 
0.4797282 -1.164302 0.8321346 0.31413385 0.3789902 
-0.4435592 0.927455 0.42894632 0.11993562 0.05593737 
-0.57297045 -0.4151722 1.0653094 0.64655656 -0.3115727 
-0.4919951 0.09367419 0.114728935 -0.1976713 -0.484642 
0.8452717 1.3273026 0.01579014 -0.8142127 -0.9323753 
1.1873995 -0.43738183 0.6649637 -0.73954 -0.8542552 
0.16176566 1.0634874 0.35982814 -0.8942405 0.2591681 
-0.42533353 0.28602758 0.3218767 0.698536 0.15511358 
-0.029475586 -1.0000347 -0.9844982 1.8725079 -0.19794275 
-1.4425216 -0.017535465 1.2574978 -0.44884792 -0.37851343 
0.5821144 1.3957858 0.109881684 -0.9521991 0.3795979 
0.6209625 0.37276936 0.23237948 0.4762647 -1.6647805 
-0.30381417 -1.0654837 -0.5177628 -1.2151822 0.6337533 
1.5624827 -0.9673298 -1.4768964 0.94016546 -2.9308143 
0.5955033 -0.5822366 0.92195076 -1.8943635 -1.3131211 
0.57707304 0.022111053 -0.18282238 1.5904082 -0.86587816 
-0.76335716 -0.33963493 -0.90787554 -0.7062848 0.2371056 
-0.88207686 -0.36417297 -1.0745186 0.7821739 0.42563146 
-1.4379908 0.3072137 0.08062508 -0.338977 0.48303238 
-0.7700381 0.20352568 -0.41140303 1.0474114 0.4490311 
-0.1560018 0.52103835 0.2643318 0.24009807 0.9737639 
-0.69354 0.85370404 -0.4103236 0.54996485 -0.9328377 
1.3943177 1.3015015 1.3768679 -0.77332306 0.13366699 
0.0015167661 -0.29249787 -0.31637985 1.0706179 -0.18162858 
-0.48780125 0.5021189 -0.9922885 -0.91101646 0.114085615 
-0.19459984 -0.31766713 0.18055752 0.34576926 1.3240983 
1.8086709 1.2834158 0.04200627 1.9966986 -2.0500457 
1.6931632 1.8059771 -0.5441706 -0.48765436 -0.34305725 
0.12681095 -0.09615992 0.96273375 0.33795944 0.84100074 
-0.9464825 -0.22971164 -0.07422001 0.95143145 2.4271133 
0.56021124 -1.6829259 -0.60163736 -0.59970796 -0.85870963 
-3.1910334 -0.4922213 0.7309587 1.2404616 1.3154814 
0.21640225 -0.075505584 -0.28864568 1.8266604 0.36548918 
1.9960182 1.2807513 -0.9923501 -0.74441224 -1.9451319 
0.6264711 -2.0935915 0.58518755 0.21903217 1.3688183 
-1.3225114 0.53697896 1.1938055 -1.0828166 -0.113544896 
0.8220188 1.0144631 -2.3634388 -0.19901879 0.7439506 
-1.9640331 0.66247493 -0.2716022 0.31852773 0.3234052 
-1.7276771 0.57985985 0.5356013 -0.7597649 -0.5516133 
0.90298444 1.416769 0.8888253 0.7592962 -0.32310966 
1.4492167 -0.29318792 2.015838 -1.2145767 0.063988015 
1.2210381 -1.7531922 -0.16116096 1.7296227 1.4729702 
0.15432893 -0.4392747 -0.25369492 -1.2194692 2.8244543 
0.8653586 1.2629131 -1.1324959 0.84440273 -0.25260022 
0.1746877 -0.76623094 -1.9163086 -0.5835531 0.87534875 
-1.0285008 -0.3981373 0.15581049 -0.1859301 -0.48071054 
1.7021846 -2.6671162 0.15425931 -0.7748601 0.05997582 
0.055088744 2.6132715 -2.2733824 0.8329463 -1.4719094 
-0.18329561 -0.30026639 1.1543415 -0.11793071 -0.28603435 
-0.1918622 -0.36515695 -0.38105872 1.6879913 -0.3060713 
-0.66438943 -0.26466477 -1.9545815 1.5330359 -1.4714674 
-1.6890666 -0.6574032 0.743765 -0.5647575 0.06235446 
0.53986704 1.3513004 0.31896314 0.054618765 -1.6931642 
-1.5365975 -1.665944 -0.0059368457 -1.5670385 -0.020932805 
0.32232988 -0.18836409 -1.0452815 -1.2613335 1.5425711 
-1.0571085 1.0720532 -0.7099637 -0.14107351 1.0590957 
0.22889856 -0.16049707 -0.00031193873 -1.6949406 -0.056404795 
0.72186625 1.7911111 -0.33571446 -0.9459742 0.15230201 
-1.5737981 -0.95158446 -0.45620382 -0.15421835 -1.1699535 
0.071380146 0.9939766 -1.3990197 1.285854 -0.542835 
1.2846019 0.742072 0.49065727 0.6626561 0.49523473 
-0.13759841 -0.8496445 -1.2169648 -1.18451 1.1598148 
-0.11690853 -2.2153301 1.2967675 1.0625826 0.2788391 
-0.41346207 -0.57437795 1.2944772 -0.53417945 -0.6524366 
0.6089861 0.43261486 -0.7655228 0.63885087 0.88376445 
0.50928235 -0.41966772 2.238668 -0.88333744 0.49839723 
0.15281476 1.1419456 0.6910297 1.1260409 0.1007144 
-0.3572311 0.725939 1.148206 -0.9863495 -0.4374778 
-1.444914 -0.5211641 -0.7232058 1.3056442 0.11263929 
0.6226239 -0.07623333 -0.5478377 -0.12682235 1.1433793 
-1.9274911 -0.16015954 0.15981437 -0.20697913 -0.07148662 
0.7438723 -1.0874985 -1.1475546 0.72822005 0.33789715 
-0.32267857 0.85907876 2.7724638 0.10510848 -1.4042579 
1.2824603 1.1816856 0.6332329 0.96525276 -1.6261568 
-1.9106909 0.9677633 -0.6294052 0.92655975 0.6393275 
1.8696984 2.0912182 -2.4696972 1.3647127 -0.41823837 
-1.7061162 -0.077969 0.17095241 -0.21139863 -0.645144 
-2.175012 -0.54643095 -1.3657912 0.4395687 0.04471179 
-1.8544263 -1.175929 0.955682 -0.069668695 -1.283106 
-0.29168132 0.97938746 2.0119886 -1.832325 0.238033 
-1.66098 -1.4287795 0.6559435 -1.2884871 2.4607527 
1.144089 -0.831503 0.12362535 0.42681965 -1.6154534 
-0.4618583 -1.0471588 0.13735643 -0.17353328 -1.0556273 
0.13198218 1.2644 -2.1065042 -0.616782 -1.5706096 
-1.2050512 -0.9691485 1.2412796 0.9999971 -0.99242514 
-1.192167 -1.416542 1.0583451 0.2716597 0.6065327 
-0.22961958 -2.5215497 0.32936993 -1.5430763 0.9237797 
