-0.41044718 
0.00926758 
0.6910064 
-0.87590003 
0.46539494 
0.5816283 
1.1238676 
-0.48818254 
0.38385588 
-1.2323838 
0.9965391 
0.75083196 
-0.712579 
-0.5244186 
0.8210289 
-0.39009225 
-0.48869422 
-0.70388067 
0.35057583 
-0.42916957 
2.2691479 
-0.51095396 
0.6374348 
-1.3970187 
0.63819003 
-0.596363 
-0.9246584 
0.43789735 
0.9482546 
0.44393387 
0.93531626 
-0.27725157 
0.7428143 
-0.34497187 
0.16477871 
-0.8370689 
0.43513313 
-0.7924033 
-1.617478 
-0.91007143 
0.053014174 
1.1209254 
-0.53472906 
1.3494302 
-1.0554479 
-0.24807924 
-0.47505715 
-1.0698142 
-0.19013587 
-0.43020803 
-0.51136863 
0.42657793 
-1.2763586 
0.037420485 
-0.27546746 
1.5705969 
-0.30762637 
0.043835916 
0.905762 
0.34503424 
-0.12916243 
-0.31002265 
-0.6717397 
0.7615545 
0.5605227 
-0.3752286 
-1.4111726 
1.3114069 
-0.5892338 
-0.3229521 
-1.3257954 
-0.6460598 
0.17370123 
-1.02287 
-0.19339974 
-1.232441 
0.630363 
-0.08588668 
-0.3400955 
-0.37684488 
-0.0092510935 
0.5640021 
1.300229 
0.8683894 
-0.30357486 
0.8692102 
0.25654292 
-0.38402772 
-1.4334291 
-1.0223578 
-0.2979418 
-1.5585572 
0.4325246 
0.91465235 
1.1488069 
0.6356394 
-0.6097869 
-0.67201686 
-0.47122473 
2.2094193 
-0.09491498 
-0.5795122 
0.8094986 
1.0040236 
-0.48102555 
-0.34430912 
0.98132926 
-0.3140109 
0.26598257 
1.0168928 
0.7790971 
-0.03810436 
0.20905134 
-0.84706205 
-0.7937172 
0.61640495 
0.9062753 
0.39060286 
-1.7867941 
0.88299006 
0.3760332 
0.13965686 
-1.9943888 
1.5358514 
-0.77821755 
0.937676 
0.61168396 
0.23527646 
0.23703913 
-0.78391546 
-1.0315988 
-1.4541842 
-0.5313413 
0.07642132 
1.419266 
-0.13820885 
-0.30321273 
-1.4260317 
0.86201245 
0.39457852 
0.45452574 
-0.19198284 
-0.107091464 
-0.665032 
-0.59285885 
0.026174676 
0.8780925 
-0.44611344 
-0.97681695 
-0.5709433 
-0.13826333 
-1.288742 
0.7830137 
1.1030278 
-0.8562026 
1.3039382 
0.7240109 
0.5823389 
-0.04577475 
3.298002 
-0.010854324 
-1.210827 
-0.6024715 
-1.4807333 
-0.1942301 
-0.61772156 
0.23017728 
-0.35544577 
1.5487554 
0.012094845 
0.28394204 
0.5493532 
-1.0156941 
-1.112328 
-0.74218005 
-0.8711593 
-0.69875336 
0.5265481 
-0.63177246 
-1.3928603 
-0.5695571 
-0.5427125 
-1.0187291 
-0.34145147 
-0.9403436 
0.6515537 
-1.0055689 
0.1754194 
-0.29540884 
1.6382403 
-1.3697304 
0.004255879 
-0.09429447 
0.29447505 
-0.39206764 
1.150405 
1.5283247 
2.1691673 
-0.42321616 
0.80716497 
-0.9763691 
-0.10071816 
0.2798311 
0.74711585 
-0.026978567 
-0.7521049 
-1.8111267 
1.0730035 
1.9680563 
-1.7530953 
-1.1110877 
0.5865508 
0.7796891 
0.67734057 
0.40524217 
0.6034156 
-0.16370746 
-0.36283404 
-0.28071254 
-0.945762 
0.16667368 
-1.3698211 
-0.7541724 
1.244865 
2.121058 
-0.016173186 
-0.66476876 
-0.425931 
0.44994524 
0.32359025 
-0.8363391 
-0.41050553 
0.01571943 
-0.015888639 
-1.8624403 
-0.18390743 
-0.115513906 
0.4564861 
-0.2162488 
0.31175566 
-1.7298311 
-0.6294294 
-0.7967177 
0.096406415 
0.3043265 
-1.6568283 
1.4688023 
-2.0775495 
0.23747277 
-0.49611717 
-1.3374292 
-0.08903858 
-0.070916325 
-0.34231016 
-0.20034188 
1.6431096 
0.0677277 
-0.32411063 
0.93388665 
1.4158251 
0.30649388 
-0.80980587 
0.91016966 
-1.3904372 
-0.5894361 
-1.6706818 
0.8168621 
-0.33883426 
-0.060597014 
-1.7163056 
0.8965775 
0.52103686 
1.430026 
-0.7550228 
1.026624 
-3.0385866 
-0.73150754 
-1.1591414 
0.98574275 
-1.1023197 
0.3779377 
-0.19032474 
-0.9918918 
1.0389943 
1.0423402 
0.7657118 
0.70032114 
-1.3869923 
-1.2303716 
-2.2018402 
0.06762691 
0.037531845 
-0.46013892 
0.6236774 
-0.23449928 
-0.46433797 
-0.23799576 
1.2941694 
0.8229672 
-0.17628352 
0.04208271 
-0.043717638 
0.12918594 
-0.8113134 
-0.84269947 
0.063008726 
0.70893186 
0.4978703 
1.2965459 
2.5834217 
-0.6457986 
-0.5219867 
-0.105398305 
-0.44243154 
-0.5403909 
0.26923805 
0.57491446 
0.39121985 
-0.13876162 
1.7451136 
-1.9714648 
-0.21576798 
0.88084126 
0.74165076 
-0.8404958 
0.28748053 
-0.65535676 
-0.7894713 
0.074350215 
0.43959332 
-1.0722959 
-0.6530128 
-1.0430071 
-0.7934899 
1.1085427 
0.24128157 
-0.5400411 
0.5778051 
0.715932 
-0.34326097 
-0.355616 
1.0144098 
0.63257474 
0.5654042 
0.10527943 
0.79945767 
-0.055375364 
0.48302254 
0.021063315 
-0.15850322 
-2.7428102 
0.70979804 
0.4476879 
-0.3422125 
0.4507138 
0.3156485 
0.5531938 
0.6461924 
0.5833501 
0.40594727 
0.35177964 
0.11094364 
0.63184094 
0.8995934 
-1.0301661 
-0.3857198 
-0.48927453 
0.29419464 
-0.7466815 
0.20556694 
-1.0543563 
0.46693128 
-1.256386 
-0.8727031 
0.6129107 
0.37539315 
2.1624913 
-0.19808608 
-1.2574369 
0.33174768 
0.1639138 
0.23178105 
0.5468074 
-0.6577342 
1.5619775 
0.63207066 
-1.1206877 
1.2983147 
0.1883736 
1.1563603 
-1.0455245 
0.2918816 
0.14405163 
0.87679505 
0.21606492 
0.70892406 
-1.7652409 
-2.3339853 
-0.049351096 
1.0494047 
2.0745788 
1.0056764 
1.0361032 
1.3122206 
0.56543154 
0.2906079 
-0.30617207 
1.5059892 
-1.7012866 
0.11880592 
-2.3910413 
-1.9066211 
0.84107536 
-0.09721221 
0.060405467 
0.08910468 
1.8732742 
0.585603 
-0.113791175 
0.9373909 
-2.6499388 
0.25548005 
1.1821761 
0.9837237 
1.8536047 
0.42806423 
-2.490187 
-1.8356888 
1.7115444 
-0.18523994 
2.0645757 
1.4843637 
1.3444705 
0.17498235 
0.0047292337 
0.7174834 
0.52929693 
0.037878353 
-1.4420925 
-0.5953005 
-0.5354696 
-1.2136244 
-0.7841726 
-0.6406924 
-1.1465352 
-0.151766 
-0.52700037 
-1.9336528 
0.7072923 
-0.95273954 
0.08956865 
0.7472011 
-0.5099828 
0.4131773 
0.30012015 
0.2889012 
-1.075301 
-0.8450421 
-0.5656236 
-1.0731158 
-1.4209576 
0.2340772 
0.98171115 
1.6650789 
-0.32165372 
1.3464892 
1.2783977 
-2.0291924 
-0.5006392 
0.17893368 
0.8692066 
1.955851 
-0.38296774 
0.44426286 
-0.4365632 
0.251235 
1.0556169 
0.2717222 
-0.60814446 
-0.10356664 
0.010555184 
-0.16012429 
-0.52117836 
-0.54720056 
-0.78825563 
0.31409702 
0.06710796 
0.45431805 
-0.85640377 
-1.6613429 
-0.005887124 
-0.02647187 
-0.7536362 
0.25139824 
0.12641147 
-1.0228232 
-0.19449484 
0.0131798 
-0.89955986 
-1.4625411 
2.1402798 
1.2792196 
-0.21786891 
-1.7449363 
2.3306062 
0.038184367 
0.510031 
-1.0408858 
0.7291232 
0.21699475 
0.79393345 
1.5033523 
0.6204363 
1.020397 
-0.3278259 
0.12347283 
0.43285975 
-2.799681 
-0.3755292 
-0.8411885 
0.2536732 
1.6707126 
1.0575234 
-1.4038694 
-0.83753306 
-1.2294858 
0.13046333 
0.11894483 
0.86206275 
0.38195923 
0.5097193 
-0.4766771 
2.608469 
0.1843382 
1.0290918 
-0.39573246 
-0.13874824 
2.958559 
0.21963556 
0.7264245 
-0.6531293 
0.07889854 
1.0140624 
0.27277136 
-0.33616024 
0.4576448 
0.58223623 
-0.35595357 
-0.16078867 
0.15582943 
-0.6090791 
-1.0399165 
-0.79503083 
1.4930934 
-1.5879114 
0.5243138 
0.7343778 
2.606729 
0.33960697 
0.23006049 
0.70805347 
-1.1345495 
-0.24223913 
0.39715785 
-0.010097029 
0.851058 
-1.9901522 
1.4269696 
-0.6753418 
0.8966679 
0.3583754 
-0.8174067 
0.402306 
-1.1926689 
-0.62141186 
1.8254107 
-1.7666514 
1.4861554 
0.38684395 
-0.32220405 
2.203478 
-2.0376973 
1.6680663 
-0.15706976 
0.2191008 
0.03837491 
1.4781787 
0.8597174 
-0.71368414 
0.10406928 
-0.17588325 
0.31174204 
-0.29551408 
0.70149845 
0.940706 
-1.0227469 
-0.07421774 
-0.6425881 
-0.50606346 
0.93431705 
-0.1850515 
-1.3972816 
0.11628147 
-0.47916436 
-0.028139682 
0.1290001 
1.4241871 
0.9059104 
0.32584906 
0.07307956 
-1.0449677 
-0.05251345 
-1.6250141 
-0.124520674 
-0.8394285 
1.4016113 
0.04448642 
1.6930784 
1.7382679 
-0.7774215 
-0.53551847 
-2.2698698 
-1.1421196 
-0.2314185 
-0.34143865 
0.08516915 
0.75515616 
-0.7447493 
-1.3791618 
0.7057596 
0.709476 
0.59742904 
2.0538886 
-1.0194255 
-1.3470399 
0.79315287 
-0.46069533 
-0.2831429 
0.9295092 
1.017798 
0.22238608 
-0.8230509 
-2.0752773 
1.0494893 
0.05590775 
-0.5800699 
1.2177106 
1.4937874 
-1.0934575 
0.8639785 
-0.771793 
1.5021561 
-0.5754231 
1.7458699 
0.35290402 
-0.0053248117 
-2.2953382 
0.84004104 
-0.1841268 
-0.34865376 
-0.54586285 
0.233714 
-3.093898 
0.7544217 
-1.4107876 
0.8632742 
-0.22856559 
-2.2091596 
-1.3111827 
-1.63428 
2.216015 
-0.57988524 
0.8327997 
0.51204056 
-0.4204182 
0.91026175 
0.44375896 
0.10178173 
0.3836138 
0.22673608 
0.6213069 
-0.6381648 
-0.34777054 
-0.16017693 
1.1195985 
-0.8758353 
0.17639197 
-0.07181575 
-1.1606648 
-1.4325247 
1.2942888 
-0.20541133 
1.2698082 
0.99220514 
-1.449868 
1.8222528 
0.26105353 
1.0840669 
-0.9446022 
-0.67447543 
-0.39130816 
-0.09860961 
-2.0082445 
0.39445892 
0.5847277 
0.6449844 
1.008518 
-0.39549258 
0.5145479 
-2.8295827 
-0.42396224 
1.3384094 
-0.97964406 
0.23862877 
-1.0090494 
0.36007953 
2.1874845 
-0.23531704 
1.7621276 
-0.64545655 
0.23546346 
0.7262335 
-1.3762358 
0.07952362 
1.1147343 
0.6474201 
0.10533783 
-0.3033348 
-0.264528 
-1.1049356 
0.62141025 
-1.0838518 
-0.25508222 
0.51219296 
0.97214925 
1.1145294 
1.9398949 
-0.3926376 
0.40164322 
0.13877179 
0.5397192 
0.16750652 
0.93848383 
-0.19770487 
1.2199968 
2.122138 
-0.77454364 
1.6232482 
1.9634929 
-1.5051736 
0.8082454 
-0.16857336 
0.59521025 
0.7974844 
-0.47561744 
-0.28238755 
-0.0131886015 
0.5189592 
0.25908056 
-0.6858962 
0.6862722 
-0.7760153 
-0.22544953 
0.14244096 
-0.029965265 
1.3614749 
-0.4170257 
-0.1477412 
-1.0088542 
2.8833518 
-1.0342267 
-0.3019366 
-0.7245851 
-0.9732506 
0.42320818 
-1.5898393 
0.38204053 
-1.6828686 
-0.27023894 
-1.0290995 
-0.73304117 
0.13568865 
0.2611635 
-2.2837164 
-0.6800463 
-1.0622785 
-0.546633 
2.541071 
-1.9194258 
-1.7909428 
-0.25033885 
-0.1444291 
0.8694113 
-0.9561156 
-1.8705878 
-1.6359246 
-1.2899554 
0.6155692 
0.7453848 
-1.4108393 
-0.43119198 
-1.0561075 
-0.21087348 
1.711932 
-0.5741016 
-0.3998744 
-1.4811965 
0.8013806 
0.13286881 
-0.9620188 
-0.50688845 
-2.1925771 
0.18544038 
2.02277 
2.1094532 
0.39650556 
1.1383024 
0.9363587 
1.0221696 
-0.33800793 
0.21615255 
0.2810626 
-0.28832814 
0.2800611 
-0.07992903 
1.218926 
1.8976442 
1.1387281 
-0.24527736 
0.124051206 
1.041867 
1.1760253 
-0.27597097 
0.97791785 
0.94761896 
0.59230477 
0.053722776 
-0.21049097 
-1.8857855 
0.8516752 
1.1469119 
-0.89744 
-0.375769 
0.31614846 
-0.61055976 
2.376337 
-0.39329955 
0.9857767 
0.061120152 
-1.1737088 
-0.9305604 
0.09922183 
-1.168058 
0.27361295 
-0.9957458 
1.0006472 
1.1791433 
-0.3441274 
-0.9710537 
-0.39953518 
-0.06433326 
0.4339926 
0.11075028 
-0.73980576 
0.4396913 
-2.0693645 
1.5079535 
-0.92126477 
0.50358975 
-0.95550025 
-0.009700833 
-0.49815005 
-0.9320551 
-0.15660402 
2.5809228 
1.2254747 
0.15176244 
2.65155 
-0.3900962 
-0.32107243 
0.5969533 
0.27137294 
-0.8251643 
1.3291544 
0.4484778 
0.025768872 
-1.7762119 
0.9887764 
-0.7689449 
1.11095 
0.3197294 
-2.2644255 
-0.26782843 
-0.90026945 
-0.20838828 
0.80237603 
0.13365802 
-0.9823768 
0.023023542 
1.625405 
-0.88151735 
-1.0228187 
2.4804575 
-1.9403545 
0.9212719 
-1.5818353 
-0.6160842 
1.7681531 
0.13384144 
-0.022731513 
-1.1333083 
2.1648946 
1.5075892 
-0.1926316 
0.17371148 
-1.3693364 
-0.13009852 
-0.21770209 
2.1302 
-0.48264474 
-0.68046343 
1.7746397 
0.6356838 
0.0019069668 
-0.20267487 
-0.5127739 
-0.46897298 
1.3894526 
0.096617155 
-0.8490941 
0.9346366 
0.29876673 
-2.2892275 
1.5054181 
0.95013785 
-0.21807826 
-0.10078395 
0.05723639 
-3.7328496 
1.4007189 
-0.81124675 
-0.24053895 
1.1498107 
0.44174898 
0.49980038 
0.11198423 
0.5200953 
-0.4767495 
0.00796786 
0.8476759 
0.49863228 
-1.2480922 
1.131893 
0.838711 
-0.20906572 
-1.0907499 
-0.19964848 
0.04872622 
-1.6063133 
0.5722023 
-0.09411482 
1.4570197 
0.71937734 
-1.4274932 
-1.4260335 
0.44136336 
-1.6031334 
-0.15616578 
0.9140914 
0.91278183 
2.2291348 
-0.3603564 
0.059919298 
-0.23614855 
0.17978083 
0.556252 
0.55152285 
0.9025147 
1.1616919 
1.5122976 
1.9437524 
-0.21216905 
0.8305021 
0.88605595 
-0.3487004 
0.45504418 
-0.5422861 
-0.17260922 
-1.0627815 
-0.5637403 
0.79546344 
-0.662092 
-0.59486866 
-1.0278268 
0.057925425 
-1.7018347 
-0.26356617 
-0.88052446 
-1.2417976 
-0.66885567 
0.39476648 
1.1195165 
-1.1779853 
1.2733499 
-1.0401512 
-1.6507106 
-1.6937814 
1.3357288 
-0.5958342 
0.65540427 
1.530118 
0.63606995 
1.0999348 
0.8846449 
1.841868 
1.5286893 
1.0806054 
-0.69563705 
-0.08932015 
-1.3678701 
1.4697047 
0.62283194 
-3.4773247 
-0.20565014 
0.07934676 
0.08479992 
-0.6122499 
-0.065275185 
-0.6481487 
-0.8211585 
1.0350165 
-2.8408766 
-0.020908225 
0.04007126 
0.5473927 
2.2729125 
-0.33313763 
-0.36089316 
0.18620913 
-0.99991035 
-1.2233886 
1.2110255 
-0.9360406 
-1.6048735 
0.7239906 
-0.2166508 
-0.44169706 
1.8218465 
-0.005819707 
-0.60116833 
0.663567 
0.91961753 
0.8237465 
-0.47882405 
-1.4967551 
-0.9797934 
0.7608877 
-1.3004905 
0.70701855 
1.1364359 
-0.45680425 
1.5565412 
-1.0834426 
0.74202627 
-0.49681187 
0.32578462 
-0.7487903 
-0.05387527 
-1.1670538 
-0.52386385 
-1.6785331 
2.3628619 
-0.46254387 
-0.8712742 
-0.28960225 
0.10219701 
1.1602975 
1.0342904 
1.8859328 
0.32650855 
-0.1491537 
1.5280422 
0.28059328 
-1.5871798 
1.0094216 
-0.07366131 
0.7209878 
0.85455287 
0.608497 
-1.0804106 
0.963972 
0.07482776 
0.34664598 
-1.7924888 
-1.1328485 
-0.3989287 
-0.45006698 
1.2806871 
0.27249515 
-0.27783832 
0.12647797 
-1.5780618 
1.566186 
1.4714952 
-1.3349506 
-0.47779155 
-0.19935538 
0.57868886 
-0.68231386 
0.0772062 
1.1120876 
1.8671145 
0.1437245 
-0.55868983 
-1.5735664 
-0.02314423 
-0.079233244 
0.14423077 
0.8128543 
1.4377623 
0.5346416 
-2.2569532 
0.5058875 
-0.4766998 
-0.791074 
-1.2862855 
0.64932513 
1.1045334 
-0.31064448 
0.8883144 
-0.11521832 
-1.709986 
-1.260953 
-0.61802334 
-0.178384 
0.7717376 
-1.4223979 
0.25963664 
0.45415503 
0.9911476 
-0.12436937 
0.16771166 
-0.21819487 
-1.140787 
0.02319663 
0.13031167 
0.1862849 
-0.32255206 
0.96546644 
-1.8246652 
0.45167392 
0.8245835 
0.9067175 
-0.8611097 
-0.9579079 
-1.6426628 
1.1718735 
-0.09035224 
-1.3359054 
-0.7033897 
0.51280344 
-0.38096133 
1.7328362 
0.625095 
1.4402875 
0.4205366 
0.47586998 
-0.6458456 
-0.11147859 
-0.84085745 
-0.08327286 
-0.1621419 
-0.37551683 
-0.02152725 
-0.14232986 
-0.32485437 
-0.0017397609 
-0.6301241 
-0.09561397 
0.62247473 
1.2507064 
-0.47840208 
1.1825017 
-0.51468486 
-1.3253617 
1.0810834 
0.9428265 
-0.33451307 
-0.5599004 
-0.10502752 
0.80337006 
-1.1893961 
-1.2932194 
0.6058376 
-0.44469696 
1.2244929 
0.49331653 
-0.5025868 
1.6165607 
-1.0104353 
-0.701219 
-0.73319507 
0.94921 
-1.5415841 
-2.1767604 
-0.24033873 
0.591175 
-0.5052203 
-1.5533063 
1.4018782 
0.8772774 
0.3130546 
-0.6001147 
-0.6942939 
-0.7540901 
-0.561695 
0.7680397 
0.39539245 
-1.1285595 
0.13797516 
-1.4526285 
-1.5391161 
0.480634 
-0.653555 
-0.63254154 
-0.08476815 
0.37486443 
1.7151216 
-0.36935374 
-1.1553206 
-1.9495822 
-0.5750681 
-0.634604 
1.227386 
0.30027235 
0.2686888 
0.6039027 
1.8194839 
1.0348426 
0.7354549 
-0.122884944 
-0.14605524 
1.209605 
-0.1587215 
-1.5499504 
-0.22588433 
-0.3281303 
-0.08164907 
-0.67799056 
-1.1642562 
0.27014458 
1.3011253 
0.17616743 
0.04519409 
1.2962033 
-0.3043717 
1.2369583 
-0.56163746 
-1.156384 
0.43661982 
0.21370418 
-0.3640297 
-1.3059974 
-2.4354491 
-0.783782 
0.5066032 
0.36836427 
-0.24124393 
-0.8200059 
-1.3715937 
-0.5492938 
-0.94713837 
-0.05179661 
-1.215808 
-0.8964711 
0.8993849 
2.2706823 
0.18300317 
-0.74836856 
1.2211426 
2.0267081 
0.6275523 
-1.9611692 
0.5928885 
-1.6189249 
-0.5563761 
1.2453618 
0.9630039 
-1.2523791 
0.23337251 
-0.1528227 
-0.69202477 
1.5074168 
0.73723984 
0.92004883 
-0.11494385 
0.88857573 
-1.134191 
-0.33640024 
-0.9678688 
-0.45406404 
-0.8989712 
-0.70217687 
1.6060095 
0.6655125 
0.9321291 
0.82618964 
-0.34336647 
0.87420726 
0.60497856 
-0.3383778 
-0.23877646 
-0.7066444 
-0.15589848 
-0.6306977 
0.24343733 
0.9099187 
-0.46778736 
0.33722705 
0.20699114 
0.15029714 
-0.8340549 
0.30536076 
-0.35939232 
0.102450855 
0.60670745 
2.21002 
-0.1367326 
-1.665612 
0.6479104 
-0.53176284 
0.69738895 
1.075765 
0.9941203 
0.10968884 
-1.0467136 
-0.98786736 
-0.6515599 
1.0240514 
-0.4219267 
-0.73192036 
-1.0416151 
-0.62548846 
-0.03856375 
0.55050635 
-1.627648 
-0.306837 
-0.28232417 
0.15208825 
1.3011271 
-2.0104988 
1.1092674 
-0.78414124 
-0.42304045 
0.04384415 
1.0288683 
-1.2071302 
-2.0714583 
0.3590205 
1.4405392 
-0.30927703 
0.32711914 
-1.3284566 
0.7073268 
0.44880274 
0.34090155 
1.5674292 
0.19553287 
-1.4031146 
0.7135195 
-0.7127872 
0.90075994 
1.288033 
-1.3639902 
0.36110362 
-0.21966007 
-1.3351557 
1.1485604 
0.4889266 
0.06160539 
-0.19053024 
0.8562454 
0.7110739 
0.82264525 
0.28509614 
0.333649 
0.040403847 
-0.91334915 
0.3766796 
0.21910703 
-1.0703923 
0.56814826 
0.33922264 
-0.3715619 
0.99645054 
0.21591163 
0.5947609 
0.8363243 
0.010514244 
1.0196824 
0.8608541 
-0.6526802 
-0.18340357 
0.9303507 
-0.34018025 
0.45212844 
0.27783194 
0.8880461 
-0.1520551 
-1.016228 
0.5877568 
-0.30755576 
0.2425058 
-0.74923354 
-0.8954776 
-0.83358586 
1.3954126 
-0.34935942 
0.06327384 
0.6686943 
1.326303 
-1.3665365 
-0.060188785 
-1.3525141 
-0.19446853 
-0.3393792 
-1.0379269 
0.79106915 
1.8559922 
-1.4068044 
0.99481523 
-2.1970472 
-1.726038 
0.12852138 
0.25367865 
1.0672269 
0.878546 
1.3474792 
0.5437225 
-1.4839551 
-0.07813531 
-0.2806138 
-1.3916656 
-0.9921706 
-0.110498056 
1.3766999 
0.43615243 
0.288101 
-0.7258475 
0.76294065 
-0.49650833 
1.2899058 
-0.1135219 
0.621614 
1.3302807 
0.6586185 
-1.8438593 
1.1839823 
-0.17376958 
1.5072153 
-0.5802875 
0.30499065 
-1.7999891 
-0.69196516 
0.905642 
-0.8196974 
-0.38312945 
-1.6725774 
-0.5816683 
-0.03511626 
0.70307946 
-0.7627689 
0.18972225 
-0.13246493 
-0.61601704 
-1.3850218 
-1.047 
-1.6525775 
0.56611705 
0.35332483 
0.5047682 
0.47318497 
2.170944 
-0.71891487 
-1.03763 
1.1868517 
0.89054185 
1.0182263 
-1.3501505 
0.5224577 
0.6576453 
0.16573861 
0.78347415 
-2.127862 
0.5592494 
0.44855148 
0.6165414 
0.49131402 
0.95482284 
1.2173108 
-0.8260061 
2.6164718 
-0.34019613 
-0.53639334 
0.35026887 
0.7540529 
0.08200278 
-0.29281622 
0.04389993 
1.1375436 
0.21596412 
-0.11614331 
-1.5586926 
0.2011146 
-1.2172545 
-1.7208855 
-0.78022516 
-0.090050586 
0.31394473 
-1.6248076 
-0.09460161 
0.22547247 
0.929121 
1.3982868 
0.031488545 
-0.8573809 
0.38456586 
0.261171 
0.027501926 
-0.83295304 
0.0023776637 
-1.1224582 
0.017651975 
1.6228923 
0.8471494 
-1.6175684 
-0.97181547 
0.2036666 
0.9341417 
-0.85135204 
-0.3796741 
0.008768376 
0.32455122 
0.85224646 
-0.3540077 
0.8526268 
1.0186287 
0.7081411 
-0.9033049 
1.0347635 
-0.48665783 
1.4158398 
1.2080373 
-0.095455505 
2.3625495 
-0.18308176 
-0.7791605 
-0.3107807 
1.2166895 
1.5870287 
-1.1323491 
-0.38797888 
0.19818598 
0.89451116 
1.1166413 
-1.4054263 
0.71225923 
-0.04578262 
-1.3093703 
-1.6757063 
1.3798379 
-1.5536549 
0.10074431 
0.19889101 
-1.62119 
1.0113037 
-0.2516605 
-0.89984107 
-0.3553212 
0.7708963 
-0.26864752 
-0.6276508 
0.09517865 
-1.3911967 
-0.5694198 
-0.5218534 
-0.16140445 
-1.0518308 
1.2381377 
-2.4242046 
0.82296956 
-0.36372185 
0.19413 
0.3275252 
0.749013 
0.29747683 
-1.3900211 
0.14732677 
-0.4635743 
-1.0293437 
0.22356714 
-1.9038413 
0.75633156 
-0.0314329 
1.117957 
1.6165045 
-0.931614 
0.48253632 
0.6455135 
-1.0642723 
-0.73203963 
-0.1300215 
-0.62544185 
1.2582653 
-1.8818623 
-0.62734944 
0.70608956 
0.29117584 
0.10009645 
1.1354817 
0.46869278 
-0.96416074 
1.8858275 
1.6175518 
0.11925387 
-0.6470592 
-0.3906833 
0.317801 
-0.49747327 
-1.3314605 
-0.08887578 
-0.6993621 
0.08428042 
-0.13489328 
-1.4700707 
-0.7245082 
-1.0692114 
-1.128284 
0.43774828 
-0.27614293 
-1.0496955 
0.060105603 
-0.551372 
0.71469104 
0.8695765 
-2.0966506 
0.14043494 
1.3383876 
1.9209808 
0.210953 
0.20468071 
0.4206503 
-1.0600597 
1.0038888 
1.6809248 
-0.42165333 
0.7244165 
0.09703177 
1.4361598 
-0.56961715 
0.9837784 
-0.7499007 
0.25120527 
-1.1022083 
-0.44770753 
2.1197581 
-1.6782335 
-1.804716 
-1.3990134 
0.3213392 
0.11853474 
-1.4165198 
-1.0100063 
2.0008366 
-2.305576 
-1.7754958 
-0.072313264 
-0.88495094 
0.5720037 
-0.21748625 
-0.7955212 
0.9589846 
