0.2817068 -1.1954281 
1.2549828 0.5957519 
0.20465565 -1.5903412 
0.2519821 -1.27041 
0.49572483 -0.659905 
-0.77961475 0.3150287 
0.057984594 -1.0008149 
-0.0202059 1.8259839 
-0.70460826 -1.5897864 
-0.5665397 -0.3575913 
-0.4990228 -1.1004804 
-1.0410513 -0.8128837 
0.38718936 -0.8357801 
0.1680288 -1.1962734 
0.8201431 0.599067 
1.1374817 -0.34641576 
-0.2928829 -0.6957916 
-0.4518066 -0.39189813 
0.78630215 -1.3390435 
1.0233874 0.6479294 
-0.8912814 0.68716824 
-1.160809 -1.6288981 
2.5405536 -0.71102107 
-0.8672672 -0.6524754 
-0.31430754 -0.6332633 
1.0948734 -2.0330167 
0.009754912 -2.2342396 
1.592121 -2.0244024 
0.687859 0.32305303 
0.9408262 1.1921399 
-0.5980806 -1.3829391 
-0.5229514 -0.264162 
1.7219183 -0.48858756 
0.028172428 0.41168302 
0.9577488 0.14124611 
0.97733176 1.8043412 
-0.25813496 -0.9240639 
0.4105835 -2.0588882 
0.13642415 -0.23560457 
-0.07713562 1.5478284 
0.22391243 -0.648285 
-0.61798406 0.110839576 
0.13595283 0.6002413 
-0.8519184 0.5995747 
0.07350959 1.6826406 
-1.1627338 -0.101712584 
0.022005579 0.9648 
-1.3225082 0.16094002 
-1.5377886 0.48284858 
-0.75102806 -0.99262404 
0.60213214 -0.3926575 
1.7890311 -1.8994575 
-0.46031845 -0.4078076 
-1.6011761 -0.90443176 
-1.120175 0.8520654 
1.0059137 3.1407232 
-1.0277271 -1.0572715 
0.6863683 -1.3215413 
-1.3452251 0.61110556 
0.7948874 -0.2245815 
0.6785611 0.83419544 
-0.49728346 -0.1809488 
0.98913497 -0.8329622 
-0.5100136 1.6095672 
0.3208823 -1.3955287 
0.67953676 -0.14153247 
-0.10285137 1.2031754 
-0.011086008 0.99309874 
-0.34930846 0.42804393 
-0.5720096 -2.0077007 
0.80512124 0.46389455 
-0.08719617 0.53844297 
-0.6340518 -0.43811047 
1.2116424 -1.0248685 
0.2997401 0.7499198 
-0.23805709 1.2812514 
0.0009246971 0.22196065 
0.4165359 0.31894597 
-0.5017112 1.3265139 
-0.6700599 -1.481104 
0.5735443 0.5843239 
1.033701 0.6001045 
-0.33354005 -1.6274645 
-0.9507735 0.82563436 
0.47758535 1.177447 
-0.25513515 -0.6216139 
-0.25991377 -0.6071026 
0.8568729 -0.5212904 
0.34163618 0.3761491 
-0.16218477 0.86733514 
0.81214035 0.47891292 
-0.15547737 0.6341964 
0.043066557 0.17222193 
0.8241542 0.75685245 
1.4108843 -0.27556375 
-1.6906049 0.77514756 
0.43398803 -0.78940547 
-0.35000715 -0.59578747 
1.8125858 -0.15919173 
0.122847654 1.8909452 
0.21004997 -0.910349 
-0.50997984 -0.8311328 
0.3394793 -0.5162962 
0.17042142 -0.12391148 
-1.152231 -0.51599073 
1.5674529 0.17316644 
0.78335667 1.6554536 
-0.2872528 0.60081273 
-0.5237022 -1.499417 
-0.66282785 0.4275203 
-0.65921855 0.15476353 
-1.2806062 1.4038373 
-0.56362695 -0.6274931 
1.2164687 -0.20564982 
-0.032688696 -1.1910766 
-1.5685616 0.08666683 
-1.5690414 -2.369956 
-0.32619822 1.8929797 
1.0037644 0.484146 
1.1379398 0.22119528 
1.1290476 -0.43593848 
-1.0309128 -0.86599356 
1.840977 2.408964 
-1.8574505 -0.4726965 
-0.3864224 -0.111081816 
-0.017784458 -0.3967225 
-1.8164113 -1.990052 
2.2049174 -2.2060776 
0.5843408 0.93805254 
0.20290221 -0.5375568 
0.20979634 -2.1065612 
-1.621096 -1.3386185 
0.17353384 -2.0577252 
-0.51031834 -0.50591046 
0.26316264 0.49345163 
-2.307783 0.9884434 
-0.4242056 -0.2484717 
1.8681128 0.25612894 
1.4466026 -0.18631813 
-0.8278433 -0.29234904 
0.25161195 0.7081137 
0.3374205 -0.3509601 
-1.0505036 -0.7106621 
-1.1840705 -0.48862496 
-0.6476482 -0.88788056 
-0.19498953 -0.73246706 
0.5864873 0.19827242 
-0.98636943 -0.285982 
0.57880324 -1.8901407 
1.8969554 -1.5856173 
2.3827732 -0.10094231 
-2.467577 1.2369722 
-0.9752839 -0.25249153 
1.1204051 0.20215306 
-0.67113715 -0.20763873 
-0.7937103 -0.42348763 
0.7427648 -0.27257442 
1.9788494 -0.7989188 
-1.2129915 -0.2602717 
-0.02558616 -0.63437223 
1.1868426 0.5081024 
0.011020186 1.3714211 
-0.66371393 -0.52227634 
-0.9637922 1.5623856 
0.40417108 0.5946552 
0.79162824 1.1806713 
0.69365144 0.4578476 
0.9320335 -1.2271161 
1.2518237 -0.9941909 
0.6104786 0.2620509 
-0.28236762 -0.12750867 
0.44539726 -0.07092389 
0.35265905 2.3091679 
0.393865 -1.3983786 
0.90798426 -0.3196785 
-0.698469 -0.40528467 
-0.8975979 -0.4139973 
0.4697721 1.6343898 
0.3471242 -1.8020269 
-0.22766593 0.25113913 
0.8434858 -0.8223271 
-0.22517413 -0.49334872 
1.7042738 -0.40836373 
-1.702655 -1.3972012 
-0.59282 -1.0732718 
0.28024307 -0.468308 
-0.7321942 -1.0080596 
0.13137352 -0.020887094 
1.1207695 1.749385 
2.5299149 0.64427954 
-1.2188995 0.14111716 
0.6053925 0.4878334 
0.3170719 1.3671321 
0.20956661 0.49956492 
-1.1831574 2.2067401 
-1.8378175 0.39924496 
-1.32103 1.30397 
-1.6940022 -0.32549712 
0.12281866 1.5365231 
1.2741841 0.6645913 
-1.7976028 -0.442034 
-0.5037058 0.9123825 
1.2956425 0.07357051 
1.8599249 -0.9159838 
0.38107228 1.3888279 
1.2120061 -0.9306136 
0.122706115 1.3990785 
0.29523936 -0.2482098 
-0.4806163 -0.8037917 
1.233773 -0.80627 
0.68177783 0.7370669 
-0.5840213 0.057842094 
-0.597042 1.2388742 
-0.9408923 0.33682117 
0.28922886 0.52488995 
0.8509121 -1.0567589 
1.0120842 1.1674471 
0.36947122 1.2948442 
1.239696 0.3607799 
0.037031393 0.15306944 
-0.06285117 1.2435963 
0.20832881 0.7931505 
-0.17287372 -0.9258011 
1.456328 0.29405105 
0.22857797 -0.46995154 
0.41760156 0.4856955 
0.060474057 -1.0902036 
-0.05520843 -1.7447768 
0.027044818 0.13349469 
-0.07633567 -0.63259083 
0.28306445 1.0160861 
-1.2999209 -1.254611 
-1.6171495 -0.07443751 
-1.7528995 0.90714926 
-0.015903452 1.5419732 
0.79288465 -0.85603863 
0.08925193 0.27013615 
-0.34011558 -0.07548303 
-0.59357727 0.9928572 
0.48864284 -0.55592966 
-1.668409 1.2679518 
-1.0995451 -0.21372867 
-0.9671515 -0.059682284 
1.5798546 0.030194005 
-1.6522864 0.5181851 
0.6466822 0.38215876 
-0.90231967 1.1507703 
0.37519342 1.9036787 
0.502859 -0.70321584 
-0.6530037 -2.8008506 
1.4911472 0.33347353 
1.1059282 1.6490939 
-0.7125931 0.1918491 
-0.9410284 -1.4527477 
0.2270071 -0.5510507 
-0.43946436 0.9920999 
-0.67786485 1.1687241 
0.57125074 -0.43013942 
0.02445377 -1.1560329 
0.8605445 -0.13137732 
0.09172297 0.48284283 
0.23896849 1.7223554 
0.10459965 -0.74759465 
-0.8137163 -1.5102125 
0.37185076 -0.9496935 
0.40350997 0.8095068 
-0.57652664 -0.61400574 
0.46845356 -0.13548012 
-1.1729475 1.1410514 
0.3119296 -0.0061270525 
-0.7954876 -0.016967183 
-0.00027404484 0.037875153 
2.9583242 0.0047995737 
1.232012 0.037739307 
-0.18146738 -0.569555 
0.49803767 -0.5457128 
-0.13984518 -0.3616609 
0.48559907 -1.2644783 
-0.5092725 -0.73022413 
-2.4734156 0.089031324 
0.38818055 0.8817758 
-0.16277394 1.4965453 
0.1415546 0.7275213 
-0.58061594 0.0067235576 
-0.53373325 -0.1165574 
-0.18547575 2.3751287 
0.2511509 1.2897824 
1.1669638 0.6024366 
1.81851 0.9440533 
1.761926 -0.87925065 
-0.46247315 0.9430563 
-1.9101955 0.17492382 
-1.976958 1.5396715 
0.1719287 0.1564849 
0.5170827 -0.056732643 
-0.3963078 -0.10909853 
-0.15167801 2.377319 
-1.4588826 0.0062887273 
0.09177599 0.688501 
-1.926977 -0.724572 
0.015769644 -0.27350438 
-2.1248353 0.2458646 
-0.52196866 -0.4379399 
-2.135773 -1.8356022 
0.13413185 0.5871473 
0.07074027 -0.08886056 
0.29803243 1.2904658 
0.8298843 -0.34548753 
0.72538847 -1.058308 
0.36988115 0.34756112 
0.9295377 1.0821337 
-0.61347955 -0.99197733 
0.5550083 0.40624675 
0.42151815 1.6428049 
-0.08381736 -1.380802 
0.43439555 1.425891 
-1.9755085 1.4868282 
-0.22551298 -0.7989985 
0.6063107 -1.0110806 
-0.98552215 0.89598304 
0.81603813 -1.2900969 
-1.6259599 0.7583088 
0.56886744 0.06144811 
0.22406887 -0.31463668 
-0.91291076 0.5527452 
0.13722266 0.016437933 
0.94270265 0.693641 
0.57874787 -1.8485553 
0.7878162 -0.8356005 
1.0911251 -1.297434 
-1.0203127 -0.27681762 
1.8137856 -0.7677526 
-0.9753562 0.19340767 
-0.004023444 1.0736898 
1.1079701 -1.1863366 
0.92759234 0.3302991 
-0.5829185 2.5952349 
-0.25071943 -2.4962494 
0.28920442 0.9504415 
-0.14337781 -1.3796165 
0.8999241 0.2814378 
-0.57950103 1.5475105 
-1.045303 1.2593386 
-1.2370485 2.374388 
-0.37299904 -0.39520806 
-0.619043 0.59497637 
1.5131152 -0.05408814 
0.8449627 1.6196303 
0.4809509 0.23126797 
1.2216214 0.47358966 
-1.9073927 -1.0668421 
-0.053531054 1.7934432 
0.89820045 -0.62547576 
0.04682935 1.4852103 
-0.31759664 0.24849902 
0.67912495 -0.8482298 
-0.019186573 -0.16849816 
1.8424689 0.99343354 
-0.79518306 0.35207877 
-1.1907207 0.04496796 
-1.0151211 0.00018395013 
0.622777 0.30767986 
-0.85594064 -1.1621732 
-0.38895783 -1.3605174 
2.472438 1.941259 
1.6107041 -0.8543677 
0.6698224 0.3623999 
0.69491595 1.3590635 
1.146607 -0.56845987 
-0.3807299 1.5339032 
-1.3402492 0.76173925 
-0.28723797 -0.813669 
1.387667 2.189754 
-1.8610314 0.035805177 
-1.4201716 0.5140422 
-0.8187623 0.83168316 
-1.6102012 0.33561218 
-0.36171916 0.18188237 
0.47750187 0.6855558 
-1.7541695 -0.023204545 
-0.21396008 2.1285768 
0.48975036 -1.4864157 
1.43535 1.9868052 
0.4009249 0.7623888 
-0.24738023 -2.295194 
0.098691165 -0.31959912 
-0.12630282 -0.579811 
-0.52274305 -1.6692472 
0.9771452 2.5656478 
0.8016559 -0.8434907 
0.51881486 -0.3274046 
1.3936943 0.43502748 
-0.9252139 -1.4383548 
-0.39433035 -1.3315884 
2.0037222 -0.42535794 
0.2635468 -0.6213068 
-0.04676889 0.60574317 
-1.0508237 1.6078469 
-0.2792665 0.82635033 
0.40666264 -0.32398516 
-0.7048716 -1.235479 
-2.2361836 0.41076818 
-1.163431 0.9443721 
-0.73709726 1.429482 
0.26877022 1.9362658 
-0.19136341 1.7391206 
-1.0247632 -0.36604118 
0.14087023 -0.45928586 
-1.6584804 0.39846054 
-0.9485115 0.99282855 
-0.36655203 -0.12053241 
-0.048732974 0.05209315 
-0.10157504 -0.9100094 
1.4203777 0.06774728 
0.5120185 -2.3868642 
-0.45263082 0.02360308 
0.5934312 2.35783 
-0.6055959 0.34696582 
1.0217597 -0.90374064 
-1.924161 0.17634982 
-0.45345354 0.023947794 
0.31759045 0.12901296 
-2.128593 -0.6673187 
0.5160026 -0.8750161 
-0.2286868 0.7799067 
-0.594906 0.12445671 
-0.2529959 -0.17736973 
-0.87575877 -1.5182996 
0.6624759 1.4992994 
0.19192004 0.58719283 
0.3698177 0.63229215 
-1.8373755 0.120911695 
-0.1558691 0.11068451 
1.3132273 -0.3964401 
0.3757193 1.256749 
0.3661862 0.89753956 
1.2091976 -0.9321019 
-0.6319955 -1.8116562 
-0.17326975 1.15511 
1.7930964 0.088848524 
-0.36842227 -0.8676593 
0.008839107 -0.4080205 
-0.8650613 -0.04774416 
-0.029945236 -0.95214677 
0.014300251 -0.87921304 
1.2026379 -0.50179493 
-1.1534306 0.5745187 
1.6443429 -1.5432143 
0.20883471 -0.6312989 
0.17151342 -2.6053195 
-1.5689678 1.4445386 
-0.19467396 -0.526976 
0.11943474 0.41385087 
-0.81339073 0.36021608 
-1.1731077 0.062137052 
0.6990176 1.2169541 
-0.25374657 -0.79703385 
-1.0597465 -0.35947266 
0.9038992 0.89451694 
-0.7788737 -1.8819981 
-1.4062834 -0.5670738 
-1.0057145 0.41592693 
0.6458396 -1.7516918 
-0.09096365 0.6126082 
1.3137032 0.74961376 
1.1804174 -1.9040309 
0.10320686 0.47917068 
-1.1639154 0.033340096 
-0.29157233 0.40532693 
0.6380355 -0.37463498 
-1.5807009 1.3814763 
1.0238515 -1.414957 
-0.09362063 -0.3374214 
0.32750553 0.6301673 
-0.93919796 -0.11792224 
0.41785145 -0.7277546 
0.9777813 -0.6256786 
-0.5227812 0.06619259 
-1.3084419 -0.09092349 
-0.18753456 0.68750966 
-1.2699765 0.3246305 
0.9269417 -1.7398047 
1.1398199 -0.36949933 
0.3223546 1.1805667 
0.86564565 -1.1624279 
0.482231 0.36729988 
-0.22907332 0.4977803 
1.5784974 1.1206506 
-0.50705284 0.75162417 
0.9505278 -2.730699 
-0.9124461 0.76865476 
0.42599764 -0.13924718 
0.24689697 0.4461805 
-0.17544538 0.83668685 
0.35447413 -0.30455476 
-1.5130936 0.10582916 
-0.22387049 -1.5867089 
0.23302154 -0.23196836 
-1.2412033 1.1677532 
-1.4485289 1.0310873 
0.38661668 -0.3042169 
-0.07712301 0.66056997 
-0.12726249 0.92782 
0.72648937 0.0057316446 
0.99750394 1.071682 
-1.8886827 -0.88007337 
0.6586486 -0.56323355 
-2.2335875 1.163014 
-1.7999418 0.89911866 
0.2118428 0.40020517 
0.9227741 -1.0798191 
0.14990108 0.041337468 
1.3124677 -0.3438584 
0.63412434 -1.0855304 
-0.384255 -0.8400895 
-1.0571505 -0.29301566 
-0.015315637 -0.077187546 
0.88580537 -0.63157374 
0.10198769 0.39604732 
1.4811962 0.4092979 
-1.0874773 -0.9111125 
1.2132795 -0.1366775 
0.20041528 -2.045485 
0.75764805 0.6515462 
-0.88304293 0.017922692 
0.36963147 -0.65505546 
-1.3488629 -0.04119933 
1.2582744 -0.26871637 
-0.45074916 1.3342797 
-1.1297537 -0.8918536 
-0.62639934 1.5179213 
-1.3503859 -1.0219511 
0.26410145 1.8072698 
-0.78924465 1.733358 
-0.9843154 -0.22599486 
-1.5527664 1.1880544 
-0.93835896 1.5482936 
0.23560168 0.3860594 
0.57150596 -1.7551175 
1.5309665 -0.45450872 
-0.4861829 -1.0079125 
0.1897127 0.44552678 
-0.049635965 -0.3941776 
1.6928364 -1.3448585 
0.94989836 -0.1271043 
-0.025181226 -0.038651906 
0.31994364 0.8362128 
0.82739186 -1.664408 
0.16737331 2.2152362 
0.2352164 0.43431813 
0.3149527 1.6181982 
1.0579928 -0.28868392 
-1.2313224 -1.4377949 
0.7114831 0.8620802 
1.5520015 0.028773306 
-0.008761846 1.387016 
0.3567517 -1.4204769 
-0.67869097 0.34383494 
-1.1873252 -0.20874803 
-2.3031347 -0.5809363 
-0.09133345 -0.6575903 
-0.55306804 1.2802601 
-1.3356686 0.115027025 
1.676408 -0.70221394 
0.3971297 0.80189174 
0.89450604 0.8561814 
-0.2801867 -1.0588939 
-0.3590563 -1.1726159 
0.33334506 -0.7292207 
0.8002642 -0.9148332 
0.7987963 0.51328444 
-0.9851165 1.5104059 
-0.5444595 -0.20809476 
0.1199031 -0.87177974 
-1.3610779 0.004069986 
0.5655587 0.21516137 
0.23777215 0.9069031 
0.31517902 -1.5510303 
-0.21685946 0.37796274 
-0.3725892 -1.6809216 
-1.0434366 -1.7441376 
0.31632495 0.6502164 
-0.8388442 1.1728816 
2.1636689 0.8955907 
0.36907148 -0.28186032 
0.3286235 1.025199 
0.4465044 1.005618 
1.4507385 -0.4050085 
1.3834226 -0.53711194 
-2.0612228 1.542692 
-0.64485407 -1.0669757 
-0.45914862 0.54086983 
-1.288108 0.5864135 
-0.45116785 0.34479374 
1.1859505 1.027954 
-0.79192 -0.7710882 
-0.58455783 0.8823167 
-2.5884883 0.62205493 
0.29451895 0.6472973 
-2.50964 0.12960166 
1.7095817 -0.06445502 
-0.011181018 2.023716 
1.9540726 -1.2071983 
-0.7660363 -0.103035115 
-0.027756333 0.56695735 
-1.7902573 1.3015181 
-1.0751635 0.4299062 
-1.1183696 0.13731343 
1.0891697 1.3214878 
-1.1260061 0.8230291 
0.6951273 0.75249225 
0.22422557 0.21624334 
0.19360445 -1.8748024 
0.27144003 -0.6835181 
-0.70334876 1.5997082 
-0.28513232 -0.4967585 
-0.19073296 0.06793127 
-1.0532805 0.79594666 
0.3737798 1.7264184 
0.53003633 -0.06673609 
-0.48496345 -0.15578398 
0.09504101 -2.2186415 
-0.4830264 -0.86609983 
-1.4652536 0.6611285 
-0.3032494 -0.031198645 
2.0426636 -0.218839 
0.37260535 -0.053499024 
-0.07085405 -0.400999 
1.9549593 -0.41609296 
-0.37200028 -0.37558848 
-0.945329 0.23214327 
0.49222815 0.19988629 
-1.1391337 -0.26054576 
-0.10695681 -0.24754432 
0.9058581 -0.90836644 
1.2888939 -1.7232288 
-1.6224265 -3.456791 
-0.35541844 -0.17474256 
-0.5570766 -0.72782457 
0.025162823 0.47020906 
0.57050437 -0.50672746 
0.6160626 -1.7275704 
0.22476056 -0.42889053 
-0.89936715 0.73954463 
0.6805145 -0.40031037 
-0.32249585 -0.8343651 
0.082812294 1.7141857 
-0.068421654 0.72674847 
-0.5089371 0.42070276 
0.010649506 2.5093446 
-0.88002414 0.086540334 
-0.2675254 -0.17204922 
0.7334748 0.75462365 
1.6098253 -1.8948289 
0.9921336 -1.0616122 
0.53113616 0.25812575 
2.2997544 0.8910098 
-0.59920347 0.3584633 
-0.51968575 0.21332794 
-1.670771 -1.4645969 
0.06233942 1.2806523 
-0.3259317 0.24299736 
-1.5227659 -0.87940824 
0.28018758 -1.9117826 
-0.2121924 0.41087276 
-1.3824149 -0.2595912 
-0.29135883 -0.009965491 
-0.692173 0.56797886 
-0.56602293 -0.45501825 
-0.043796718 1.8653324 
0.14400257 1.3784463 
-0.7769148 -0.5066148 
-2.5025504 -0.0864502 
-0.0409852 -0.057792503 
0.04487834 -0.47049007 
-1.0767484 -0.2515243 
-0.2071096 0.70502913 
-0.20544825 -1.1423985 
1.6147796 -0.08964147 
0.10821388 0.03940501 
-0.3340048 -0.012457174 
-0.74137974 -1.1360031 
0.24967001 0.12064317 
1.4123385 2.3137197 
1.6842496 0.9598512 
-1.8349754 -1.102826 
-0.6565507 -1.755337 
-0.97066164 0.28127128 
-1.7742469 0.13322553 
-0.97800666 -1.00684 
-0.13476674 -0.16927244 
-0.19000788 -0.643634 
-0.642591 -0.71397054 
-1.755605 0.77578 
-0.04472872 -1.1227046 
-0.051202603 0.025754584 
-0.47125652 -1.50097 
0.18524231 -1.5291821 
0.9743212 0.44799915 
-1.0995244 0.08106597 
0.8788535 -1.6426444 
-0.73811376 -2.5109146 
1.8898342 0.4575213 
-0.44028902 -0.48013487 
-0.3363423 0.11301888 
-0.064164646 -0.37061378 
-0.6064177 1.382362 
-0.231361 0.71474206 
-0.42037264 0.028354548 
-0.43739113 -0.97197694 
-0.9263396 -0.7989461 
0.37515944 -1.2187756 
-0.79454005 -0.93475974 
0.47852138 -0.21037647 
-0.8477995 0.27324772 
0.3397119 1.7690538 
-0.5728188 -0.30041817 
-1.3698633 -0.0060721864 
0.38855305 -1.2141123 
-0.4104411 -1.2455077 
-0.5013564 -1.0929557 
0.86751896 0.57875293 
2.1459703 2.136828 
0.4362398 -0.43056214 
0.08757324 0.6417962 
0.0972096 -1.4821514 
-2.3520916 -1.5547953 
0.99124056 -1.0186561 
-0.3254969 -1.0191044 
0.67514306 -1.3222396 
0.794701 0.2516081 
-0.37619102 -0.9852603 
0.56984836 -0.991592 
-0.3879992 -2.177978 
2.2716253 0.024958268 
1.9856257 -0.48792088 
0.14655477 -0.5837898 
-0.028739741 -0.41065174 
-0.21781097 -0.8031841 
-0.17066318 -0.2243047 
0.453077 2.3067985 
-0.520592 -1.0635979 
-0.39470005 0.23077492 
0.60834455 -0.95620954 
0.237833 -0.22720326 
1.5848076 -0.102289066 
-0.008184757 2.8633332 
0.39494136 0.4777589 
-1.3468935 -1.5400738 
-0.5493042 -0.30445105 
-1.9400748 0.9046029 
0.9931416 -1.9318469 
-1.8000915 -1.7165693 
0.49967456 1.2702506 
-1.5389307 -0.4669415 
-0.07908324 -0.8914152 
0.79757833 -0.04389621 
2.9786632 -0.5458001 
1.7223204 -0.8870551 
-0.1382842 1.8575995 
-1.8530309 0.019004144 
0.8443598 -0.61324024 
-0.5417269 0.9236976 
1.3077236 1.0248481 
0.67262685 2.0195215 
0.38814902 -0.21015291 
-1.2975293 1.8363484 
0.015463609 -0.24906479 
0.51656276 1.3055042 
-0.5041643 -1.2093896 
0.16647245 -0.14438744 
1.192293 -0.3116339 
0.6149364 -0.8414161 
1.1472123 -1.1433899 
-1.0406687 -0.2465762 
3.2535648 -0.30095667 
-0.5001666 0.76361024 
1.5106205 0.39492565 
0.821408 -0.59338254 
1.0933201 -0.3137766 
0.029337322 0.3505911 
0.18984409 -1.2923143 
-0.73838365 -0.887986 
-0.02639758 1.1309094 
0.008579164 -0.06815086 
0.20867532 2.2435675 
0.52159226 0.36809942 
1.7493529 0.31166518 
-0.29466325 -0.76569414 
2.8821452 0.5275031 
-0.31775576 -0.41427264 
0.48354006 -0.23141347 
0.046908446 -3.0954976 
1.0592452 0.31157374 
-0.23429151 0.55545974 
0.7737965 -0.4358296 
0.29455858 0.12017022 
-0.82604426 -0.047547087 
-0.5105104 -0.16839336 
0.060744245 -0.9166807 
-0.63338363 -0.6726019 
0.0894579 -0.21433721 
0.8910333 1.2601091 
-0.19607298 -0.025749149 
1.4688257 -1.4254589 
0.7092789 0.44037881 
-0.64528596 2.1179218 
0.82778233 -0.14343071 
-1.1295494 0.19922054 
2.5169952 -0.42879757 
0.5503552 -1.157633 
-0.18789455 -0.2650078 
-0.41252258 -0.97418827 
0.06840293 -0.0013788639 
0.2821436 -2.0222423 
2.2860231 0.12705387 
1.6732504 1.0066215 
0.15397225 0.85993284 
0.77973115 -0.66751605 
-0.13763444 0.28235123 
0.1726963 1.1768287 
-1.1866928 0.5274909 
0.11482188 -1.6234834 
-0.2975752 -0.34820098 
0.93105716 0.36616504 
0.73060054 1.0805922 
0.43548688 1.8269848 
0.7680743 -0.52008367 
0.6786138 0.089893684 
0.9175798 0.108980194 
-0.15836406 -0.5318269 
1.2291787 -1.4496579 
0.6332022 -0.75062233 
-1.5442761 0.14466892 
0.8376998 -0.25898618 
0.3073037 0.9010984 
1.4616572 2.6640816 
-0.38903317 -0.57322115 
-0.6007101 0.37190026 
1.0663476 -0.04414987 
0.7070151 0.0064550284 
0.9822776 -0.37481853 
-0.32311618 -1.1733682 
-0.62738 0.9837095 
0.30255145 0.69665056 
0.275223 0.40918514 
0.44699258 -0.25641882 
1.2845949 3.2395563 
0.058433045 -0.91294533 
-0.47320157 -0.024528697 
-1.3424387 2.5794525 
-0.23559813 1.3649262 
0.67240936 -1.5883784 
0.82826257 0.40402442 
0.33220744 -1.9146597 
1.1193906 -0.9125171 
0.3399548 1.0562661 
-0.97715706 -0.04416245 
1.8407776 -0.1612898 
0.19045027 -0.832543 
-1.1716397 -0.46773216 
0.10034816 -1.7936882 
0.83022696 -0.30460212 
-0.27586383 2.830888 
0.532092 -0.07038509 
-1.0227994 -0.6882326 
-1.1698132 0.92413217 
0.702783 0.79949456 
-0.8946929 0.26089454 
-0.44760925 0.035262853 
-0.5570146 0.17689869 
-0.01835903 0.9222809 
0.2768313 0.93101364 
-1.9917434 -1.130067 
-2.210733 -1.1486923 
1.4655309 -1.2366811 
0.23203832 0.56801176 
2.808479 0.07540653 
1.4876065 2.0596063 
0.4925673 1.7150179 
-2.53004 0.13616808 
0.043719772 -1.6444346 
-0.7995683 0.3229851 
-0.65195197 -1.7104583 
-0.7117619 -0.2336581 
-0.13586111 0.46292058 
0.937367 -2.8184497 
0.4587598 -0.43286127 
-0.76352894 3.1421123 
0.075959094 -1.2719362 
-0.32440352 -2.3931031 
2.5079012 -1.3300254 
0.6968397 -0.3111543 
-0.70296925 0.6255343 
-0.009041548 0.61889213 
1.5678211 0.9614323 
-0.5272237 2.0302315 
0.3146266 -0.083293095 
0.56610763 0.79807967 
-0.7808891 1.4729673 
1.8208361 0.5942829 
0.49148753 2.0336583 
1.7672061 -0.5269912 
0.0448745 -0.7594815 
-0.67898405 -0.7737813 
1.077386 -1.1683772 
-0.732201 -0.2722852 
0.0716262 0.06968804 
-1.3432554 0.49420828 
-0.26948997 -0.50330126 
1.6723098 0.9761084 
-0.87781286 0.31226844 
1.4619474 -1.0991509 
0.7441753 -1.5766155 
-1.4645958 0.8167977 
-0.16822477 -0.6205947 
-0.9998706 1.0060349 
0.954978 -0.31057078 
1.2740062 1.7210726 
2.8911805 0.884617 
1.662376 -1.1159139 
-0.07638008 -0.8360967 
0.15563853 -0.5399588 
-1.578058 1.0405507 
1.9285098 0.23873301 
0.4710574 -1.2282362 
1.2690237 -0.39554244 
1.4874784 0.0068263193 
0.02460144 0.61767834 
0.095665015 0.11705434 
0.31153777 0.5214863 
1.7972192 -0.08638784 
1.7608126 -0.8056867 
0.46681657 1.2901602 
0.85457915 -0.65086323 
-0.7768192 -0.58766687 
0.06798526 -1.5243204 
-0.29550987 0.79886603 
-1.7594213 0.35228345 
-0.017656354 -0.38160932 
0.3548659 -1.9168776 
1.2624103 -0.46526352 
-0.8188502 0.24401563 
-0.59384125 0.14114307 
0.6910489 0.0044970447 
-0.35785672 -0.84358436 
0.7042731 0.32910684 
-0.5675758 1.1463875 
-0.23795798 0.92597157 
0.108631134 0.6343749 
-0.5859503 0.53914416 
-1.3587766 -0.833249 
0.9458209 -1.7616937 
-0.3633062 -0.562582 
1.3040394 0.85022765 
1.9631662 -0.8562474 
-0.80911297 1.6344529 
0.12216341 -1.1520305 
-0.11537294 0.4981451 
-0.861991 -0.14354312 
-0.12254698 -1.7691002 
0.5021823 -0.056817945 
0.9238632 -0.5047822 
-0.49178886 -1.2490643 
-0.4724154 0.33801705 
-0.2585698 -2.1434846 
-1.2411791 0.5637341 
-0.45262426 -1.0134296 
0.96813506 0.28809494 
-1.3575644 -0.24757886 
-0.119947314 -0.28807348 
2.2790694 0.2569441 
0.0911565 -0.022379452 
0.43822604 1.2669029 
-0.6417448 -0.96979094 
0.42164433 -1.020204 
0.08067967 -0.5241834 
-1.5817767 1.083995 
1.3455349 0.66059965 
0.32185474 -0.062431 
-0.7576247 -0.11424003 
-0.369148 0.40587482 
-1.2020599 1.1426758 
-0.42599735 -1.3910738 
-0.12834485 -0.9810236 
-0.2097395 -0.03993876 
1.2149779 1.144827 
0.3663277 -0.45407954 
0.5274484 -0.95518315 
0.19087736 -0.7942088 
-0.23675048 0.2799389 
0.51033 1.4276016 
0.5877651 0.59631664 
0.14067684 -0.89211756 
-0.72590894 -1.0573118 
0.16970344 -0.43791637 
-1.3257178 -0.44644043 
-1.1099212 -0.78735006 
-0.8100043 -0.16031463 
-1.197438 1.1765057 
-1.0090207 -2.8434684 
-0.6506199 0.7982624 
3.3277166 0.23986928 
-0.012270717 -2.000534 
0.014914317 -1.0335628 
0.68282515 0.96212006 
-0.17622624 -0.7994499 
-0.6025089 -0.71503985 
0.4895186 0.19634883 
0.00311258 0.11233253 
1.4595108 0.6878814 
0.83617705 -1.6608363 
0.626202 0.35904962 
1.5265733 1.882527 
0.6797451 -0.063909076 
-0.49080634 0.09002371 
-0.76888716 -1.7937675 
-1.1359627 -0.43435675 
-0.8610554 -0.64177954 
0.32741266 1.9830106 
-0.25159785 -1.2106348 
0.7214382 1.6256844 
0.6565293 0.9330652 
-0.5069487 2.8001614 
0.95999676 0.43686253 
0.8038954 -0.10023506 
0.99373525 -1.9964257 
0.2797735 -1.4997082 
1.8024626 -0.75794524 
1.8045268 -1.1712227 
-0.29496843 1.9278399 
-0.2503528 0.7220876 
1.8603595 -0.6975194 
-1.0841577 -0.72469777 
0.22338282 -0.4836312 
1.1922585 0.025874767 
-0.06273614 -0.6520838 
1.6769987 -1.0375248 
-0.5246221 0.88843185 
0.19171758 0.36720452 
-1.7839811 0.5329992 
-1.1791406 0.16556911 
-0.7998137 1.5107436 
-1.0733048 0.0045391195 
-1.8492961 1.1194929 
-0.66847277 0.058841288 
-0.21276684 -0.5591476 
0.60476583 -0.41283876 
-0.7436252 0.17916863 
2.773842 -1.1693262 
-0.5930485 1.0588838 
0.8964221 0.9458845 
-0.39996904 -0.16684988 
1.1523827 -1.3503116 
-1.0503119 -0.35478026 
-0.74721915 -0.15889244 
0.05412504 1.8170931 
0.43665814 0.12166495 
-0.28262335 0.45392013 
-0.7485565 1.085732 
-0.5715199 1.4833794 
-2.5154357 0.4971689 
-0.45346498 1.5158471 
-1.6713805 0.07021106 
1.3458923 1.104321 
-0.42239237 -1.490762 
0.1666584 1.1744312 
0.71058404 0.9560596 
-1.814599 -0.06446187 
1.00783 0.4495287 
-0.47028944 -1.1807389 
-0.6761355 -0.48207197 
-0.29527178 1.1250148 
-0.13164903 -0.10158907 
-1.6503276 0.74534225 
-0.43509853 -0.61730814 
0.39269733 1.6193626 
-0.58023185 -0.431624 
-0.66818327 -1.617776 
1.1701368 0.8333157 
-1.5698009 0.5695066 
-2.842861 1.1026952 
-1.5844818 -1.9628744 
1.1521811 -0.23314756 
-0.6573659 0.9025011 
0.04153934 -1.4396775 
-0.5352478 0.35803798 
0.8997038 0.46991742 
0.555627 -0.46605018 
-0.4862879 -1.0231388 
0.836152 -1.2426704 
1.6563023 0.44652072 
-3.6853988 1.4530685 
-0.10119911 -0.3296802 
0.60386014 -0.32328835 
-0.19524737 -0.28980994 
-0.0030727661 1.2956415 
1.3430783 0.60491586 
1.105229 1.656831 
1.4976572 -0.8683475 
0.9023837 -1.0315958 
-0.033342525 -1.7172498 
-1.7060161 -1.7204475 
-1.3325945 -0.824645 
0.010656016 0.049763415 
0.3631663 -1.5619607 
0.28887993 0.39527315 
0.09294078 -0.46646538 
0.37068143 0.24766694 
0.534187 -1.0859324 
1.2267731 0.62698126 
1.0324513 -0.113558985 
-0.7159565 -0.062278587 
-0.80128515 0.54892987 
-0.59733987 -0.78698677 
-0.764374 1.1075257 
0.2233728 -0.19602336 
0.28903756 -1.0625286 
-2.6532989 1.2418126 
-0.27868646 -1.2938474 
0.27079213 -1.0063165 
0.28768116 2.1808717 
0.88352877 -0.95758367 
-0.13016751 -0.078554936 
1.3362281 -0.7219357 
0.25526837 -0.10990367 
-1.0499526 0.77705073 
-0.892147 -0.042952202 
0.9951506 -0.42409948 
-0.18429749 -0.08513044 
1.1349057 0.17839563 
1.9517956 -0.60302675 
1.0409822 1.4500141 
0.6834788 0.48768833 
-0.25896803 2.3439126 
-2.0064068 1.4934307 
-0.31281582 -0.6126809 
-0.15268861 1.8794719 
-0.44660023 1.2789978 
-1.2829131 1.0362638 
0.98667127 -0.80691826 
0.47329682 0.1060206 
0.8857308 -0.18848966 
0.67805517 0.94533867 
-0.19181493 -0.49317345 
0.93343097 1.4320159 
0.096835054 -0.71902233 
-2.433035 0.7214356 
0.63417387 0.98849535 
-0.6437774 0.37422654 
-0.5339878 -0.32430878 
0.6556309 -0.889952 
-0.16336197 -0.53174174 
-0.25286865 -0.14327636 
-0.10004552 0.12165605 
0.058042563 -0.011235206 
-1.346803 0.15533677 
-0.8660542 -0.52325624 
0.5543882 -0.4559184 
1.1743866 0.974779 
-0.004311384 1.8756069 
0.040023223 -0.14358883 
0.5413372 -1.3712946 
0.10697673 -1.2770283 
-0.7768198 -0.008681064 
-0.40671596 0.54146767 
1.4244846 -0.11768341 
0.60393727 1.6170151 
0.5765113 -0.24677663 
0.055619657 -0.7522656 
-0.7627659 -0.41896918 
-0.2101344 2.23175 
-1.7098395 -0.797316 
0.5657473 0.67356056 
-0.5589581 -0.8538803 
-0.35301188 -0.75272095 
-2.4237401 -1.5123657 
0.79894835 -0.90410376 
0.7351758 -0.28633308 
1.2175361 2.2204368 
-0.339849 -0.45127574 
-0.9339482 0.82868236 
0.27119845 -0.53459144 
0.09246128 1.0479629 
1.0976372 -0.7280334 
-0.17372154 0.077285275 
-1.5010971 -0.813372 
-0.45692438 -0.078963436 
0.8290881 0.7874713 
0.7226075 0.52419114 
0.44948044 -0.48497874 
0.71426445 0.7692678 
0.41776633 0.014475185 
0.39726818 -1.322085 
1.6878272 -0.44251096 
0.31150368 0.19726144 
-0.08249631 -0.82068884 
-0.37352654 2.0907445 
1.6621451 0.6156228 
0.043928467 -0.27149242 
-0.86007863 0.53407216 
0.5775804 1.5900373 
0.76660985 1.0242753 
-0.8078655 0.85221916 
-0.16089953 0.92520547 
-0.05323557 -0.7273478 
-0.8172587 0.23711203 
0.0102704335 -0.47654736 
-0.027134659 -0.7582174 
0.273297 0.38826442 
-0.5019169 0.68397504 
0.29692417 0.78991765 
-0.056411818 -0.931484 
0.6081268 -0.09237147 
0.07194537 0.24618629 
0.060238525 -0.04144689 
-0.7767935 -0.7585663 
-0.32633618 -1.5265582 
-0.9991005 0.18787694 
0.1748981 1.6360675 
0.13085014 0.012008437 
-0.959279 0.041161474 
-0.5627178 -0.89501816 
-2.9127817 0.20076637 
-0.47770116 1.145274 
-1.3743418 -0.91201496 
0.23862594 -0.4116428 
-1.1549482 -0.5358869 
0.16558291 -0.6446208 
1.4371158 -0.016367594 
-0.3578403 0.7638359 
-1.6828384 0.8062263 
0.019856917 -0.72735596 
-0.107043445 -1.2953513 
-0.766358 2.0991879 
1.6728551 0.21348234 
-1.247824 -0.49927545 
-0.17276163 -1.3970954 
1.320249 -0.53179955 
0.4085398 0.8512876 
-1.9401056 0.0824996 
-0.08734445 0.18914822 
0.8688673 -0.994347 
0.34160143 -0.7063886 
0.13020329 -0.6562097 
-1.7370096 -1.3615012 
-0.050855603 0.06154253 
0.8963585 0.36704582 
0.27930397 0.8029006 
-0.8847508 -1.7668265 
0.18514565 -0.088057965 
-0.22983496 -0.1460483 
0.6409698 -0.6205322 
-0.20842765 0.89953667 
0.6499733 0.11081171 
-0.8545195 -1.2904261 
-1.1671729 -1.0671829 
0.19029142 0.8291143 
0.20305409 -0.861881 
0.3412639 -0.65427923 
-1.690177 1.0484573 
0.9676462 2.676416 
0.15442003 -0.2963651 
-0.8183835 0.4613021 
-0.25846836 0.42429742 
1.0528 -0.5225185 
0.9454854 0.6415902 
0.18033424 0.23509829 
1.1565781 -0.86565083 
-0.5670679 -1.4551497 
-0.9805906 1.0153677 
0.10477792 1.0199438 
-1.512592 2.2838483 
0.48564786 -0.9678674 
-0.021237437 -0.6767554 
0.12708852 -0.21660724 
-0.772278 -0.9817844 
0.35806075 -1.3233885 
-0.61520064 0.09425177 
-0.43929473 -2.6575165 
0.6349097 -0.8317736 
0.2988549 -1.8485255 
-2.2371278 0.52026546 
-1.524643 -0.067967705 
0.772034 1.6733222 
-1.5057845 1.6765877 
-0.062247504 0.6949381 
0.50476223 -0.2095047 
0.6723682 -0.4422641 
0.4127138 -0.6616189 
-1.4696538 1.0750291 
2.1021245 0.946997 
-0.4600274 0.26636255 
-1.5119289 -1.257889 
0.66171813 1.020979 
-0.56264365 -0.296326 
-0.18639733 0.06572231 
-2.4796028 1.3055815 
-1.2305899 0.050363626 
-0.34791926 0.17231978 
-0.24876447 1.222653 
2.0523648 1.295852 
-1.0356629 1.6816741 
-1.0973437 -1.6579635 
2.0110426 -0.30030856 
-2.1111963 -0.97423357 
-1.3513683 -0.40604886 
-0.89796716 0.11915475 
0.65276104 0.18615802 
-0.039394 0.7569445 
-0.16868907 -0.7678314 
0.05604829 1.099319 
2.0585616 1.3587978 
0.10619644 -1.2137724 
-0.034997918 -0.7176077 
-0.5901405 -1.3898695 
0.33689812 -0.52902776 
-1.9183655 -1.233454 
1.0313389 2.4759712 
1.9382925 -0.19474368 
-1.8553069 -0.20023447 
-0.1403723 -0.56013405 
1.7471981 -0.95411456 
-0.01055058 -1.4033676 
-0.6913248 -0.031499647 
0.9529578 -0.12433485 
-0.5781693 0.07109817 
-1.4302313 -0.56035423 
1.7225693 1.4942017 
0.16801187 -1.8524681 
0.6691333 0.08578762 
-0.26747355 1.1834984 
1.0108737 0.6395063 
-0.7651454 0.59303135 
-0.5192193 0.8029912 
-1.1716644 0.25936398 
-0.24670538 0.5334891 
-0.024091106 -1.0063729 
1.1102872 -0.07883997 
0.056263436 0.7477873 
-1.2896938 -2.338105 
1.4964826 0.27600303 
0.116536066 0.21999119 
0.28613174 -0.91313696 
-0.8537527 0.32317877 
-1.65623 1.7530898 
-2.831946 -0.44940293 
0.9886199 -0.996466 
0.39133447 2.15987 
0.5175099 0.8563893 
0.8960662 -1.2450163 
-0.4037379 -2.4021308 
0.49357823 -2.283399 
-0.72765505 0.21392748 
0.53782135 0.83375806 
0.84895283 -1.132815 
0.1960714 0.1722923 
0.18026133 0.40471002 
0.26522878 0.89370805 
0.19567852 0.08145565 
0.20781274 0.54687357 
0.7039085 0.2787523 
-1.7648727 -0.1807251 
-1.8154023 0.23932676 
-0.36950272 0.5382699 
0.37406403 0.38220945 
0.33774832 -0.58348686 
-2.026219 -0.82395566 
0.7161011 0.2932762 
-1.0577922 0.35670415 
1.5799375 0.16577682 
0.861321 0.5634677 
-0.33234516 0.44486254 
1.0491469 -0.4365524 
-0.9009737 -0.5682095 
-0.53731924 -0.79930145 
2.361506 0.32884642 
-0.5401682 -0.25960618 
0.7397122 -1.4328105 
0.01977747 2.1651442 
0.77334714 -0.86257046 
-1.2511996 -0.1378421 
-0.6090253 -0.25621185 
-0.1136582 -1.111464 
1.0376219 0.042619593 
0.47556528 1.0980018 
-0.5731157 0.40752164 
-1.8133906 -1.2976003 
-0.4646962 -0.02063707 
0.2013839 -0.02998687 
1.0708029 0.35786188 
0.15875942 -0.33734453 
-0.72153014 -0.22096582 
-0.37374222 -1.3357568 
1.1459348 -1.9754691 
-0.2744469 1.5167075 
-0.4564437 -0.5318253 
-0.06417396 1.2088175 
-1.2943405 -0.84074515 
-2.1824837 -0.3861571 
0.5381066 0.7487224 
-0.5981097 -1.8709028 
1.0540026 -0.9724285 
1.9303457 0.08570295 
-1.8650893 0.89212584 
1.0021373 0.4937382 
-0.42732066 -0.090591624 
-0.5120021 1.8262012 
0.7532883 0.04883407 
-0.29583126 0.19471994 
0.49008387 -2.554215 
1.0666137 0.52737546 
-0.41452205 0.047359712 
0.029196711 1.0555037 
0.9927142 -0.47926065 
0.6367983 0.030848324 
0.4010804 -0.63930184 
0.5533377 0.60747683 
0.3493029 -0.07533393 
0.72451127 0.050888103 
-0.1898715 -0.21077016 
-0.65427107 -0.30907905 
1.0141038 -0.44451004 
1.3661736 0.23769563 
0.0739018 0.32641444 
0.4687167 0.4953784 
2.5241783 0.38021147 
1.0257392 0.2609871 
1.3946369 -0.74401 
1.6861466 -0.1473235 
0.21301587 0.79244107 
-0.29337397 0.8957146 
0.5064819 0.7764608 
-2.1316488 1.0907918 
-2.4582798 -1.1037489 
0.7192894 1.1019202 
0.12485321 1.7745343 
0.1253097 0.24230558 
0.05641279 -0.5902582 
-0.6937432 1.0783645 
-1.4041766 -1.3799855 
0.49059016 -0.55935234 
0.81462324 1.5775559 
-0.3684275 1.9025269 
0.8189983 -0.9516161 
-0.41009197 1.6377352 
-1.2507848 -0.47814965 
-2.1047888 0.7963089 
-0.11844081 1.1886824 
1.4772042 1.4389582 
1.2217778 -0.9116106 
1.0084463 -0.8401622 
-0.5743121 0.057748124 
-0.9228688 -0.47247082 
-1.4469296 -1.8998713 
0.46086022 0.37588036 
-0.8480462 -0.08790269 
-0.036474574 -0.22628817 
-0.8712686 0.62283653 
-1.2330813 0.4771563 
-0.5381273 -0.39138085 
-1.6989261 -1.3183421 
-1.1838295 -0.58999705 
-1.6124882 1.0073607 
0.05024681 -0.0859978 
-0.08531784 2.730757 
0.7567084 0.42428845 
1.2912486 -1.3683596 
0.37604198 2.2852597 
0.3034283 -0.29442105 
-0.0072259014 -0.5137996 
0.076317966 1.3983328 
-1.5812372 0.83424854 
-0.03885066 -0.20447195 
-0.72563916 -0.9614301 
-0.4187025 -0.6952733 
1.6298145 0.6478783 
2.5657866 -0.5884045 
-1.551248 -1.1581239 
-0.17914446 0.61718947 
-2.0353193 1.2110469 
1.0395528 -0.5729431 
1.6337255 0.9417076 
-1.7528539 1.0516626 
-0.98828304 -0.61049914 
0.5383143 -0.21486951 
-0.98697144 -0.2819314 
1.8929741 0.68640727 
-1.2806432 -0.020406246 
0.17600416 0.80927145 
1.6658169 1.2682654 
0.72883105 0.27228627 
-0.2252611 -0.47799462 
-0.7276042 1.8582901 
-0.14406544 -0.8386471 
0.5932049 0.27569896 
0.300521 1.3288585 
1.9496391 0.33683994 
0.6336269 1.3990426 
1.1667415 1.3739355 
-0.12433231 -0.6922359 
0.40169334 -1.0792264 
-0.711384 0.14093444 
1.8141688 0.9019613 
0.862443 0.8031263 
-0.3848731 0.48028836 
-2.696263 -1.2858332 
1.7346655 2.198514 
0.86430854 -0.61704457 
-0.45077038 0.7417188 
0.8956951 1.4588494 
2.009365 0.9418162 
-0.18762743 1.3261545 
-0.7690786 0.027571216 
0.95107037 -1.0917972 
2.0106995 0.8406138 
-0.93098927 -0.7502174 
1.9652997 -0.32636535 
0.77487755 0.15434028 
-0.1789286 1.1533957 
-0.37207147 -0.91531044 
0.7127573 0.4292796 
-0.81050676 -1.3280356 
0.30528966 0.29473203 
-0.07487962 0.2355738 
-0.38712496 -0.055535514 
0.42897588 -0.12247602 
-1.1740994 0.22879635 
0.30281177 1.5490309 
0.5640288 -1.3515933 
-0.80798906 -1.4389143 
-0.42119113 0.03969293 
-1.0066818 -3.1659486 
2.1024766 1.5745977 
0.30255136 -0.5298464 
0.5467082 1.7223403 
0.43979153 -0.4958113 
-0.6209255 1.0295376 
0.45313486 -1.8723775 
-0.36635715 0.08029755 
-0.7479494 1.1928732 
0.22603334 -0.2618169 
0.21300173 1.5601748 
1.0877252 0.98939127 
0.442479 0.776543 
-2.253435 0.069464035 
-0.13485505 1.9224072 
0.76741695 -1.2734393 
1.4709446 -0.61817837 
-0.7872657 -0.92146295 
-0.61538124 -0.24153693 
0.8594261 -2.8315752 
-0.087960966 -1.6423333 
0.58817834 1.0423267 
0.1323706 0.12238049 
-1.6544915 -1.8082968 
-0.45513725 -0.7537077 
-0.22537461 0.5386386 
1.6193787 1.4452449 
0.16056505 0.5958728 
-0.2732087 -0.09681088 
-0.12655582 -0.7911552 
0.46534497 -0.38146612 
-1.1945299 1.8240293 
-0.25027865 -0.93895787 
-0.9138222 0.5190562 
-0.6068018 -0.77989537 
0.7884764 -0.2906252 
-0.7506076 -0.275836 
0.17652583 0.02156221 
-0.4553049 0.78308815 
-0.031440694 0.34544924 
-0.63965523 1.1908019 
-0.5140494 -0.20165136 
-2.219115 -0.35320482 
0.29624966 0.1579578 
-0.78923523 -0.78294104 
-1.0811511 -0.86627257 
0.7161558 0.60165817 
0.28787583 0.19880189 
-0.21092069 -0.19346021 
0.9122145 -1.0059556 
-0.12369352 0.34578666 
1.6619353 -0.82325226 
-0.7435055 -0.17274861 
0.3014013 -0.5952657 
1.1813264 -0.38485444 
0.4916748 -0.41197303 
-0.6133892 0.5106317 
0.07961549 0.23781016 
-0.900146 -1.2172717 
0.74124223 1.0454016 
-1.5118141 0.59934884 
-0.46543017 0.9456311 
0.17036994 0.75876355 
0.8810077 -0.92296594 
1.0114859 -0.5199721 
-0.70744133 0.60035765 
1.1798531 1.6882703 
2.1436772 -0.14929911 
-0.28168035 1.6587389 
-0.9708321 0.8942641 
0.81935817 0.16061988 
0.27715796 0.3939984 
0.3761813 1.57825 
-1.8790163 -0.34743568 
-0.58321685 -0.76298213 
-1.1008754 0.66646284 
-0.012975784 0.77622926 
0.08876132 -1.6159142 
0.3165193 -0.105952196 
1.1087362 -0.59564734 
-1.1902659 0.5745836 
-2.2129962 -0.94436824 
-0.48157948 1.7711016 
0.2941824 0.31111452 
0.79419667 1.482289 
-0.9272002 0.8155503 
-0.21749823 -0.27824026 
0.6515832 0.7743963 
3.2220373 -0.08121194 
-0.31099838 -1.5360321 
-1.0698195 -0.19487357 
-0.22021134 -1.2846754 
0.66051984 -1.6189023 
0.67355853 0.76233023 
0.023756912 -1.5880661 
1.2613971 0.8051949 
-0.30616906 -0.27444097 
-0.18990022 1.121946 
-0.2541522 -0.09669457 
0.039392587 -0.18685767 
-0.13343897 0.44955555 
-1.1185447 -1.1739459 
0.82790416 -0.3649484 
-0.1075167 0.73459363 
-0.25090596 -1.0176337 
0.18298495 0.27699244 
-0.91394943 0.5368479 
-0.97377956 -1.4509305 
-0.24429859 -0.2694389 
-1.6170895 -0.65748835 
-0.5898442 -1.1634593 
0.47220033 -1.0005604 
1.1085687 1.2644559 
0.060569193 0.3577435 
-0.8029783 -1.505132 
0.26144895 -1.4026288 
0.0974257 0.30271006 
-0.48085344 -0.64966565 
-0.756832 -1.6679357 
0.21633844 -0.4213123 
0.7204295 -0.37047294 
0.81481206 2.5741022 
-1.334931 -0.16273662 
-1.1322784 -0.5729121 
0.0038717028 0.13877186 
0.67600954 -0.8594039 
0.77877027 0.825702 
0.039272185 0.036190934 
-1.73632 0.6280148 
1.5473965 -0.006146257 
1.4894918 -0.5296551 
0.9174563 0.74181366 
-0.14226532 0.13399446 
0.13827482 -0.04178206 
-0.23880346 2.2924993 
-1.0914991 -0.9734343 
0.07294917 -1.0012249 
-0.7545745 0.27704793 
-1.2507561 1.2362909 
0.17756577 -0.16052896 
1.296006 0.8876631 
-1.1361026 0.35509294 
-0.2777688 -0.06822256 
2.31292 0.06527196 
-0.44327423 -1.0065153 
0.80931383 0.9872672 
2.7230282 -0.34390277 
0.910788 -0.27410844 
-1.6178796 -0.29520476 
-0.44481656 -1.1129231 
