1.3600994 0.09657574 1.0040354 0.98141223 
0.16132423 0.19617501 -0.8829549 2.2325652 
-0.3105814 -1.6757739 -0.8862654 0.100489914 
-0.089430615 1.6186303 -0.6242134 0.23017605 
-0.5151076 -0.63519675 -0.46741042 0.47694218 
0.6152693 -1.8206961 0.039415117 -0.12743102 
0.26340124 0.040547222 -0.61140877 0.07400924 
-2.2232156 -1.1814809 -0.2967116 1.2170253 
-0.5354894 1.5512545 1.9917184 -0.0800316 
0.29190648 1.424319 -0.55500126 0.1206661 
-0.6755764 -1.1927862 0.3221507 0.33124736 
0.066782854 0.3151324 1.194197 0.9134477 
0.26299152 -0.36389673 0.83503145 1.5838469 
-1.518822 1.2657026 0.03635675 -0.38431615 
-0.5129185 -2.9190938 0.60837257 1.0247347 
-0.41856083 -0.41493106 -0.075202845 -0.8442776 
1.658823 0.80983454 -0.79708827 -0.729317 
1.6975322 -1.4206357 0.87692267 -1.9915378 
0.3650108 -0.21973263 0.36744642 0.16436881 
-0.5816533 0.48235622 -0.35424066 0.44879717 
0.37176886 1.1406521 0.4081176 -0.6568784 
-1.6975008 -2.1567645 -0.5254803 0.741146 
0.6414851 -1.2824285 1.4685495 0.75999856 
1.5309789 -0.50633943 -0.3917569 -1.5206951 
-1.5749165 -0.3017774 0.4760948 1.5209465 
2.0656176 -1.1514795 -0.18871379 -0.96100855 
1.0928845 0.7831467 1.3718759 -0.97843015 
0.9105807 1.7101122 -0.57913125 -0.40493646 
0.43457294 -1.0085019 0.8851866 0.5872819 
0.5054174 -1.7780919 0.14101909 -0.397826 
-0.22937061 -0.16481972 -0.94287276 0.92212075 
0.77935195 2.631655 -0.81462896 0.5024557 
1.1395177 -2.4579463 -0.68772 1.2178319 
0.98600996 -0.32117245 -2.3693275 -0.20211603 
-1.0827795 -0.0593927 -1.3723038 0.31505895 
-1.8198028 0.6791186 0.6896531 1.4125667 
-0.43026593 0.2359654 -0.93298995 -0.37862366 
2.0298634 -0.8446488 -0.99527085 0.017506305 
0.09732565 -0.6594922 -0.32900286 -0.020523658 
0.7900673 -0.16984655 1.9559348 -1.437825 
-1.1846358 0.5447385 -0.59627765 -0.79367477 
-0.30054978 1.1378385 -1.4085075 -0.5206541 
1.2280452 0.1636279 -0.5206768 -0.48042476 
-0.25177968 -1.2481151 0.34414986 -1.1336361 
-0.7956156 -1.5210335 -0.20196979 1.4010359 
1.4895729 -0.019622076 1.2420067 0.26094 
1.7360456 0.15442596 -0.45403066 0.82698894 
-0.43007377 -0.5397859 0.55369616 0.2825735 
-1.9826721 -0.11385129 0.6129827 -0.44671834 
1.7589337 0.46445823 1.5756758 0.0147033455 
-0.25785318 1.641837 -0.16764198 -1.4305744 
1.7387491 -1.0515372 0.12251696 1.539266 
-1.0299087 0.23020269 -1.0932597 0.06778149 
0.85892045 -1.7882942 -0.06976563 -0.49080396 
0.48959455 0.9647416 1.9597799 -0.21678117 
-0.38056898 -2.869888 -0.7148251 -0.8548085 
0.42172015 0.78860635 0.95848244 0.28403574 
0.94068515 1.6849955 0.81858104 1.3874484 
1.5965959 -0.51434857 0.015328211 -0.26234022 
-0.914823 -0.4574085 -3.2424498 -0.85524225 
1.0618606 -0.7988738 -0.80077934 0.05095278 
0.5469988 -2.5091674 1.2367855 -2.7897096 
1.2639589 -0.44000804 -0.28191277 -0.6562337 
-0.67284083 1.0145211 0.70656234 0.29985934 
0.78265965 1.1215421 0.119915575 -0.24123958 
-0.051807985 1.6023718 0.36121956 0.6209754 
-0.5284621 -0.4179652 1.5371327 -0.4723357 
0.6729418 1.4334493 -1.7556113 1.8754642 
-1.0645926 -1.9299134 -0.389995 -0.7897166 
0.110672586 0.15464924 0.6022708 -0.6343378 
1.032856 -1.2188126 0.5810295 0.08098324 
1.5091113 3.172653 3.3885703 0.08623978 
1.7393699 -0.091311805 -2.159593 -0.8074068 
1.6421541 0.5603381 0.29189518 -0.937509 
0.017246254 0.57959163 -0.021837799 0.05223365 
-1.5468566 0.38798365 0.71910685 -1.2055962 
0.9280941 -0.623059 -0.87153655 0.10494797 
0.21874894 0.6670234 0.7745965 -0.32117403 
0.6446758 -0.4648459 1.4242148 0.38004294 
0.98728096 1.2606603 -1.2422051 -0.5545338 
0.79278624 -0.33798984 -0.57859594 -0.11871474 
-0.4738961 1.0444349 0.061700366 1.2472663 
-1.4581436 1.3927574 0.46100935 -0.114111185 
-0.79317296 0.59847903 0.61881685 2.7487335 
-1.3979884 -1.316937 -0.6916623 0.43861824 
0.25069883 -0.08056392 0.32067534 0.3022213 
-1.0360905 -0.12097055 0.9220428 0.08067355 
0.46113297 0.62651956 -0.011714182 0.5451867 
1.8055618 0.4356777 -1.3882638 0.50777996 
0.2915613 -1.2841734 1.0342877 -0.45841262 
-0.09496465 1.571175 -0.8997501 -0.45453033 
-0.046012703 -0.37886903 0.4994771 0.027582718 
0.21828458 -0.8757115 0.20815122 -2.2055187 
1.010968 1.7466843 -1.709454 -0.7859278 
1.0172707 1.1070955 0.7303031 -0.4845819 
0.3082589 1.8024652 0.3739739 0.15870918 
-1.9340911 0.048328415 0.6303398 0.382773 
-0.7112658 1.4772595 0.57638955 1.4262642 
-0.94400424 0.82467836 -0.35982877 -1.8714591 
0.08990679 0.7217443 -0.699951 0.7311971 
0.60395837 -0.86790925 0.39237827 -0.5741023 
0.8552966 -1.0168725 1.3820643 -0.08630251 
-0.117973864 0.40385398 -0.026270157 -0.3445404 
0.10643039 0.6083327 -0.94393724 -1.7108022 
0.13433924 0.096955 -0.20497848 0.69252664 
0.4374063 1.3083973 0.6360867 1.2947283 
0.08048603 0.54654926 -0.49333057 1.1242456 
0.86818933 -1.3960441 -0.38677743 -0.22337386 
-0.6668574 -0.7958034 -0.069396995 0.09228184 
0.04519423 0.09192835 -1.4647592 0.9484459 
0.86683714 -0.78188723 1.1105804 0.25575727 
0.24936698 0.02451845 1.3212993 0.73366624 
1.8648318 0.374186 1.7170309 0.5554534 
-0.28861067 0.70262367 1.1455073 -0.3018971 
1.303767 0.35376045 -0.6855766 -0.85085225 
0.23733194 1.0715802 -0.8857848 1.1193719 
-0.1474456 -0.17707385 -0.14180459 0.47413686 
-1.7200632 0.39196438 0.49810967 -0.15279642 
0.57560563 -1.8982844 0.18421638 -0.62480015 
-0.61270386 0.9588381 0.3843988 -0.1619319 
-0.6195167 0.69259566 -0.705444 -1.6733284 
1.1011537 -0.39059818 0.37573814 0.551967 
-2.6951475 -1.0876912 -0.033882193 0.6840642 
-0.28035608 -0.2905507 0.027340904 -1.4537132 
1.0418096 -0.4101379 0.4453143 0.33538517 
0.50285697 -0.58515126 -1.080721 -0.22686258 
-1.4877927 1.2811575 -0.93585074 2.4193969 
-0.09303453 -0.5363858 -0.19685747 0.3357274 
0.84716105 -0.23459683 -1.051086 -0.99760133 
-0.52529067 -0.44119808 0.19347525 0.0094053205 
1.2934387 -1.8528347 0.99307805 1.0701257 
0.57348174 0.28839996 0.2805982 -0.5076031 
0.70548546 1.0913415 -0.2372973 -1.4813423 
1.0994984 -0.13080288 -2.3373215 0.2787822 
-0.5985538 0.22759762 1.3757787 0.24036166 
-0.40227166 1.0082968 -1.7986282 0.1653645 
-0.16568871 -0.48664147 0.7637225 0.9978092 
0.20016718 0.08774639 0.8560325 -0.33945438 
0.53933233 0.095655486 1.0922086 -1.7170391 
0.09678075 -0.2553942 -0.88466173 -0.3355539 
-0.41181737 1.1237011 -0.117133416 0.24930122 
-0.27178606 -0.25354034 -1.4819448 1.0372106 
2.6097152 -1.0907136 -0.6940012 0.5196768 
-1.2946379 0.043020997 -1.2514887 -0.009763116 
-0.41265622 -0.3962735 2.0057776 -0.46272862 
-0.13202585 0.5802118 1.6459379 -0.41902158 
-0.24345346 0.57902974 0.011783026 1.2662745 
-0.14271638 -0.19154446 2.6736774 -1.1343515 
-0.83262706 0.4080743 0.085651636 0.71406287 
-0.3236128 1.3573104 -0.6992756 -1.2847441 
-0.38945466 0.41975933 0.5500146 -1.5292282 
0.7462746 -1.865717 0.09505231 1.0786586 
-1.4448737 -1.4564216 -1.1700324 0.29001284 
-0.5048187 -0.14914156 -2.1473753 0.20281948 
0.35098463 0.5768602 0.12890708 0.8618325 
0.05256588 0.28650752 0.0814792 -1.4457136 
0.15373755 -0.97041225 0.4627302 -0.017064532 
1.8210238 1.6899048 -1.102092 0.12189609 
-0.8723112 -0.22973527 -0.5660677 -1.9537388 
-0.8906015 0.64701545 0.437381 -0.007818809 
-0.6658328 1.4760184 0.4026083 1.1986914 
-2.3474739 -0.26477572 0.97922164 0.87973034 
0.020333193 -0.26930156 0.017534707 -2.4014847 
-1.4146287 0.16483586 0.9287062 0.80144125 
-0.8385885 -0.24800919 -1.2820988 0.58685064 
-1.6783931 0.8177558 0.5703201 0.35207254 
-0.8844379 -1.5668924 -0.53560543 -0.41780362 
0.4522867 1.3480244 0.24766785 0.09306031 
-0.79070204 -1.2987005 -2.8744843 0.5412777 
0.1828632 0.20172445 0.2462586 0.3451062 
1.0415474 -1.3237026 0.80739546 0.23294957 
1.4850837 -0.4756526 0.84990454 -0.20829745 
-0.89517045 -1.6054338 -0.74773586 -1.2087803 
-0.60121566 -1.3923063 -1.0813164 -0.43830252 
0.17680591 0.04299317 -0.65356636 -0.7543069 
-2.2726603 1.8891202 0.9379881 0.30580473 
-1.1026133 -1.7274507 1.76522 0.1617838 
-0.023373555 -1.1193205 -0.07903018 1.3378243 
-2.0629256 -0.58449197 -0.00019779867 -1.1437356 
-0.3021602 -1.6235954 -0.7539331 -0.29967752 
-0.107423276 -0.82484275 -0.5420128 0.8023899 
-1.1176782 -1.0420645 1.6194623 0.41762778 
0.45925954 -0.83118737 1.0605304 0.25174373 
-0.88804466 0.37768906 0.44747278 -0.39996287 
0.73785305 -0.04418393 0.78686523 0.89786446 
-0.97262096 0.48194918 2.8066492 0.82475406 
1.7692255 1.6983951 0.36410475 1.1802746 
0.0853899 1.0575882 1.9274899 0.5776308 
-1.8608776 0.9450387 -0.28558877 0.37782654 
0.81771904 -0.8369776 1.8450443 -0.7869878 
-0.2760281 -1.9233979 -0.8710167 -0.2777137 
0.46232778 -0.16926338 -2.44257 -0.11575367 
-1.1495943 -0.78341573 -1.6556119 -1.5429986 
0.39650977 0.82883835 -0.34014392 1.2813104 
-0.5535564 1.0816921 0.49506786 0.22866128 
1.2619317 -0.08686687 -1.2399054 0.76540715 
-0.21797913 1.0263146 0.15980808 1.2598516 
-0.45083302 -0.7446776 -0.4813918 0.9019946 
0.0781083 0.3234153 -0.5642336 1.017502 
0.78737116 -0.30694517 0.82335955 1.1937523 
-0.8504571 -0.31896228 -0.05963039 1.6382622 
-2.5604615 0.72424763 0.8590615 1.2507292 
0.94395787 -0.94568884 -1.095583 -0.01736128 
0.898993 0.16428377 -2.5687358 -1.0821279 
1.0070199 -0.46500766 -1.0366868 -0.72605413 
1.0377017 -0.7863302 0.04230937 -0.082492374 
-0.16639867 0.40702963 -0.54785985 -0.6090616 
-0.66134554 0.1648076 0.36778077 -0.4862613 
-0.87449735 -2.0425444 -1.940133 0.33740842 
0.3367987 -0.025961595 -0.62347865 -0.19406016 
-0.37740543 -1.1786832 1.0612549 0.14941837 
0.38624883 -0.666382 -0.10456848 -0.168478 
-1.2074306 -0.7628383 0.42399716 2.0891898 
-0.9939372 -0.93289447 -0.3108743 0.8488025 
2.4812171 0.78299373 0.39933574 -0.98619354 
0.6727343 0.2537814 0.94651854 0.2332697 
-0.8999967 1.4996026 2.5286646 -0.15746611 
-0.6789695 -0.12713358 -0.85193276 -1.7979393 
-1.0213337 -0.74530005 1.0233254 -0.99813247 
-0.37298974 1.730179 0.595088 -0.094139315 
-1.6632899 -1.2305567 0.018519482 -0.21660048 
-1.7481236 0.09144427 0.48379177 -0.45306924 
-0.71649855 1.9593883 -1.9538553 -0.38268438 
0.3075358 -1.002133 0.3764123 -1.6044388 
0.31216398 -0.8444414 2.4959104 -0.59516156 
-1.4309821 0.35791484 1.1792613 -0.076083615 
-0.3188716 0.8455308 0.15998559 0.07160921 
-1.684437 -0.23604366 0.36608934 -0.05587625 
0.050001588 0.20369467 -0.48753765 0.14560291 
-0.09046798 -1.0494106 0.294196 0.9745597 
1.0238941 -0.46351954 0.32610613 0.2931637 
0.2507864 -0.55495036 0.62979925 -1.6027923 
-0.8998188 -0.48141447 -0.8909201 0.4689445 
-0.28135902 -0.80317414 2.5832994 1.1722885 
-0.5967181 -0.15505573 -0.63988286 1.8782045 
1.2298104 -1.0585964 0.7484758 0.12325352 
0.009372792 -2.6194785 0.7376727 -0.52315146 
0.28547895 0.3277372 0.063239984 0.9094913 
1.2194755 1.2762437 0.9748442 -0.26958242 
-0.59399015 1.2043066 0.3994651 0.19723089 
-0.13803245 -0.4964959 1.3388824 -0.5086763 
0.6026477 0.8304591 -1.076442 -0.80277675 
1.4901451 0.96778333 0.3024895 -0.68311673 
0.18557434 -0.025501652 0.75396657 -0.8692274 
2.1907468 1.8291702 1.9741645 0.6031346 
0.450672 -0.64873135 0.810928 0.033936184 
1.3996111 0.5548069 0.29984382 -0.23741432 
1.380689 -0.23964474 -0.7707507 -0.13378792 
-1.4466366 1.5385059 0.86366475 -0.40229243 
-0.33600223 0.27948976 1.1641837 -1.0665231 
-0.7513674 -0.00031563564 0.5897819 -1.5827847 
1.4419881 0.13982311 -1.4417017 1.7655028 
0.90922993 -1.0302837 -0.0044281846 -1.9504732 
1.0030236 -2.0262017 0.10185086 -0.7003468 
1.1987902 0.92386025 0.33154008 0.49693057 
0.4957476 0.17967337 -0.6410602 1.0060852 
-0.9392389 -1.9232019 1.578465 0.17725103 
0.30011526 0.96910477 0.3938636 -0.22290976 
-0.6276405 1.6693605 -0.5902705 1.536117 
1.2552153 -0.81695235 -0.7624189 -0.21459435 
-0.5530293 2.0822656 1.483966 0.43894836 
0.12402132 -0.1540825 2.2336369 -1.2757629 
1.9676062 1.1669801 -0.04087061 -1.3120176 
1.0746818 0.34429505 0.97171974 0.33873755 
1.1066236 0.18655063 -0.34207374 0.010160229 
-0.042216256 1.3102158 -1.104791 1.0591202 
-0.04293788 0.2397773 -0.8549111 0.38579145 
0.0061254553 -0.13025577 0.6707422 -1.2318026 
-0.95288205 0.95288175 -1.6140966 -1.0217427 
-0.57142544 0.65796405 1.2712443 -0.43502724 
-0.15124115 -0.26595557 -0.6123439 1.0125828 
0.48869956 0.4415925 -0.024622917 1.6960647 
-0.5480152 -0.8945115 0.22621725 -0.6999504 
0.011215556 -0.3242372 0.44443467 -0.6998287 
0.6419132 0.1266152 -0.8653211 0.048787482 
0.57621497 -1.0895019 -0.036442958 0.8751745 
0.39547423 0.7265267 1.6962059 -0.7880274 
0.82941955 -1.4744985 2.069395 -1.0104152 
-0.8136006 0.61808 -0.11924954 1.94027 
0.00435706 -0.22491607 -0.09298439 -1.1585828 
1.7589995 -2.2885277 0.37882018 -0.8367202 
-2.2680438 -1.0205741 -0.29841793 -0.01955687 
-0.23180088 -0.6089945 0.60264784 0.3330855 
-0.6164648 -1.4338099 1.3447928 -0.67002416 
-0.6948696 -0.22513454 0.081324756 -0.9486653 
0.6572859 1.2909393 0.55818045 1.9785665 
-1.7570671 0.54573536 0.062423192 -1.3400114 
-0.11060511 1.8929477 0.94832206 -1.9438969 
-0.5315478 -2.5384936 0.38850564 -0.53669673 
-0.5617344 -1.2785585 -1.6542332 -0.7941053 
1.5924128 -0.18560944 -0.047776226 -1.5628417 
0.32545137 -1.2914175 0.56778175 0.9496547 
2.0639567 0.867845 -1.5218008 -2.6363862 
0.7075592 0.026542269 -0.2684598 -2.6992886 
0.98823726 -0.53465563 -0.807091 2.3016038 
0.7816643 -0.8603152 0.33163264 -0.04985837 
-0.42745596 0.15150705 0.14489713 0.7973968 
0.45464903 -0.09930871 0.9547279 -0.5927143 
0.46651235 -0.08031312 -2.0439434 0.48334444 
-0.501454 -0.21860474 0.100569375 0.8731141 
1.0123347 0.88304055 -1.622158 -0.7882491 
0.29675576 -0.5467339 -0.6020701 -0.21445762 
0.1591915 -0.02613721 0.044745028 0.5349548 
-0.03688578 -0.062317017 -0.5332359 -0.15864323 
0.36941516 1.0122432 1.1974798 0.7762076 
-1.0742959 -0.7962058 -0.942818 1.4429439 
0.42464533 -1.3836558 -0.92142296 0.7013724 
-0.6259693 -1.1815205 -0.46969354 -1.169855 
0.70025957 0.99313045 1.450119 0.7754707 
1.2189358 -1.1572521 1.0225478 0.28479195 
1.7793918 0.7284375 -0.64280117 0.63278776 
0.9033092 0.03412246 -0.6435684 -0.21667077 
-1.3600192 -0.15759777 1.546089 -0.7620631 
0.86654216 0.41181222 -1.3320706 1.6990503 
-0.26169342 0.45279428 0.76416737 -0.021070374 
0.6661358 0.5259643 0.5679338 0.9850846 
1.194028 0.05098622 -1.5617326 0.4654952 
1.4624517 -0.9483191 0.10502076 -0.22773975 
1.133506 -0.0941119 -0.43488207 1.2602699 
2.1295753 0.63663095 -0.7293735 -0.89128554 
2.4303195 2.0683825 0.5480221 -1.2045405 
-0.44480428 -1.7414399 -0.3356119 -0.32395604 
-0.69553113 -0.4354154 1.0080796 0.9027473 
-0.14244631 -0.5070598 -0.9458499 0.5463343 
-0.52358603 -1.0034559 -1.3560859 0.139551 
0.19725946 0.61641806 -0.19212878 -1.5865664 
-0.36781546 0.63007665 0.41704845 0.955903 
0.58438766 -0.6773723 0.46756193 0.6924386 
3.2820308 1.9700614 0.28286546 0.7743209 
-0.3802206 -0.0424881 -0.89868796 -3.187453 
-0.45871377 0.4516973 -0.98687965 0.12092213 
-0.73174125 -0.032141298 -2.30308 0.6477095 
-0.9458873 -0.6998928 -0.4818064 0.14644238 
0.115461946 2.03911 0.90830344 -0.20354256 
2.1669226 -0.045463633 -0.21297334 -0.52153635 
0.6037716 1.9310788 -0.35469595 0.7718738 
-0.65041053 -0.7163873 0.20844822 1.1261486 
-0.008403879 -1.9421175 1.7533371 -0.6712995 
-0.87526083 -0.70811176 0.74858737 1.5130887 
1.4518075 0.10548688 -0.6692713 -1.276048 
-0.2910784 0.6467637 -1.0446433 0.7973297 
-0.09701094 0.09540141 -0.83899796 -0.8124032 
0.7064488 0.5947724 0.24861597 -0.099685006 
-0.54075193 -0.5850027 -0.0145523185 0.6815125 
-1.487246 2.9558563 -0.32776445 2.2810955 
-1.2761261 1.2070794 1.0124465 -0.09023793 
0.994779 0.44798082 0.56086385 -0.26583716 
-0.1364692 -0.086082436 -0.45775825 -0.8764796 
-0.42913255 -0.8884257 -0.091828994 0.25917152 
-0.021662872 -0.28723556 -1.3962108 0.3514846 
0.008483193 -1.1280463 -0.91561484 0.49133 
0.13005291 -1.182884 1.5990989 0.9252461 
0.0073875086 -1.4549339 -0.9093344 1.50681 
0.40978968 -0.57976127 1.4920156 -0.29526687 
-0.096040316 1.8196584 0.50192994 -0.06786514 
-0.2147197 1.7206887 -0.14577536 -0.47177592 
1.0248564 -0.35854316 0.98903996 -0.6166342 
-1.002257 -1.4130112 -0.61145175 -0.17127132 
1.1097307 -0.6902737 1.1046606 -0.08425796 
-0.43883622 -0.6803232 -0.36347604 -0.36144203 
-2.1529956 -0.08464696 -0.1416807 -0.5000866 
0.2601802 -0.6213614 -0.5100213 0.56634104 
-1.1126211 0.6237017 0.2995477 1.5299661 
-2.0671651 -0.6924773 -0.516875 -0.2859813 
0.35543376 1.2069516 -1.6413188 -0.123177215 
0.55036837 -0.08587666 1.092745 1.3617648 
-1.3852336 0.95281017 0.5064348 -2.5854285 
-1.2180324 -0.61418504 0.55507 -0.28366986 
0.34917992 1.2531595 0.027043393 -3.1028142 
0.47806427 0.32888287 0.06506292 -0.92472744 
-0.39377734 0.40358797 -1.0578462 -0.022227012 
0.7492112 0.46148625 -0.32529002 -0.05433874 
0.5317396 -1.2809286 1.3441604 -0.8602506 
0.045096397 -0.54194045 1.095054 -1.9580467 
0.7182575 2.1909719 1.286555 0.1920845 
-1.1558671 0.6015769 -0.6362088 0.6709932 
0.8557417 -0.7733487 -0.3766651 -0.038879704 
-1.1459336 -0.6296931 0.13498005 0.44911152 
0.4902573 0.06283799 0.46160465 -0.2172533 
0.423266 0.4461454 -1.1179752 -0.8530924 
0.05324352 1.9286987 0.56713146 -0.0516778 
0.58954674 -0.35940224 -0.034035068 0.45151404 
0.65591997 0.13939784 -0.6746052 -0.5050529 
-0.06883964 -1.837354 -0.7108726 -1.1704154 
-0.5565431 1.0148169 -0.013980133 -0.25671592 
0.1319107 -1.6879238 1.3918875 0.17156388 
-0.1267875 -0.06157918 -0.9318299 2.0566373 
1.347871 -1.4270117 -0.0874582 1.8638835 
1.6141933 0.9327067 1.1359797 1.3544888 
-0.9989104 -1.571867 0.70385045 0.10820139 
0.7612055 2.3977275 -2.7414775 -0.69411725 
-1.4302241 1.5061867 -0.15394552 1.6557058 
0.21798703 -0.53811735 -0.49031767 -1.1985489 
-0.027254418 -0.8344034 0.3001145 0.9339205 
-0.014959007 1.6327173 1.2449996 -1.5313696 
0.48674768 -6.634367e-05 -1.0960245 -0.9952316 
0.5095347 0.23090827 -1.0981954 0.1010454 
1.7784268 -2.6170557 -0.2761536 1.1005428 
1.4254175 0.16749002 0.17926809 0.23069288 
-0.4457183 -0.43347347 0.35600507 -1.3015912 
0.5973476 0.034467246 0.32365328 0.1531487 
-0.40906075 -0.8293039 0.10713291 0.8841307 
1.5012262 0.06796023 -0.29333174 -0.48800662 
-0.11196402 -0.6240322 -0.70179933 1.2796307 
-0.5287941 -1.5297798 1.315677 -1.783728 
0.006651861 -0.34271368 0.051156156 1.4285766 
0.9047881 0.23236407 1.0728853 2.082369 
0.031128544 0.6384661 -1.2087574 1.121757 
-0.8902827 1.3997297 -1.6602793 -0.92574567 
1.0445969 -1.5969743 0.12765096 0.2109175 
-0.24204758 -0.15425994 -0.53588855 0.50941604 
-0.9277522 -1.3178477 -0.40327287 0.33321026 
0.25579557 0.20056057 -1.7390617 -0.42973745 
-0.6514239 -1.2736613 0.09406274 0.8059811 
0.87851536 0.42684212 -0.6882734 1.4721593 
1.3781129 0.034416348 1.864006 0.39056537 
0.7002977 -0.7869546 -1.318742 -0.2503249 
1.03485 -0.28120613 1.0431684 -1.1624653 
1.4821653 -1.0608859 -0.63040924 1.0938097 
0.5148975 -0.66107994 -1.4322311 0.9117141 
-0.9407243 -0.37445375 0.00484201 0.1081168 
0.8479751 -0.50293094 0.20837827 0.63060033 
0.61523396 -0.030104859 0.8519069 0.56642157 
-0.850877 -0.50558823 -0.50418735 -0.032362632 
2.0639524 -1.6837606 1.3453201 0.5087687 
-1.2397344 0.23278935 -0.30039385 0.96168864 
-1.9781474 -0.10830776 2.1288147 1.0812159 
1.1991891 -0.88726896 -0.80859405 1.4998503 
0.8055564 0.65487033 1.2399366 -1.6595302 
0.8726559 0.26751274 0.7436303 0.1533127 
-0.6020298 1.2900813 0.35213 0.032953184 
1.8618729 -1.6356735 -0.654029 1.4164597 
0.0029259867 -0.030489298 -1.1621348 0.10483932 
1.6186728 -0.039059255 0.64875716 1.1890959 
-0.27730012 -0.102112666 -0.32308394 0.32948136 
0.61414886 0.6790548 1.214444 0.48532742 
-0.70162046 1.0399206 0.8828067 -1.0008063 
0.62543386 -0.07767884 0.26129934 0.06815668 
-0.19313149 -0.6044293 -0.8751786 -0.32082817 
0.7051206 0.010595386 0.9429013 -0.18012702 
0.1210404 1.9194329 1.5852026 1.1928511 
-0.44022986 -0.45201465 0.09243952 0.6547397 
-0.9708341 1.0620319 0.7406108 0.7982088 
-0.21298304 0.6726284 0.17145577 0.81789625 
0.62568194 -0.5104355 0.9651215 0.54453385 
0.5549914 -0.5577109 -0.30974466 0.5053108 
0.86823946 -0.57926357 0.8357227 0.24611366 
-0.97171867 1.1414652 -0.074318856 0.35003653 
-0.49700573 -0.30810043 -1.619978 0.106510036 
-0.38705617 -1.0698432 -0.45119593 0.72412574 
0.07173287 -0.88271916 1.2056886 0.82192796 
0.53776205 1.7464536 -1.2094704 0.8258202 
-0.38189363 0.43117556 1.3422456 1.4095637 
-0.5877969 -0.5947197 0.32234398 1.5775924 
-0.40190804 -0.46829304 0.22261982 0.024253016 
-2.3976443 1.3193512 -0.6583067 1.4117935 
0.66227806 0.35706675 1.6869607 1.4241009 
-0.38990268 -1.3154745 -1.6273903 -0.021035412 
1.3187277 -1.2405707 -0.8528608 1.0381083 
-0.3919029 0.7377555 0.03199375 0.26059046 
0.519609 -0.88850766 0.67021435 -0.1801128 
-0.90401554 0.052861247 0.47312325 -1.2100961 
-0.26260608 -1.0262617 1.470056 -0.8008175 
0.1562111 1.5018529 1.689268 -0.8155887 
-1.231561 -0.23672456 0.6591738 -0.27930817 
0.7282814 0.14605826 -0.20146538 1.0115598 
-0.6261576 -0.9191144 0.6127946 0.37609184 
-0.3315003 -1.4782739 -0.43450353 1.0314529 
-2.5405047 -0.9710043 -0.34737644 -1.4737526 
-1.4016048 -1.3429201 -2.012722 -2.1378248 
-0.23197664 -2.7440722 0.11751629 0.31466836 
-0.696099 -1.9463068 -0.07614564 -0.7506389 
0.010945448 0.24701187 -1.4829851 0.09354935 
-0.37829205 0.21262652 -1.1969842 -0.6393251 
-0.67422813 0.6137559 -1.369995 -1.658018 
-1.2568889 0.35989973 -0.8923931 0.7352969 
-0.2421746 -1.0089622 -0.86861223 0.589096 
-0.41908967 -1.2689915 -0.18598935 0.847166 
-0.13586934 0.6214792 -0.16666205 -0.0110959895 
-0.7709553 0.6071296 0.05940841 0.5987605 
-1.0881501 1.019378 0.16833234 0.37033883 
-0.8503159 0.5845802 0.95829743 -1.0829998 
-0.6884157 -0.75518674 0.5063917 0.7486735 
1.2741687 0.7954354 -1.1542642 -0.002456958 
-0.37502444 -1.0467409 0.33618793 -2.557028 
0.1092592 1.7658356 1.3308704 0.19256608 
1.0096922 -0.32272243 0.51328295 1.4469889 
-0.81787735 -1.2738011 0.30835927 -1.1318895 
0.75706035 0.7297474 -1.3251665 -0.16253072 
-0.32176372 1.0067444 -0.13618062 0.36962056 
-0.30871764 0.83757097 1.3018963 0.8211565 
-1.6208862 -0.21767062 -1.5002476 0.6833255 
-0.6267613 -0.15453516 0.35407558 1.7984965 
-0.19554785 -0.54927826 -1.2444613 0.6527209 
-1.784273 2.0389223 0.62413543 0.87847763 
0.71080005 -1.1073967 0.5183467 0.69781333 
-0.08463492 -0.58603483 0.42867142 1.1741511 
0.9995031 -1.4358572 -0.6139067 0.4383826 
0.42087948 0.17980093 -1.3586541 -0.4499361 
-0.111726165 1.3273686 -1.5846862 0.67381305 
-0.81376 1.4417506 1.4515729 -2.3689995 
-0.24777983 0.25984406 0.5924858 1.3851864 
-0.48111454 -0.39735824 0.91003126 0.41425648 
0.0069090566 0.41539145 1.2088827 1.1948214 
0.9481323 -1.387361 0.5745768 0.15907171 
-0.08147749 -1.695724 0.7971294 -0.12489438 
-0.2962633 -0.05788919 -0.88678336 0.2817419 
-0.7179042 1.0799824 -2.0476422 -1.1495728 
-0.95673865 -1.0829499 0.5750352 -0.85077727 
0.97488725 0.20195663 0.78993183 -0.983603 
-0.45857617 0.12676898 -0.20769066 -0.4441463 
-1.153242 1.5431324 -1.4363463 -1.7750953 
0.37764335 -0.11777047 -1.5255078 0.5474369 
0.5999968 0.19123536 1.6238947 0.34524164 
-0.78040904 -0.78546077 -0.085663795 2.0312514 
-1.3123369 1.2610378 2.1014154 0.33164063 
0.3448126 0.36499706 0.5956361 -0.24782941 
-0.24966098 -0.1135027 1.5552061 0.67622334 
-0.7729338 1.365804 1.8169274 -2.3668504 
-0.9604712 -0.17778535 0.75492215 0.40329626 
-0.96318716 -0.84325165 -0.14031313 -0.6661674 
-0.7237472 0.27724677 -0.29856786 -0.001332857 
0.4858729 0.642757 0.80622756 -2.0111926 
0.050206576 1.0240285 0.42570412 -1.8440851 
-0.36054698 -1.6148249 -0.43449676 -0.788437 
1.0266329 -0.9893204 0.55495036 -1.4583505 
0.46173507 -1.3731014 0.08563355 -1.5363443 
-0.57461095 1.3480655 -0.4073624 0.7785895 
1.4365687 0.5416418 -0.7777767 -1.8893883 
0.67397094 0.18909909 1.4912529 0.23397715 
0.5541071 -0.64595646 -0.2445532 0.8558698 
1.2561657 -1.2675736 0.50737286 -0.79341197 
-0.036111802 0.5659969 -0.37144512 -0.7557936 
-0.23751664 -0.14472233 0.1925442 1.0424385 
-0.2337245 0.8812116 0.23778622 -0.5767199 
1.4866071 -1.075183 -1.9451679 0.019940726 
0.3934336 0.26442632 1.0452905 -0.2324113 
-0.109372646 -1.695329 0.44622084 -0.64029217 
-0.9334677 -0.22129868 0.735517 -1.9944247 
-0.47338536 -0.3036415 -1.4459821 -1.1607597 
-1.5297605 1.2332729 -0.0143811945 0.6310598 
-0.8698604 0.9001272 -0.2631888 -1.2728044 
2.1642563 -2.5478694 -0.59098905 0.20427689 
-0.35821947 0.11860785 -0.07776298 0.44809356 
-0.89371556 -0.34636027 -0.112139806 -0.15617855 
0.55190253 1.3106551 0.10171825 2.489771 
0.32434213 0.27005917 0.4689122 -0.5740536 
1.2996473 -0.9889402 -1.3012238 -0.90255886 
-0.3997699 -0.7797721 -0.1008702 1.1657966 
-0.83316755 -0.09352385 0.14784628 0.11177163 
-0.06902861 -0.11197451 -0.42065078 -1.2220395 
0.5384431 1.0883819 0.7110602 0.25517568 
-0.28477633 -0.20864548 -0.033919077 0.0021191353 
-0.56351334 -0.81125957 0.32305732 0.41645005 
1.071872 0.85214674 0.29477537 1.9793686 
-0.16756177 -0.7760721 0.46703392 0.972339 
0.24310692 0.54729706 -0.13404588 0.49397862 
-1.0540264 -0.6853842 0.039726567 0.6221261 
-0.16461527 0.17147303 1.2455754 0.9195385 
1.4008893 0.028568747 -0.7865345 -0.7829125 
-0.40766475 -0.3319629 -0.1567639 1.0355855 
0.4494461 -0.8283391 0.29322118 0.06247339 
0.29985774 0.20860153 -0.27489096 2.0592468 
-0.04698795 -0.6333339 -0.12702121 -0.14074454 
-0.6572557 -0.6051241 -0.25120696 -0.32273495 
0.7138634 0.4352496 0.5470172 0.9152109 
1.2828689 0.3759712 2.7736118 -2.2025864 
0.45040047 0.7159816 -0.7492253 -1.9253094 
-0.43044484 -0.49280286 0.5030699 -0.7847496 
0.35175315 -0.37392232 -0.077189945 -1.3981837 
-1.5849302 1.0684596 0.67803216 0.8161849 
-0.37500516 -0.42416644 -0.24486911 -1.7892731 
0.6471016 0.38121927 -2.0683806 0.7016759 
-0.27016693 -1.1402515 -0.265488 0.5049472 
1.9958366 0.49397436 1.0575567 -0.41797668 
1.6745566 0.09486991 -0.49830636 0.21849006 
-2.0247493 -0.25721076 -0.269826 -0.8769002 
-1.2780483 -1.9308848 -0.54187447 -0.7503303 
-2.3225071 -1.3534687 0.49411833 0.87573075 
-0.14586434 0.8741815 -0.38210976 -1.0889206 
-1.9049807 -1.7997293 0.67497236 -1.599818 
0.11214835 0.17082803 -0.19535737 0.86436725 
-1.438207 -0.1216035 0.4972586 -0.6213947 
0.36326307 -2.3857255 -0.20304447 -0.46622002 
0.11360987 0.90002584 0.2659766 0.40821776 
-1.0801328 0.12120893 0.888253 0.5979042 
-1.7298049 -0.2526584 0.08337931 0.020087318 
-1.6946105 -0.31899694 0.68596673 -0.06477238 
-1.012722 0.40742785 0.86075705 -0.19793926 
0.7807129 0.13274422 -0.1359538 1.2199237 
0.38816077 1.5543361 -0.7634745 0.71777534 
-0.17220111 1.4001132 0.7428011 1.0308423 
1.3850659 -1.6888193 -0.46638045 -0.8382721 
-1.39615 -0.033853978 -1.2187326 -0.6672431 
-1.8376118 -0.36935025 -2.276628 2.1920886 
0.84689707 0.6455086 1.2460548 -0.53079486 
-0.7958665 1.3686136 0.33110952 -0.77873564 
-0.43016347 1.8649306 -0.9577103 0.077471465 
0.08078268 -1.1548585 0.019001588 0.17737646 
-0.31374407 1.0293555 -0.37981206 0.068049304 
0.36362433 0.44518209 0.75208265 -1.8738768 
0.13941629 1.4215314 1.0728793 -0.92237204 
-2.8865082 1.9530823 0.6964861 0.92115015 
-0.1409585 0.030339358 -0.8743809 0.18152228 
-0.9480577 -0.5120138 0.27739832 0.36392924 
-0.64922756 1.3035448 -0.981316 -0.70306325 
0.1744692 -0.06413458 -0.12228639 -1.1966538 
-0.9355203 -2.4204218 -0.6756228 -0.52434474 
-1.7526702 -0.7818035 -0.6781606 -1.6690831 
-0.56539977 -0.027703414 1.2805475 0.2930011 
-0.69666773 1.829255 -0.043447055 -0.04805813 
-0.030731965 -0.33900338 -0.2912974 -0.956471 
-1.3007848 0.041212253 0.8210128 0.83047205 
-0.32564756 0.10307869 1.0317429 -0.59617317 
-0.35244966 -0.5653745 -0.8839592 0.37221462 
-0.8587267 -1.7385288 -0.37281162 -2.4902444 
0.015650073 -1.3527622 0.28584212 -1.6970114 
-0.03601714 -0.008022518 1.1369364 1.2020624 
-0.26385668 0.68226 0.22939897 -1.2509924 
-0.1237247 -1.2798793 -0.95358187 1.1903307 
-0.22919221 -1.6683604 -1.6496679 0.6111673 
-0.093706176 -0.28115815 0.29872012 0.3806755 
-0.779224 0.76992345 -0.8487238 -0.6017153 
1.0152373 2.318383 -0.3790012 -0.60213906 
-1.0402594 1.1634116 0.6174876 0.2916861 
0.5193898 -1.2996505 -0.6329416 -0.8478541 
-0.7793223 0.6140336 0.98138523 1.0548066 
-0.31061035 2.0103443 1.1286405 0.05652027 
-0.3153085 2.24896 -0.1513048 -0.113722436 
-0.8204068 -0.31777304 2.15129 0.81412405 
0.10852873 -2.0406392 -0.42786714 -1.3145626 
-0.078944944 1.309439 -1.8550088 -0.5199884 
1.655719 0.21236676 0.8063911 0.2751458 
1.3418363 0.8913158 1.1214967 0.4994618 
-0.77809215 0.07760451 0.42329916 0.58640516 
-0.5976788 0.21969347 -1.1213838 0.5441922 
-0.13135609 -0.53154933 -0.11018626 0.14781833 
-2.0131354 -0.29083303 0.14201678 -1.3013616 
0.3744988 -0.4068825 1.2066838 -1.4178319 
1.5141213 -1.7575167 -0.5161382 -1.0481707 
-0.3252427 -0.16672762 0.42400402 -0.59835434 
0.59859705 0.301703 -0.33133572 -1.37778 
0.6640974 0.08874678 -0.8704748 0.42318723 
-1.1634805 1.1789109 1.172931 -1.2665747 
-0.6089748 -0.15038012 -1.10366 -0.725215 
-1.0687454 -1.1474109 -0.23095423 0.70068467 
1.5978545 -0.85356927 -0.0722706 0.64429724 
0.93340605 0.7492946 0.0055290014 -0.69801295 
1.0617346 -0.32395038 1.1884513 1.6181173 
0.39282173 0.038181625 -2.3925064 0.96141917 
1.4496977 -0.70512503 0.35005012 0.010562478 
-1.5991001 -0.12637214 -0.02002861 0.49996752 
0.85726994 0.2944823 0.061613027 -0.55814016 
0.99430597 2.3991811 0.10271794 -0.06963107 
-0.4148634 0.18538387 -0.01888402 1.2017796 
0.88154024 -0.54950064 0.9598298 0.96988547 
0.15766476 -0.3689682 0.31572744 1.3792068 
0.069743834 0.7190965 -1.6152246 1.3138775 
-1.2510089 -1.7503619 -1.6982926 -0.84455 
-1.7188643 0.28668642 -0.2812789 1.1012541 
-1.0510302 -1.1017218 -0.5305262 -0.6443963 
-1.4514122 -0.05380672 -0.004662167 -0.5053316 
0.09665278 0.77956885 0.83111924 0.9526972 
-0.8403601 1.4035175 1.9289097 0.8480075 
0.52191573 -3.1000283 -0.25008518 -1.1251903 
-1.4440769 -0.38563383 0.7688036 0.09961627 
1.2404474 0.8346427 0.51456827 -0.97817874 
-1.692746 -1.9856565 -0.9026716 -0.05743822 
-0.21728703 -0.77574956 0.2766573 -1.4152726 
-0.2857025 1.6028607 -1.2174714 1.5146253 
0.4019113 0.68025017 -0.35359767 -0.82104325 
-0.79892474 1.6170418 -2.0228105 -0.5770563 
0.23857898 -0.32372263 -0.9426268 0.82790035 
-0.15347989 -0.22963412 -1.05728 0.10076041 
2.167255 0.55186933 0.12628254 2.556358 
-1.0131537 0.29591975 0.41052702 1.2199967 
0.10779608 1.8716847 -1.0378616 -0.14082131 
-0.99828607 0.19865172 -3.1587732 0.31196767 
-0.6387544 -0.716228 -1.8438336 -0.04976294 
0.32855123 -0.89598644 -0.6005455 1.3259287 
0.3566756 1.1328206 0.15593885 -0.49237326 
0.3200028 1.6684897 0.9092015 -2.1059313 
0.5706673 -0.7370006 -0.09717805 -0.4717434 
-0.071235284 0.53232324 0.7705671 -1.3024917 
-1.6997026 0.70172733 0.85985917 -0.25016117 
0.0695505 -1.0533046 -0.4906458 -0.115895465 
1.6563538 0.6492208 -1.1718589 -1.1857973 
-1.1914412 -0.070813425 0.18902193 -0.39305273 
0.85399944 -0.52420616 -0.0054813153 -1.0390359 
-0.07531748 1.2206557 -0.62885827 0.42376244 
0.66983503 0.8778525 -0.77665037 0.6229805 
-0.48423293 -0.37540933 0.1301678 1.775536 
1.1309385 2.0191853 -2.1718893 -0.07987118 
-0.15086573 -0.49868742 1.123692 1.0980897 
0.96337014 -1.6584889 -0.112571515 0.29114544 
1.4696302 0.2849937 0.61193913 1.406919 
0.14935519 -0.31458008 -1.27574 -0.68626374 
-0.66021144 -0.52455944 -1.4430617 0.15387957 
0.4371777 -1.0229676 0.87737024 1.4046851 
0.60862994 -1.9069712 0.52938557 0.68111646 
-1.2606267 1.0370276 -0.41054034 0.5990736 
-0.9477372 0.87756276 0.12418974 -1.2131337 
0.22261275 1.2238145 0.6899705 -0.26693615 
0.95657337 -0.26023558 0.53172195 -0.54245454 
-0.6918871 -0.85053474 0.5859275 0.18431263 
1.1434734 -0.9403078 0.8763778 0.5825529 
0.2888155 1.0315636 0.26133025 0.09447326 
0.0047281813 -2.006488 -0.21647853 -0.14585716 
-0.8517028 0.36737502 0.8545397 -0.7837047 
-0.6992705 0.69125384 0.47398132 -1.0087649 
-0.7035815 1.9842649 -0.16668822 -0.5156835 
-0.6896856 0.057933204 -0.6161626 0.24557844 
-2.0965421 -1.2596052 -0.54313475 -1.2601477 
1.292189 -1.7168909 0.46744722 1.5951978 
-0.87234217 -1.2671424 -1.2445464 -0.69115555 
0.030843452 1.0603526 -0.17344734 0.59365153 
0.3621424 -1.3890096 -1.9461161 0.5428778 
-0.15179916 -0.46890825 0.12351955 0.63050365 
0.7136856 1.2071987 -2.4929864 0.10425932 
-0.27426842 0.13224547 -1.3421007 -0.4654213 
-1.7475028 -1.7635529 -0.23334782 -9.023631e-05 
0.23595268 0.9618846 -1.3481667 0.25624004 
-1.7042935 -0.038964562 0.47951058 1.4042274 
-0.47890323 0.3123021 0.21592152 -0.020508805 
0.8016764 1.3468264 -0.25752524 -1.6288567 
-0.5477481 -2.5390017 -1.1042669 1.0848929 
2.6716456 -0.36662194 -0.30213368 1.4619468 
-1.3738711 -2.220908 0.19069447 0.5469448 
0.99524385 -0.95409405 0.058714796 -0.28954285 
0.2847283 -1.5597539 -0.22295693 -0.64136714 
0.08817043 0.3599867 0.62667274 -0.34455684 
0.28658015 -2.0159292 0.59081167 -0.13422136 
0.3301957 1.2784605 -1.1541439 -0.15265782 
-0.3998433 -0.43713856 0.81145674 -0.112925164 
0.30887002 0.34163207 -0.6982868 0.3963557 
-0.7745103 0.28112724 -0.7543704 -0.40679905 
0.2223059 -0.5938351 0.38355416 0.547144 
-0.062063288 -1.2055244 -0.15755162 0.37607774 
-0.77859503 -0.112161584 0.771696 1.7452917 
-1.2357769 -1.2872444 0.7290898 -0.66345304 
1.6292675 -0.42119896 -2.089248 0.54251266 
-0.51886046 -0.7222642 -0.5042876 -1.1812341 
0.0075838026 0.19072573 0.15232609 1.0993719 
0.64471906 1.3659648 -0.19069846 1.3102068 
-0.28809798 -0.41554573 -0.03826712 -0.4009165 
-1.3717784 -2.2273943 -0.2687237 -0.29972616 
-0.6345127 0.3017813 0.74338156 0.09860185 
-0.06903273 -0.86476845 -0.10055633 0.32554844 
-0.106397554 -0.6200331 -1.7977886 -0.46338618 
2.0841043 -1.2041231 -0.03236803 -0.99905425 
1.6211665 -0.358307 -0.37290993 0.8324103 
0.6875028 0.97268194 -1.0984075 -1.0165539 
0.41381073 0.68500656 -0.6517973 -1.3518134 
0.650175 -0.74150527 1.0211792 -0.25091946 
-1.1502967 -1.1332064 0.48209712 0.42063168 
-0.35545528 -0.13345745 -0.090189725 -0.20426792 
-0.023881543 -0.71375805 0.87866414 0.15324785 
0.29729328 0.68427664 -1.4058512 -1.1059492 
-0.8892223 1.1462326 -0.09920225 1.0158612 
0.11805217 0.030896246 0.5877531 -0.62449235 
1.0753106 -1.03387 -0.97788864 0.9351471 
0.449094 -0.21323521 1.1387799 0.83998066 
-0.6361521 -0.9454287 0.16724546 -0.43112022 
0.3532548 -0.027743816 -0.6672581 0.0053543453 
-0.53308064 0.73329514 0.7901468 -0.6954057 
0.24372938 1.0912398 -0.36988774 -0.045295574 
1.5117954 -0.2536547 -1.3311255 -0.46002448 
0.73648673 -1.6643972 0.242747 -0.73320866 
0.042892482 0.24677078 0.95904666 -2.2976055 
-0.59808505 1.5120585 -0.51030356 -0.104487166 
0.025192605 0.19088247 0.08801937 0.6561719 
0.53793824 -0.7816412 -1.268866 -0.047482263 
0.7777923 0.86475796 -0.06644483 1.4264545 
1.7390343 -2.508651 1.8912084 -0.74440503 
-0.5828148 -0.037360437 -0.8047793 0.6168823 
0.36677462 -0.30441818 -1.4812518 0.014813369 
0.22048242 1.1082492 -0.21835598 -0.19645676 
-1.8922194 -0.9383442 -1.2654412 0.8278512 
0.4279075 -0.033475943 1.5701994 -0.7404412 
1.8748237 0.08816733 -0.13670588 -0.04250491 
-1.1392936 0.11915678 -0.7176109 0.53483534 
-0.22877134 -0.8987516 -0.4272269 0.23717779 
1.2815979 -1.5634619 -0.04326946 1.8806317 
0.12735227 0.8889077 -0.6141252 -1.0410839 
1.7980242 0.19827527 0.43261856 0.3959257 
-0.8861522 -0.34142336 0.83641547 1.5075483 
0.37018657 0.38023597 1.8692096 1.5190655 
-1.126901 0.15367205 0.34565243 -1.0891553 
-0.53822815 -2.558093 1.1690571 0.37084696 
1.1958902 -1.5959965 0.60135305 -0.599503 
0.9941818 -0.4273951 -0.9287479 0.85596657 
0.29383183 -1.4512187 -0.92057997 -1.112571 
-1.6312528 -0.24874814 0.33514372 0.6473625 
1.3391827 0.09937803 -1.5997056 0.11286435 
-0.1459589 0.34903702 -0.3167572 -1.8613603 
1.2206345 -1.9900477 -0.3063978 0.5225817 
0.43136686 -0.8478363 -1.0729105 0.30361366 
-1.4545246 0.8536068 0.0073117763 -1.2788969 
0.29501238 0.5487438 0.9776529 3.2569423 
2.2010548 -0.4469522 0.6027128 -0.2540897 
-0.6364903 -1.0713812 -0.26331177 -0.655556 
-0.08242551 0.2359111 0.14261803 -0.64275974 
0.3359373 -0.057622395 0.5709047 -0.70187384 
0.01600664 -1.03887 -4.134472 0.22739944 
0.8607739 -0.39924616 -0.11217582 -0.17222953 
-0.16955961 0.03905373 -0.19644795 -0.3439094 
-0.63406783 -0.9364653 0.1830844 0.79845613 
1.4708275 0.317171 -0.043836843 -0.31082156 
0.01863166 -0.7686131 -1.0552449 1.078634 
-0.42100424 3.0243719 -0.8322956 1.2371119 
0.37620726 1.5491941 -0.8386115 2.06072 
0.7363122 1.3060042 -0.29498494 0.17371066 
-0.32351476 1.8398652 -0.6590619 0.97487324 
0.4198896 0.47566828 0.6312776 0.7490293 
0.5624458 -0.24503009 -0.029529467 2.5250106 
-0.43609992 0.006899901 -0.5619936 -1.0137895 
0.71536535 0.85099316 0.022655852 1.2047004 
0.30108696 -0.8242297 -0.5937603 0.1552266 
0.6092962 0.45505124 -1.3459308 0.49222612 
0.6962831 0.6737514 0.06537546 1.2305266 
-1.8452201 -1.5969429 -0.8859279 -1.4376712 
-0.305788 1.4720241 0.3721064 1.002456 
1.1659894 0.5303593 0.9334548 -0.35621035 
0.64605486 0.483205 -0.5372479 0.6253886 
-0.50316787 -0.18061005 -0.12709148 0.16126914 
-2.000957 -0.59455055 -0.40281832 -0.386927 
-0.5592291 0.6669544 0.00078224123 -0.30104235 
1.8449227 0.4117343 -0.37445813 -0.13927354 
0.14891934 -0.18919185 -1.0896518 0.67443496 
0.5599283 -1.0581089 2.047762 -0.12219557 
-0.36460438 -0.18047221 1.7514834 1.5016385 
-0.25510412 -0.697276 -0.609102 -0.5158614 
0.5608566 0.20268159 0.8995468 -0.34690297 
-0.34571865 -0.6766287 -0.4084226 0.6582083 
-0.5080395 -1.6073763 0.81879306 -1.3645387 
-1.8207351 0.803947 -1.1191038 0.2833765 
-2.277318 0.35653326 -0.58326197 -0.37200215 
-0.46053198 0.18457547 1.8061606 -1.6108948 
1.5079292 0.027669234 -0.49589992 0.10451949 
0.5896219 -1.4745632 0.06589418 0.66868055 
-2.2736738 -0.053329337 -1.1175126 0.83503246 
0.7835247 -0.54326636 0.80554914 0.9638739 
2.1509593 -1.1907948 -0.5957871 0.34379068 
-0.28148168 -0.03935894 0.46567988 1.3002505 
-0.94056404 0.5449476 0.3915264 -0.06300164 
0.7683494 0.39466777 -0.3366504 0.9766089 
-0.7728271 -1.4934372 -0.082521155 0.22716154 
-0.069517955 -2.1145797 -0.051569644 1.237887 
-0.107819825 2.5046937 -0.97934717 0.81060547 
-0.3111754 -0.6601869 0.35526028 0.36729726 
0.095852554 0.082601875 0.11583056 -1.0543474 
-0.45816627 1.1408005 -0.8154364 -1.3495184 
0.59001356 1.3320402 0.07616077 -2.7176702 
0.2725992 0.1795658 0.22924583 -1.7840981 
0.67790484 0.6631248 -2.616448 -0.46916017 
-0.6871538 -0.70329416 -0.8197938 -1.691876 
-0.16245566 -1.3122038 -0.28932363 -0.9264088 
1.0202978 0.11809037 0.6246289 0.65407485 
1.5977329 -0.99475527 -2.215936 -0.112979695 
-0.35369104 0.98636353 -0.02907044 0.042325053 
-1.4664268 -1.1836419 1.2801303 0.15761164 
1.1314561 -0.6248244 -1.9410926 -0.47699058 
-0.8005103 0.74119455 -1.8772336 0.74914885 
-0.20556141 1.2554648 -0.6706351 0.24655342 
1.3444715 0.055711444 0.5435707 -0.2864966 
-1.0630928 0.11537565 0.86983794 0.038213424 
-1.1283516 0.53261787 0.97916013 -1.4077866 
0.4597322 1.2352719 -0.019980706 -0.03721155 
0.38117367 1.4001733 0.18515348 1.5962988 
-0.9006996 -1.4699497 -1.2853751 -1.468813 
1.4971663 -1.7177197 -1.6421432 -0.30051968 
-1.5663489 1.0584522 -0.5586947 0.22752406 
-0.75350744 0.7772743 -0.35883066 0.43283987 
0.4569271 -0.27277207 0.41620043 0.09229489 
1.5043794 -0.3446724 0.60455894 -0.78270906 
-0.58333063 0.8638912 1.159882 1.3636144 
-1.7717824 0.1260162 1.191648 -0.9244343 
-0.58856946 -0.289464 -0.953815 -0.55930763 
0.31924668 -0.15219654 0.06216926 2.2672315 
-0.10635465 0.884296 -0.41204596 -0.066958025 
1.2298908 -0.2756858 -0.46869603 1.6099726 
-0.9348969 -0.6656929 -1.5429426 -0.5737984 
1.0137213 -0.53961176 -0.9467771 -0.15361902 
0.049364556 -1.745854 -0.034306806 1.0310433 
-0.30984354 1.5110749 -0.0966958 0.7591668 
0.3575257 0.98293006 0.91652894 0.029430507 
0.683825 0.18511714 -1.289302 1.2000269 
0.98883367 -0.30012113 1.4245912 1.6851254 
0.2575796 1.1731226 0.4534418 -1.4456302 
0.7800286 0.48084185 0.55228364 -1.3656368 
-2.0525422 -1.6206416 -2.0641105 -1.2287832 
-0.08641032 0.4753527 0.8616672 2.4325895 
0.112829104 -0.96241677 -1.1937836 0.0516361 
-0.6320642 -0.85108155 0.5578111 0.58695245 
-1.2020704 0.03371884 1.0092947 0.0023518025 
0.48558196 -0.3010637 0.40259793 -0.44235042 
-0.32693142 -1.1024494 0.6648169 1.2445315 
-1.2027715 -0.1954532 0.7862685 0.6099218 
-0.7442158 0.6884836 -1.4008325 1.1625043 
0.103228845 -0.52494365 -3.2979708 0.3141795 
0.7056111 1.7070463 1.7787459 0.027636867 
-0.82356006 0.6809363 1.2933637 -0.73641264 
0.030724624 1.0049582 -1.4907439 0.60571194 
-0.64974064 0.4258826 0.9705651 -1.0871646 
1.5377909 -0.0053709676 0.7477404 -1.5321364 
0.7157384 -0.79628253 0.6954918 0.20388585 
-0.17582916 -0.511586 0.25941208 -1.3800939 
0.98648965 -1.2184969 0.14482747 -0.49487412 
0.59732825 -0.17570329 -0.21950336 0.13859025 
0.2671369 -0.21585292 1.0790637 0.3416404 
-0.588763 -0.7601132 -1.1913211 0.5610396 
0.077494785 -0.44151506 -0.35824856 1.1033081 
1.3336262 0.81880176 1.9206423 -1.0473354 
-0.97593236 0.39866588 -1.4062712 -0.38414884 
-0.17055163 0.587799 -0.748666 -0.83476245 
1.9018604 0.30113867 -1.2202414 1.0280187 
-0.0126823615 -0.8323437 0.47306228 -0.13710715 
0.18642555 -0.028850796 -0.8256404 0.241865 
0.0289724 1.7490698 -1.1380055 -0.34791398 
1.6317163 -1.1151886 -0.6758944 -1.6996465 
-0.68901163 0.37976533 1.1411402 1.2251898 
-0.64176285 0.3822386 -0.32185984 -0.025427135 
0.67445284 0.7889004 1.5515871 -2.452906 
0.495566 -0.7823303 -0.7061521 0.06045115 
0.4753976 -0.9455459 0.002013648 0.8958325 
-0.43827787 -0.6098166 -0.41498366 -0.76305205 
1.0444815 -1.5617511 -0.26229206 0.82158077 
-0.014782973 -2.5131793 -1.5121138 -0.111620985 
-0.58278584 -0.22850694 0.13875158 1.0692276 
0.97540677 -0.588216 0.20630737 0.48634452 
-0.27905145 0.2017589 1.2667011 -0.44171265 
0.5260454 -0.35262305 -2.1243978 -1.0710081 
1.0280213 -0.601474 -0.841225 1.0228559 
2.024369 1.8546833 0.22406058 0.25761315 
-0.52183175 -0.21678422 0.2530263 -1.2754642 
-1.8001646 0.9202997 -0.5326386 -1.1062053 
-0.56389827 1.679073 -1.0475352 -0.06431128 
2.1027837 0.35812518 -0.57601994 0.056364074 
-1.7808458 -0.67165875 0.900815 0.05256447 
-0.13253063 0.6494601 0.5863767 0.3170698 
1.3768026 -0.17229202 -0.41890183 -0.19556256 
0.7365254 1.4625127 0.76499796 0.3655903 
-0.6132056 -0.13989717 0.71980065 -0.5993389 
0.87474525 1.1558747 -0.44134983 0.22683151 
-0.11037849 1.3691032 0.5083388 -0.5554246 
1.7811096 -1.7249954 -0.5914438 -0.9841998 
-1.5666655 -0.38671356 -0.72401476 1.5867909 
0.0076942793 0.60569555 0.89018023 -0.4699612 
-0.11918121 -1.9678211 0.49690184 -0.7240271 
-0.8521022 -1.1581597 1.2448543 0.16061707 
-0.7114431 0.027094146 0.040389754 0.25126663 
-0.045719966 0.17733857 1.5246332 1.5958079 
0.40597627 -0.28357974 0.4637899 -0.73125505 
0.4728981 -0.18148652 -0.65009606 0.4542884 
1.9889814 2.2777498 0.07930583 -1.2115749 
0.295822 0.027269863 0.18687332 1.1407157 
-1.1941869 -0.23190701 -0.013329247 1.1832335 
0.6210373 -0.5306378 1.4515736 0.21359418 
0.3304584 1.010443 -0.42478606 -0.6604967 
-1.5316061 0.17506206 -0.7295851 0.25213155 
1.2230171 -1.229065 -1.3027942 0.76120573 
0.7855592 -1.4596664 0.20720296 -0.19524433 
0.52385527 0.30674973 -0.4595306 -1.1974435 
0.64548653 1.6163514 0.49026385 -0.51005507 
-0.6550453 -0.27394783 -0.7825509 -0.52210385 
1.2458061 -0.90962416 0.6662958 -0.16378005 
-0.3040453 1.3203108 -0.9253757 0.261065 
0.41686186 -1.3802214 -1.5859858 0.26834574 
-0.3280828 -0.800274 0.22490738 -1.9685454 
-0.26436815 -0.9952524 -0.96935266 -0.33441824 
-0.16155215 1.5210425 0.1899481 -0.5237359 
-0.3318298 0.47513863 0.13060372 -0.6041618 
2.5982492 1.0631248 0.026428254 -0.967691 
1.2942811 1.5084407 1.8045043 0.8555006 
-1.0655171 -0.47524768 0.8305649 -1.7491113 
-0.17016883 -0.31766883 -0.37731957 -0.04240877 
0.3693556 -0.44597542 1.7823719 0.2326607 
-1.0914423 -0.30112442 0.86635506 0.34664166 
-1.494659 -0.42951354 0.774458 0.8181845 
-0.1640552 -2.3385131 -0.3996396 0.11382507 
-0.50350314 -0.6954412 -2.4670086 0.3314363 
-0.023670124 1.3313067 0.3179551 1.4500988 
-0.5670112 -1.2592919 0.19697411 0.76179427 
-0.06546455 -0.56227875 0.45741296 -0.39319536 
0.48937988 -0.6718681 1.3926514 -0.09993883 
0.8811385 -0.40262136 -0.16206647 -0.3835367 
-1.1151361 -1.0847121 0.22916777 -0.7062963 
0.40991357 0.14008452 -0.5168651 1.3779911 
0.90820736 0.4713334 0.8636444 1.0263948 
-1.3788569 0.46656471 -1.0613767 -0.5575347 
0.1122626 0.62244517 -0.1899937 0.93096215 
-1.4428537 -0.03427602 -0.23389256 2.4992445 
0.46994647 -1.2476743 0.32278174 0.13037822 
0.36850905 -0.27646464 -0.57856876 1.950134 
0.03441515 -0.32709232 0.3777863 1.5079151 
-0.5262289 -0.99491304 -0.91922563 -1.1065059 
0.2610194 1.1462525 0.53570926 -1.8017867 
-0.9555533 -1.1184605 0.333605 0.21618274 
-1.3432835 -0.6724526 0.8709157 1.027231 
-0.70082927 0.3189017 -1.0487472 -0.49535093 
0.6968981 1.241079 -0.3231975 0.7039829 
-0.20339221 -0.8048675 -0.3296948 -0.43364343 
0.5524801 -0.28626963 -0.26623127 0.9651539 
-0.6914161 0.088426314 -0.41273797 0.56715065 
-1.8046811 -1.5247201 -0.102764815 0.015669405 
-0.31429943 1.9099278 -0.1915065 0.60706615 
-0.89417875 -0.48210025 0.14791352 -1.2388407 
0.062379666 -2.0594306 0.65270007 0.7245093 
0.35269257 -0.1666418 0.22314362 0.64002085 
-1.2825639 0.5581344 0.31837276 -0.76347125 
-0.9300891 0.7415498 0.7434224 1.349845 
2.883803 -1.3826529 1.7096603 0.1418001 
-0.6847594 -1.1666965 0.40476626 -0.16991249 
0.6988625 -0.36883578 0.80991465 1.5952573 
1.6958089 0.67035836 0.9616061 -0.46313182 
0.3239176 0.564292 -1.0698563 0.42400178 
0.17354503 -0.028044455 -1.7145615 0.6612584 
-1.216167 -0.3201667 -1.7497154 -0.7143153 
0.2019578 -1.4157364 -0.2979684 -0.76482296 
0.92421114 1.5537583 1.2699604 0.663634 
-0.913856 2.0843754 0.32404 -1.3722383 
-0.70559615 0.1955932 -1.0176028 0.40336528 
0.5144297 0.52989197 -1.4050617 -0.28540787 
0.3064045 0.12639102 1.3060564 0.8239883 
-0.048025668 0.37593368 -1.1566226 1.0376065 
0.9691755 -0.364813 -0.08192727 0.9602465 
0.13273586 0.67135185 0.048341684 -1.1157243 
0.81242436 0.11463768 0.78810096 -0.32051852 
1.6429657 2.0039663 1.4333693 -0.536149 
-1.0358316 -0.1851415 1.661653 -0.46069226 
1.4735911 -1.3019276 -0.93748564 1.0541081 
1.8217024 -0.2044446 -2.263979 0.57290536 
-0.12882501 -0.4436148 0.9267151 -1.6742978 
0.6471084 -0.3326837 1.0465105 0.7787385 
0.48114517 -0.5253755 0.43550032 0.74145395 
0.14444676 0.3215019 -0.63795185 0.16486096 
-1.8693197 -0.28436762 0.7397314 -0.8995379 
0.4848303 2.1640205 0.46789625 1.1434405 
1.2547853 -0.78323823 -1.322961 1.020424 
-1.2148869 -0.5088435 -1.8035976 -0.8248077 
-0.16542925 2.274929 1.705712 0.40986767 
0.2518522 0.36851266 1.1127138 1.3439407 
-0.0681963 0.6596647 -1.4974914 -0.44238093 
1.2018483 -0.0190976 -0.72284156 0.65678424 
0.4589108 -0.716992 -0.16804226 -0.8260886 
-0.67285 0.12993187 0.91858613 -0.81224257 
0.23314793 0.5704058 0.25055686 2.8911731 
-0.26000524 4.006656 0.37512 1.367183 
-1.0255084 1.0446153 0.78242224 -1.2424579 
0.30279115 -0.5201468 -1.2643386 0.054002963 
-0.51402146 0.8157186 -0.7433882 -0.54281443 
0.8507423 -0.13944937 -0.40427577 1.1945045 
0.91268927 -0.26437262 1.4845656 0.40605846 
-0.08726732 -2.1691911 0.42710197 0.5782676 
0.51671994 -0.5198381 1.2632588 0.93409526 
1.0813248 0.38957232 -0.62157804 -0.26600245 
-2.4970617 0.4819055 0.23217444 0.47265932 
-1.0687805 0.08178774 0.226539 0.43194732 
0.18424796 -1.0315243 1.8906853 0.4773502 
0.2577311 0.5920505 -0.047435075 -0.024093851 
-1.5204058 1.8896949 0.196558 -0.3194433 
0.3184667 -0.28299963 0.6361002 -1.1725247 
0.813795 0.93326783 -0.34584633 1.779459 
1.9416548 1.636217 1.2746301 1.1268926 
1.0248842 -0.3401859 -0.41170034 0.55451524 
1.2536237 -0.2643907 -0.574076 -0.77979505 
-0.06055747 -0.67500716 -0.1306555 -0.58094573 
0.045387227 -0.17130783 0.5397014 -0.4618985 
-1.4388586 -0.36636987 -1.4069484 0.1921729 
-0.3528877 -0.12278786 -0.32785517 -1.446775 
0.23448025 1.9176655 0.9078987 -1.7984158 
-0.29634142 0.16145511 0.2253804 -0.57767296 
-0.87251896 -0.24206847 -1.0025324 0.7421408 
-1.5682883 -0.7895335 -0.44798267 -0.26356056 
0.050199006 1.9178754 -1.1425525 1.0288283 
-3.0228083 -0.09172051 2.9566731 0.025583675 
0.18835041 0.09733997 0.3405374 1.9495162 
-0.9186111 -0.28683394 0.34342372 -0.33237535 
-0.75277 0.34240007 -0.5999963 1.4687452 
0.581032 -0.052328367 1.3540306 2.1319892 
1.0595429 1.7119434 -0.2354565 -0.46108755 
-0.8958151 0.88793606 0.21421726 0.068571314 
-0.7261467 1.5356392 -0.751429 -1.6465607 
1.2160149 -0.22343606 0.9663091 1.1051775 
0.4876748 -0.33755848 -1.6161337 0.8644053 
1.2830026 -1.0338275 1.3555807 -1.2427721 
-0.44165435 -1.2554048 -1.0464337 1.4142189 
0.6981208 0.8114186 0.2653753 -0.23583262 
0.88694596 -0.09648996 0.7983514 -1.1101643 
-0.3034863 0.426993 -2.1217062 0.34080625 
-0.67998433 -1.1041076 1.6135621 0.058028355 
0.04023569 -1.7557577 0.07780136 0.84883326 
-0.6066282 -0.7046496 2.3670826 1.0753896 
0.5559522 -0.1322874 -0.9168693 -0.9024556 
0.6226672 0.5692103 -0.1139333 -1.7245588 
-0.23595521 -0.7666716 0.4748427 0.9122635 
0.67457366 1.5469426 0.21938889 0.7030378 
0.39503348 -0.7065535 -0.5009397 2.5983164 
-0.22720918 1.0622406 1.386654 0.64754176 
-0.51575494 -0.0010063454 1.7047117 -1.3380378 
0.4100462 0.7590248 -1.69059 -1.1393383 
0.2032285 0.1522393 -2.2910013 -0.66193396 
-0.6648135 0.32141513 -2.222656 1.4065956 
1.7142031 1.3425602 -1.5424343 -0.78220135 
1.1068591 1.211873 0.8779109 0.1972126 
-0.9794349 0.9586634 0.42937213 0.106164835 
-0.8121088 -1.5029237 -0.34866104 -0.72844017 
-0.9498934 -0.049678862 1.905242 0.92810434 
-0.5609222 1.1796476 0.92517716 1.6076767 
-0.6519993 -1.5595348 -0.14464928 -0.39158523 
-0.89131963 0.15019366 0.45817462 1.7044368 
0.7636528 1.6240873 0.68830186 0.7252051 
0.038195033 0.8027747 -0.79633534 0.6827596 
-2.2055578 -0.68716687 0.058887206 0.84440535 
0.3048795 -0.29177904 1.21492 0.8232827 
-0.637027 -0.8657527 -0.42302385 1.3900872 
-0.26946208 1.44156 -0.6708056 1.4371363 
0.4402184 -1.8991293 -0.21361881 0.009071113 
0.74759394 -1.0620241 0.8127308 -0.027806813 
1.405132 0.6142119 -0.3499936 0.6705162 
-0.6509883 -0.004118949 1.6634911 0.50482404 
-1.3597466 -1.0084144 0.98280656 -0.5612035 
-0.27477023 2.6707957 -0.87064636 0.17790973 
-2.2892573 0.5315154 1.6057228 0.7812691 
1.1875403 0.27769226 1.6552856 -1.2246176 
-0.5263449 2.0474534 -1.7986495 0.12712288 
1.2445413 -1.6505882 -1.1947149 -0.6059828 
0.7247313 -1.3401706 1.9184291 0.41148674 
0.16340847 0.77240926 -0.5087724 0.18165237 
-1.4635513 -0.5242394 0.32831547 0.124398544 
0.24689496 0.867424 1.2403637 1.8479218 
0.8080319 -1.2285788 0.59460145 1.3987446 
-1.4353238 1.5372 0.2781553 0.76662713 
0.47265458 -0.014209165 -0.031100523 0.1634658 
-1.2608126 -0.39519432 0.76793903 -0.11118562 
-0.45187125 0.5591773 -0.91659886 -0.5521325 
-0.3403144 -0.04085787 1.3474416 -0.60956967 
0.4634353 -0.36829203 -0.45903033 -0.106945015 
-0.54415315 -1.7831053 0.2746947 0.39418575 
0.31570852 -0.28215277 0.18645053 -1.2215053 
0.51273316 0.90949064 1.7830839 1.4204824 
-0.15473534 1.0188622 -0.5612437 -0.79527515 
-1.0864671 -1.3640321 0.6535636 1.4382359 
0.5287564 -0.44721213 -0.092946924 0.17494117 
-0.43764758 -0.30903068 1.7186221 0.021501115 
-1.7563832 -0.27927086 0.39425665 1.2014514 
1.1810997 0.627001 0.07491984 0.20834436 
0.18336527 -0.27007252 0.21904539 2.020893 
0.32096317 -1.2396718 0.69724786 0.7907625 
1.8134602 0.4748164 0.13834469 2.3470979 
-0.09905439 1.1077149 0.4035723 2.1698136 
-0.5426875 0.71263486 0.33467194 1.3922255 
-0.33068255 0.062033698 -0.19275682 0.49304783 
1.23024 -1.2148284 -0.97785336 -1.4582723 
-0.74112046 -1.8367385 -0.26201713 1.5338752 
-0.080771655 -0.17324665 -0.9786954 -0.6508242 
-0.29389554 1.6204004 0.124793075 -0.253606 
-1.7084368 0.04541257 0.91172767 -0.10548411 
0.17651665 -0.45616484 -0.8633176 -0.40994236 
0.72205967 0.11337465 0.79651356 0.57745963 
0.046229877 -0.3213192 0.35521883 -0.35264307 
0.6214859 1.3260977 0.20394474 1.9712071 
-0.04126426 0.35029307 1.2860873 1.3395901 
1.2760546 -0.10408719 -0.27257475 0.95341104 
-0.33331645 -1.6172808 1.1645006 0.08918198 
-1.7890744 -0.4173749 -1.5061647 -1.3394656 
-1.1371558 -0.34760144 -0.58418906 0.41812766 
-1.0551231 -0.12946782 -1.2471334 -0.19245362 
0.5838596 0.102980435 -0.5976757 0.8077034 
-1.0559655 -0.41151872 1.1318636 -1.623976 
1.4724036 -1.7262464 -0.73451847 -0.26110074 
-1.6255139 -0.09634656 1.1668073 0.59073436 
0.43785304 0.8278496 1.9363171 1.0590692 
-0.073300466 2.3772783 0.48875502 -0.3995077 
1.4365695 1.4219692 -0.34914353 0.2910876 
-1.1884193 2.0670948 0.98261905 -0.2201258 
-0.58891743 -0.9220112 1.2951207 0.6970744 
-0.8650006 -0.9423245 0.5011865 0.33650425 
2.556812 -1.0920603 0.2718229 1.5309731 
-1.0265713 -0.24528106 1.4686543 0.37928653 
-0.62537515 0.13070244 -0.63702995 1.6916887 
-0.19505598 0.30509934 -2.5501063 1.281295 
-0.8611797 -0.24675919 -0.4140859 0.34925038 
1.5959778 -0.20781688 -0.17018881 -0.6269328 
-1.1556696 0.6107653 0.54725 1.8220571 
-0.24598308 1.1822482 -1.0633959 -0.691883 
0.7279908 0.5963022 0.17102116 0.262242 
0.32336536 -0.21184582 -0.76656413 0.2626918 
-0.20281109 0.5346459 0.6853389 0.54343885 
0.95599073 -0.27480328 0.93425906 0.7229601 
1.0700636 -0.48903868 -1.0562062 -1.0286934 
0.3601055 1.4894348 0.26395553 -1.2899902 
-0.5485915 -1.0485868 -1.6507399 0.003818414 
-0.6334165 -0.52133393 -0.047742583 0.45769063 
0.3433047 0.33100742 -1.6239043 -0.6381193 
-1.5538611 1.0423242 -0.08687143 0.2161262 
-1.9458464 0.21495503 -0.6352039 -0.06423683 
-0.030487083 -0.21703236 -0.21453592 0.11977841 
-0.5405625 -0.87728775 0.23726253 -1.9871941 
-0.4902166 0.27809966 -0.43733585 -0.59592855 
1.5263631 -2.5503237 -1.2551392 0.8416259 
-0.60386366 -0.05521009 -1.2232842 1.195246 
0.1204504 -0.21769644 -0.52164537 1.1185936 
-1.6824073 -0.48557884 -1.5698858 1.0491976 
0.542679 0.18009147 -2.387689 1.2555639 
0.22186233 -1.1114134 -0.91545534 0.5732871 
-0.7658511 -1.8890597 -1.3706903 1.4173917 
-2.0792322 0.110957794 -0.59767354 -0.4822731 
-0.1120771 -3.0156476 2.6450303 0.2326012 
1.2694311 -0.6687947 1.7903168 0.39429462 
0.03419817 -0.2662325 -1.291265 1.5802895 
0.996667 -0.38991708 0.55486065 -0.31965017 
0.53638846 -0.752182 0.3291413 -1.8786635 
0.92413384 0.6638661 0.19225755 1.4951032 
-2.1655602 1.1214086 0.57265854 -0.17649029 
1.2369901 2.4259489 -1.2799242 -1.88603 
0.37879607 1.3989944 -0.13313071 -0.48762095 
1.0266873 -1.1992149 0.76341814 -0.04135027 
0.31827486 0.8146862 0.33310962 0.22760952 
1.2628801 1.6190159 1.5722628 1.6053734 
-1.8119814 1.4050721 0.8452939 0.0014410316 
0.25119936 0.36247483 -0.40051502 -0.36610427 
0.86147183 1.3213953 -1.0478998 -1.3931717 
0.4326748 -0.17723836 -0.11066697 -0.14782752 
-0.9206315 0.34842476 0.39485854 0.7012948 
0.95892614 0.7526676 0.43631348 1.7226121 
0.7575164 0.21689385 -0.15982339 0.06991272 
-0.42508313 -0.61480546 0.90702426 2.3804193 
-1.1445317 -2.2832434 0.904533 -0.01649643 
0.19249749 -0.20450102 -0.34279174 0.46879795 
-0.05395609 -0.5833726 0.23274668 1.0034205 
1.6565211 0.0078751985 0.022102326 -0.5618428 
-0.514855 -0.5757365 -1.5056378 2.1893444 
1.4479641 -0.18680443 -1.6461338 0.28762326 
0.52595735 0.6032394 -0.9026213 -0.07770373 
0.37342268 0.8210424 0.5437799 -0.99036974 
-0.1789636 1.3693879 -0.23831293 0.2721128 
-0.38789594 0.8694921 -1.1209304 -0.92746335 
-0.53058404 -1.9019465 -0.38862744 -2.436181 
-0.289112 2.1271365 0.31420997 -0.64992166 
0.86049634 -0.12963973 0.90568846 -2.3320286 
-0.0514927 1.1356195 0.106889285 -1.2023163 
0.77497196 0.15296677 1.5260065 -0.18622279 
2.6614437 -0.11339867 0.17876683 0.9132485 
-0.054472275 2.2846367 0.12420294 0.35820132 
0.75077724 0.3137244 -0.22644609 2.1229508 
1.2124183 -0.07112537 1.0201863 -0.31589496 
0.35981214 2.9783335 -1.4846889 -0.95735246 
-2.062611 -0.43905532 0.11398704 0.0911033 
-0.20033468 -0.64047116 0.30432335 -0.43546098 
-0.6511467 1.2420881 1.7515148 0.6555097 
-0.12720117 -0.6941529 1.3605059 -0.16455068 
0.73705053 -0.18979838 0.40386686 0.70327884 
-0.74639654 -1.2388879 0.4752864 0.24283835 
-0.3514788 -0.20109692 -2.2081132 -0.35774723 
-0.29124388 0.7120572 0.3920284 1.2483337 
0.37839356 -0.2802766 -1.1344666 -0.71186835 
0.61737967 0.38930386 0.23127854 -0.013563725 
1.1201336 1.3558273 0.4601281 0.5574444 
-1.1627412 -0.16790214 -1.3240159 -1.5817814 
0.7440227 -0.33040953 0.535762 0.8458195 
0.014236749 1.9077554 0.6414237 2.0078201 
0.61836565 -0.5147948 1.6910979 0.20625381 
-1.2242646 1.4478588 -1.112901 -0.9714906 
1.210783 1.8569295 0.9800386 -0.46368098 
0.23822238 -0.34388307 1.128269 -0.80114937 
-1.102733 -0.2082238 3.0789833 0.22536413 
1.8798581 0.50224984 0.9537266 -0.8388445 
1.2969784 -0.047293894 -1.2231481 -0.71938324 
1.1723837 -2.2301574 0.631561 1.2255478 
-1.6378044 0.07878286 0.26157787 -0.39079815 
1.2404034 0.53474367 1.3325502 -0.56819445 
-0.9272564 2.7434824 0.293009 -0.09981632 
-0.77814674 0.47041395 -0.27008882 -0.93225884 
1.8339381 0.72734785 -0.45668322 0.1183984 
1.281144 0.19037819 0.3825553 1.5049499 
-0.06869134 -0.20355092 1.1305976 0.80285114 
1.8027147 0.03161285 -1.0072775 -1.5958278 
1.7588685 -1.9314286 0.31783888 0.53584075 
-0.79526514 2.7546341 -0.10213199 1.9297088 
0.6819804 -0.28028625 -0.5794351 -0.68421197 
-0.29143417 -0.46422982 2.5537581 0.6382644 
0.33721972 0.21101515 0.045401942 0.5979513 
-0.011366437 0.8637828 -2.3993678 0.13460797 
-1.2655661 3.0663126 -0.64774674 -0.22069624 
1.3601855 1.150073 -1.3197142 0.14845335 
1.5600001 -0.6404324 -0.43768966 0.46757767 
-1.8579856 -0.14257587 0.4175444 -0.7633028 
0.20564021 1.1915171 0.69214994 0.8304636 
-0.30829835 0.49083424 0.32747802 0.8375271 
0.3600508 0.9927833 -0.3295153 -1.1373827 
-0.37743917 1.4843807 0.66430753 -2.5087628 
1.4128568 -0.59490746 0.93935174 0.109195724 
0.30479518 0.5248627 1.2804897 -0.6247777 
-1.3695284 -0.13560854 0.9063697 0.28971663 
0.79670215 -1.47027 -1.286879 0.62588054 
0.7309623 0.38262627 -1.8531613 1.066817 
0.18214975 -0.18650164 -0.87048006 0.7757981 
-0.8498334 0.2850404 0.3802244 -0.37686396 
-1.3059788 0.34670874 0.26446947 -0.022530507 
2.609659 -0.2283009 0.6962036 0.62668717 
-1.7143716 0.67118335 -0.5718106 -1.5436625 
-0.0903813 -0.11403016 0.8040509 -0.6769557 
1.1167293 0.29423398 -0.2488627 0.42685404 
1.2926918 2.0179248 0.037482847 -1.6876298 
-1.3846906 0.6705403 1.1936039 0.47101462 
-0.13918966 -0.4560515 -1.4643757 -0.25007504 
-1.5897707 0.5489457 -0.5623938 1.4313891 
-0.95388275 0.39295918 -1.9005613 -2.2979755 
-2.8445754 0.7311324 0.017151041 -0.19684778 
0.7775663 -0.2461973 1.0438168 1.1459672 
1.8489385 0.5480574 -0.47628373 -0.112654075 
0.15116613 1.3652575 -1.1748104 2.290379 
-1.5546014 -0.092346564 0.24223725 0.27201664 
-1.492077 -1.3757813 -0.17628978 1.0466443 
1.0718518 -1.7579708 -1.4694 -0.50660723 
-1.2454717 -0.38863662 0.18476187 0.51087075 
-0.6097287 -1.0588737 -1.1962707 0.97263926 
-0.27920508 0.5084526 -1.3134594 1.6450567 
0.665631 0.5003086 -2.1036193 -0.40534592 
-0.70252347 -1.3318689 -0.10978516 -0.26255113 
1.7585812 -1.553852 -0.3092729 0.94866014 
0.48901185 0.59584993 -0.08342293 -1.430585 
0.35533062 -0.8866095 0.05990676 0.24087818 
0.35459602 -3.2056274 0.2672495 1.8444226 
-0.18671182 -0.038540192 0.19497994 -1.6276888 
1.2575737 -0.3725975 0.6367905 -1.9368867 
-0.9665783 2.0108721 1.0809828 -1.392741 
0.3309089 1.9634371 0.046792418 -0.9371837 
0.76599157 -0.19587395 1.3106577 -0.79885036 
-0.7179254 0.8591464 -0.77030927 -1.1444778 
0.15671799 1.1442934 -0.14522593 0.24699822 
-1.3249104 1.5508226 -0.15008561 -0.5593231 
0.26265174 2.41407 -2.0841646 0.44221094 
-0.060249716 0.2532178 1.2909099 -0.16846777 
-1.602656 1.9512652 -0.0400199 -0.77970433 
0.03856985 -0.95122516 0.066294454 1.0411642 
-1.7824785 0.8530369 0.54758424 0.6778394 
-0.13749285 0.5241006 -0.07885916 0.48427132 
-0.113735385 1.1987183 0.5048966 -0.23686865 
-1.3381208 2.6028328 0.27608323 -1.4397323 
1.2599419 0.55724436 -0.90518034 0.15972875 
0.4983001 -0.17362462 0.8390875 -1.6695328 
-0.42297524 1.586723 -0.13539208 0.18505041 
0.30858073 -0.26678032 1.0507056 -1.275952 
-2.1126056 -1.2752864 0.1566261 -0.06903983 
0.72583854 -0.6671479 -0.16605796 0.59208447 
-0.519331 2.6029074 1.8772038 -0.43196523 
1.3391612 0.2140634 0.84991735 0.24748357 
-1.010644 -1.6186527 -0.98815954 1.4617485 
0.07737925 2.2415266 -0.061424192 -1.0538005 
0.24572474 -1.1060208 1.4903798 -1.0106341 
1.0914366 -0.51848966 0.59314436 0.06458061 
-0.33248413 2.2064204 0.7366564 0.7710748 
-0.36043128 0.96578944 -1.4539728 0.204451 
0.22676066 1.2986064 -0.14961405 1.9089552 
-2.1642241 1.6882697 -1.6990047 0.5743119 
-0.94803053 -0.58905613 -0.019127667 0.32709733 
0.63183916 0.20937729 -1.3151689 -0.18492979 
-2.0569143 1.6046541 0.6931224 1.211685 
-1.0948306 -0.5045936 -0.041655477 -0.15777022 
-0.9480773 0.7302612 -1.4016347 -0.043512944 
-0.24238971 -0.5777442 0.3041478 -1.3810545 
1.7233607 0.44911328 0.8057062 0.5482786 
0.9312663 0.67463195 0.51092404 -0.33547568 
1.3481475 -0.33441892 -1.4043566 -0.34870267 
-1.1775603 0.3514553 1.2518358 1.6923014 
-0.52424943 -0.23713195 0.5384405 0.23959164 
-1.694706 -0.32004425 0.2618431 -0.14326607 
0.2025144 -1.1853693 -1.0172514 -2.9950283 
-0.78532267 1.0591569 -0.21241604 -0.4869097 
0.63628215 1.2133646 0.6109705 -0.07773587 
0.95778036 0.021702651 0.54113775 0.36653706 
1.2212536 -0.29173395 -0.3347383 0.012782009 
0.7637029 1.4678258 -0.6388375 -0.283566 
-0.19330707 0.22043557 0.17520884 -0.05896364 
-0.2865172 -1.1851902 0.31133547 -0.045731686 
0.6516993 0.19444472 -0.3391556 -0.10162696 
0.4977281 0.8569667 0.6179945 -0.79976434 
0.66104716 0.77390856 -0.40700758 -0.9136853 
-0.08219225 -0.11419591 -0.33174682 -1.5819608 
-1.5597963 0.055299327 -3.136344 -0.35931477 
0.17312737 -0.16055383 0.1325655 0.057201892 
0.40663674 1.3046145 -0.7288363 1.1839525 
1.1215687 0.54443973 0.5649648 0.4310529 
0.8767967 0.5878044 0.03174968 -0.23272231 
0.7788785 -1.1438715 1.0131917 -0.8291721 
1.0706022 -1.6646906 0.036108885 0.44260642 
0.15497006 0.3356024 -1.1279575 -0.12547888 
0.41019616 -1.2937025 -0.312976 -0.0474553 
-0.67026407 0.6899654 -1.4789237 0.6191112 
0.081113115 -2.1717148 -0.2669326 0.2327343 
-1.4028928 0.93581975 -1.9294302 0.9917017 
-1.0754682 -0.41812226 0.9277199 1.877369 
0.6752085 -1.1514685 0.8853705 0.122519895 
1.281095 -0.1692366 0.32249615 0.19797188 
-1.0546366 0.8947376 -0.7251548 -1.8782129 
-0.6664525 -0.19568355 -1.3397452 -1.2086364 
-0.6210835 -0.9902898 -0.99229264 0.061117385 
0.5394261 0.326341 0.206591 0.31576353 
-1.0382363 0.24874867 -0.37476242 -0.665612 
1.0668743 0.8056495 0.19450979 0.28007227 
-0.90714145 0.4840705 -1.2060943 0.29260263 
1.2885603 0.9609167 0.8449292 -0.51118624 
0.22846396 0.029503265 0.4118385 0.38291758 
-0.2829596 0.2853796 1.2914695 0.12997118 
1.0837582 -1.3219883 2.1574926 -0.17301224 
-0.6240968 1.6640168 -0.6420356 1.1670475 
-0.34813598 -0.34980357 0.13350424 0.5966932 
1.3167481 -1.4649903 -0.1791286 -1.1661346 
-0.79183185 0.75031817 0.60316175 0.72169775 
0.13461293 1.042044 1.218494 0.5579798 
0.86935276 0.8102042 -0.22527988 0.68505013 
-2.0533977 -1.3760573 0.82535386 0.56668925 
1.4919271 0.27910957 1.1442981 -0.90889394 
-0.56784356 1.0572771 -1.2010888 -0.2460667 
0.09781131 0.585052 -0.5879708 -1.098606 
-1.534888 -0.29635847 -0.28948137 -0.3905907 
0.46218753 0.2982902 0.5242647 -0.18549947 
0.7153483 -0.7001987 0.111943506 1.5172249 
-0.14991 -1.3599201 -1.1745564 0.5836209 
-0.14053576 0.9949308 0.39462438 -0.031547315 
-0.35829452 -0.8513609 -0.056788895 -1.1889966 
-1.3635166 -0.6640495 -0.52553463 0.9593142 
-1.204857 1.2406814 -1.2485743 0.31682783 
-1.2334946 -0.973163 1.2929567 -1.0044692 
-0.013967626 0.42760524 -0.13195418 -1.9780461 
0.80488825 0.34793448 -0.47926673 0.07420906 
1.7195226 -1.1876429 -0.31757087 0.58381635 
0.5524238 2.288245 -3.804913 -0.5053225 
-0.13794163 -0.3213687 -0.5137317 -0.56991684 
0.5715732 1.7402891 0.84490293 0.41141167 
0.39738324 0.052955057 -1.0982733 -0.306252 
-0.39182585 -1.1947744 0.020091103 0.70678633 
-1.4000432 -1.2919849 -1.9003915 -0.34531498 
-0.8051728 -1.2697426 0.7015755 -0.99567753 
-2.1219578 0.48795894 1.2567265 1.0362314 
0.49518806 1.5482808 -0.20097764 1.2624166 
0.18944517 -0.69027394 0.72534484 -0.49120665 
-0.15689997 2.148403 -0.08879175 -1.4922254 
-0.070694186 -0.54891646 -0.8271574 0.8050667 
-0.84521884 -1.3036716 -0.13597679 0.9127509 
-1.5015782 -0.028166039 0.8367875 0.0756091 
-0.76297057 0.7622495 -1.2014767 1.9588051 
0.62704366 0.111958995 -0.017702216 -0.19660555 
-1.2839211 1.0122855 -0.4950002 -1.0702003 
0.67656046 -0.7176696 0.69123924 -1.398583 
-0.40995246 0.9651618 -0.15617193 0.7941824 
0.3155531 -0.8229863 -0.46900254 1.690804 
0.47968557 0.24655624 -0.6370458 -1.2149223 
0.83183706 -0.40096366 -1.2365518 -0.26916772 
-0.87670887 -0.40435505 2.4900503 -0.716621 
-0.04500485 -0.5014891 1.6860205 1.7131387 
0.10187094 -0.17681754 -0.94146466 1.6805252 
-1.0181872 2.2378106 -0.6282804 -0.21006486 
0.45998845 -1.0578833 0.36768106 1.0104187 
-0.116622195 0.55927056 0.0052473866 0.23616225 
-1.4103204 0.7071793 -0.501813 -1.3348601 
1.7383149 1.0618888 -1.4133435 0.284839 
0.7705198 0.29056048 0.8327877 0.75608414 
-0.6707016 0.758142 0.32648396 -1.7622925 
-0.117648914 0.8231389 0.92106944 -1.1199434 
-1.3340247 0.16514058 -1.4764969 0.7831838 
-0.9976431 1.578323 -0.5120138 0.11987975 
1.3731236 1.0916526 -0.077233955 -0.63908434 
0.69564486 1.1878604 -1.6109133 -0.35649782 
-0.6718895 0.029365344 -0.65524626 -0.01808019 
0.43957883 0.39807948 -0.16722028 0.05298697 
-0.96710837 1.0353191 0.9321909 0.07988654 
0.81662154 0.112164125 -0.58193946 -0.28568998 
2.2152848 -0.6660133 -0.86344194 0.9202773 
-0.92333245 1.7874944 1.661519 -0.5798243 
0.36858696 0.85373336 1.0795729 0.15847886 
-0.11865295 1.6457467 0.20745432 -1.9597753 
0.27743873 -1.1959597 1.2897189 -1.0538647 
0.8106074 0.8846691 -1.9077005 1.7285974 
1.0129223 0.09560072 0.5363877 -1.1874903 
1.830933 0.809768 1.1846186 0.20916028 
1.0126117 1.414068 0.7738712 -1.7967947 
-0.976274 -0.5173948 -0.83155334 -0.16331537 
0.05479291 -0.6290659 1.1595525 1.8394748 
0.095122494 0.91283065 -0.7817067 0.63996845 
0.72113806 -0.92292076 -0.4683754 2.215759 
0.48874548 0.3261559 0.6498302 0.35690522 
-0.21030472 -0.24786617 1.4062682 -0.20146385 
0.16588105 0.14408998 -0.39266178 2.6966636 
0.12023101 0.6203123 -0.7900857 0.99269783 
-0.107815795 1.3597522 -0.4019354 -0.027382022 
-0.1858423 1.3834281 0.17893265 -0.64328134 
0.75449336 -0.15457514 1.1777406 -0.503296 
-0.3915947 -0.7377717 -1.7759079 0.3155771 
-0.06545157 1.3236183 -1.486398 2.0346308 
0.66364187 0.7851195 -1.5697355 -0.955458 
1.1182148 0.73504174 -0.8934917 0.3542638 
-0.2544866 0.6301783 0.06869452 1.0852149 
-1.5149422 -0.7223533 -0.5552639 -0.0076218885 
0.54851764 0.62036836 -0.7314428 1.3622762 
-0.043204855 -0.1748172 1.8084514 0.050650656 
-1.1170951 0.40086073 -1.5988705 1.7462834 
-0.24011473 -0.97997177 1.3644075 -1.2350644 
0.5899045 -0.6930556 -1.01697 0.25456277 
-0.32156178 0.5013284 0.9403977 -0.7199674 
0.72056437 -0.88467866 0.8853654 2.2415252 
1.3602898 1.2653198 0.46560675 -0.6453456 
-1.1686072 -0.9449988 0.12349446 -0.92083305 
-0.27577987 1.7047698 -0.08192746 -0.78043836 
-0.5521404 0.9575091 -1.897173 -0.46714884 
1.1933932 -1.7397243 -0.54721785 1.1714096 
0.34773034 0.25401324 0.7039315 0.4348207 
1.2137254 0.91764086 -0.8294242 1.6172796 
-1.2683582 1.3625989 1.0084667 -0.8038914 
1.510161 -0.96942455 0.013023937 0.2896115 
1.3135401 1.731704 0.6227699 0.45043385 
-1.743316 -1.7867926 -0.6184642 -0.25895277 
1.1300135 0.23144722 1.4016577 -0.062508106 
-1.2529914 0.46407998 -0.63633275 -0.29106677 
-1.839397 -1.114373 0.5494358 -0.48345885 
1.8042295 1.2783065 1.4503416 -0.6617509 
0.8739831 2.6312382 0.36699757 -1.1164095 
-0.18446444 0.8844444 1.0036112 -1.0849539 
0.33883923 -1.6840103 0.63277876 0.1959151 
0.35353127 -0.73237896 1.2878432 -1.2759925 
1.0645269 0.5063103 -0.7878802 0.237098 
-1.2023481 0.546419 -1.3042097 0.20625298 
0.28674132 0.62235385 -1.4364089 2.1288223 
0.6204123 0.3901046 -0.6030172 -0.08652922 
1.0710832 -0.36550158 -2.2460575 1.5055354 
-1.6382428 0.11518762 1.5140756 2.9039037 
-1.9376991 0.97617674 -3.0822387 -0.19010703 
0.73327935 0.40225896 -0.030627916 0.07128641 
1.109684 1.4502245 -0.7643087 0.2568625 
-0.67684525 -0.5093492 -0.5834508 0.42777818 
1.0995023 0.1364836 0.114604644 1.7839321 
1.6454799 0.13038434 0.2786236 -0.38785392 
0.38567334 0.6230582 0.1357518 -0.82180464 
0.4241189 1.736601 -0.19046415 -0.2723908 
-0.66499734 -1.7507843 -0.0908492 -0.7722012 
-0.19744119 -0.955121 0.28067896 -0.5473407 
0.68301207 0.31971273 -1.8853445 -0.3918296 
0.2634147 0.58660007 0.7079099 -0.042981043 
0.5928329 0.09708618 1.1236373 -1.1096543 
-0.39194638 -1.2752684 -2.3814638 -2.0089087 
0.09229377 -1.7084479 0.71852946 0.91244173 
0.9745262 0.695298 0.61247575 -0.39261362 
0.27128425 -0.20101233 0.45281225 0.17514527 
1.0751936 0.5114221 -0.5519891 -2.16945 
-0.7323474 2.5795996 1.1313403 -0.66503155 
2.3258753 -0.02085716 0.47510308 -0.43124 
0.7867049 0.31104478 0.2944924 -1.3765339 
-0.36650556 -0.5866644 -0.701324 -2.0007808 
1.2281767 1.7090925 2.9446547 0.4187226 
-0.484475 -1.7132432 0.1690248 -2.1909766 
-0.78756416 1.4135292 -1.2870905 -0.90499276 
-0.33840644 -0.91359985 -0.3298503 0.1792037 
1.030767 -0.05027849 -0.606756 0.8647069 
0.011941192 1.5709735 0.20439833 1.2394395 
0.33521846 0.58378565 -0.49803138 0.19480109 
0.9708754 0.9834541 -0.0631341 -1.3571742 
-0.8363353 -0.7634947 0.52887833 1.7977335 
1.6091717 0.055000834 1.7836825 -2.08036 
-0.7843525 -1.1908844 -0.46783054 0.16993134 
-0.8804991 -0.21971463 0.7216884 0.17073493 
-0.29242846 -0.36238587 0.033187944 0.8232918 
-0.20456463 2.1867282 0.30289924 1.0562307 
-0.48856366 0.4232205 1.887621 -0.27200347 
2.0145953 -0.3752584 1.5479559 0.23473068 
1.1127818 1.376893 -1.3713256 -1.8570207 
-1.7732476 -0.32849878 0.55202734 1.5885636 
-0.20449057 -0.124924615 0.097640425 0.67190427 
0.43020207 -0.49978763 1.24316 0.19708987 
-0.09470873 0.32009494 -2.2561085 1.0096022 
0.7311742 0.14057113 -0.6412008 0.79237264 
0.41952974 0.34863752 1.4445512 0.9163703 
-1.1947927 -0.5845809 -1.7763422 0.10967817 
1.0490328 -1.3686225 0.55838084 0.7349944 
0.86180043 0.6156557 -0.5278029 -1.2818507 
0.89560246 -0.7478041 -0.3712907 -0.38932487 
-1.1493592 1.2479268 1.5637435 -0.7357022 
1.0093174 -0.9940698 -0.13185185 1.1861893 
-1.4975206 -0.20253307 1.0468043 -0.49862936 
0.26575795 -1.4623296 -1.3197873 -1.0550443 
0.52061325 0.29098177 -1.3315151 0.78963715 
-0.6732037 -0.75395703 -0.22673742 0.4282048 
-0.34548262 0.84396607 -0.4602086 -0.47719568 
1.094425 0.21887857 -0.30139822 0.62077934 
-0.6701657 0.34004015 -0.7475223 0.7221005 
-0.99563515 -0.3996515 0.24155894 0.0708237 
-0.29727077 0.949647 -0.012500073 -0.30149707 
1.7271246 1.9848958 0.95873755 -1.393465 
0.7563127 0.79532313 -0.30644444 0.89843845 
-1.4348851 -0.32867327 -1.3605638 2.053864 
-0.04120257 0.48935574 0.013339858 -0.50430995 
-0.021436935 0.6359456 0.30630514 -0.2580538 
0.647672 0.7029016 -0.79827994 1.8852471 
1.214772 0.12508759 -0.30184063 -0.76114374 
-0.25350088 1.2819961 1.0535984 0.6662268 
0.91069496 -0.18178035 -0.2542198 -0.66007954 
-0.2925263 0.5280077 0.08408776 -0.11030725 
0.83555114 -0.6695112 -0.51743525 -0.9466163 
0.5144466 -0.03665718 -0.8251892 1.1128047 
1.1880851 -0.8792751 -1.2934431 0.31956163 
0.6390513 0.21897319 -1.1690625 -1.226232 
0.69155115 0.69164336 0.10453815 0.4146781 
-0.8874635 -2.778361 2.1919856 0.2743101 
1.5746309 0.08717379 -0.5081911 -0.21597181 
-0.20688558 -1.0318418 -0.011744813 -1.3559302 
0.99146205 -0.9542068 -0.48086414 -1.2856203 
-2.5094483 0.031179 -0.81893206 0.21307056 
-1.2341577 0.20145968 0.75503296 0.06022276 
0.43970093 -0.3809587 0.16486861 0.31048122 
0.9428827 0.6054773 -2.5579183 1.5352157 
0.37461868 0.6613418 1.6986902 0.92667377 
-0.5675792 -0.24664086 -0.5449655 -0.74276435 
-0.76646656 -0.06443465 0.54920965 0.6243612 
-0.37519497 0.35099113 -1.254475 -1.2675077 
-0.37723684 -0.399802 2.649614 0.8631737 
0.8403978 -0.1032576 0.65529114 -0.45002076 
1.1224172 2.1787505 2.0078661 -0.516141 
-1.0664173 0.639437 0.1928066 -1.0388782 
-0.11042027 -1.9392122 0.5054068 1.2095785 
0.6393254 -0.86710876 -0.28870627 0.27216506 
0.6192792 -0.4411308 -0.5914182 0.020034054 
-0.07850531 1.7327065 -1.0786446 0.25829026 
1.1673445 -0.67362654 -1.0507499 1.0199438 
-1.1270711 0.5485792 -1.6198477 0.031762235 
-1.7048105 1.6606885 -0.4059649 -0.049016524 
0.43813267 1.4717484 -1.6768503 -1.2140465 
-0.9421763 0.65036553 -0.3659829 -0.05038728 
-0.6166657 0.60167515 0.025055379 0.95738906 
1.4340495 -1.4626158 -0.05027725 -2.527988 
-1.1723531 0.51018655 -1.1900581 -0.4121809 
-0.2622822 1.4027197 -0.5812239 0.25308236 
-0.7713937 -0.9792709 0.8627016 1.2705991 
-1.0420082 0.3819715 -0.9922106 -0.790421 
-0.35942268 -0.4783681 0.4723836 -0.16775224 
0.5177944 0.61455745 0.7433269 0.5833047 
0.20986773 1.3653401 1.1289059 -0.79330164 
2.0921562 -0.87627053 -1.8185959 0.34490854 
0.39021036 -2.3721278 -0.17804359 0.5065929 
0.6387762 -0.36896887 -0.6020704 0.31586584 
-0.31442213 0.5188718 -0.18826725 1.4417596 
-1.1402504 -0.5540171 0.45004764 -0.7434987 
0.9622966 1.52728 -0.28689963 -1.2429192 
0.50520855 1.2119944 2.1581995 1.6138109 
-0.598933 0.46262467 1.2872338 -0.2448813 
0.04905107 -1.9930073 0.2897562 0.6791139 
-0.32081127 -0.16741039 -1.3913805 0.03642377 
-0.19188452 2.1560688 -0.35538056 -0.18424071 
-0.66854423 -1.804524 -0.24954419 -0.7995577 
-1.2172946 0.05320261 0.21634309 -1.1914406 
0.47530463 0.15290916 -0.28848478 -0.9196734 
-0.109869316 0.54165184 0.273987 -0.09878367 
1.0967811 -0.26303512 0.19289263 -0.43862158 
0.11144277 0.07650438 1.458816 0.70292825 
-0.9824646 1.4290167 -0.28060824 1.9049382 
0.19899817 -0.3069237 -0.10584077 -0.4057492 
-2.014294 -0.62914574 -1.0187454 -0.5766958 
-0.016722985 -0.2917689 -0.18536791 1.026364 
-0.3423561 -0.76904577 1.1001966 0.164458 
0.14993343 0.630783 -0.09286038 -0.96528906 
-0.5334986 -0.18095556 -1.2898651 -1.3445364 
-0.85601455 0.42785195 0.3430355 0.750073 
-1.9902183 -1.4025013 -1.153171 -0.17729558 
-0.9293793 1.4537526 -0.16864242 -1.5253713 
-2.2295115 0.17444706 -2.3255377 -0.17656155 
-0.39480963 1.0975783 0.9708047 -0.30507645 
-0.5240896 0.11902996 -0.23430641 0.7595651 
-0.18003552 -0.666631 0.39327142 -0.7561855 
-1.455089 -0.001917065 -0.57522565 -0.28305024 
-0.03871154 -0.54181224 0.39182118 -0.07191184 
0.42255506 -1.1438264 -0.46644723 0.74982166 
0.010020587 -0.877757 -0.68321323 -0.6247387 
-0.47694933 0.038533036 -0.21302712 -2.0678756 
-1.0866126 0.6818757 0.84681135 2.1161258 
-0.042696737 1.6235901 -0.086712345 0.0876812 
0.86056674 0.61503726 -0.44247633 -0.21052325 
-0.39206573 -0.8119666 -0.5897588 0.1632705 
-0.48440415 0.10232237 1.0654837 -0.06528959 
-0.053249363 1.6268965 0.4775893 -1.732311 
-1.6971802 -0.73994106 -0.72312146 0.16166005 
-0.76186174 0.25069186 0.18931541 0.28005153 
-1.1852775 0.95008254 0.21317784 0.1752974 
