0.80646145 -0.5173116 -0.565221 
0.023870332 -0.6198219 -1.0889975 
1.2359146 0.5187112 -0.12757175 
1.6266974 2.5128455 -0.15848778 
0.6638403 1.3721141 0.90691495 
-0.2549886 1.4238446 1.1700816 
1.4132438 0.55517423 1.4899062 
0.9831643 3.0309098 0.7168232 
1.577906 0.10343286 1.1431769 
1.7872795 0.6540643 0.08193672 
-0.41707584 -2.1894007 1.8588161 
-0.6885541 0.77443177 -0.98541063 
-0.30577177 0.73333836 -0.09021572 
-1.3928305 0.113319576 -1.8670753 
0.48802978 -2.1385248 0.43589547 
-0.5588685 -0.98666936 -0.5067158 
1.1263134 -0.235389 -0.29061484 
-3.112072 0.028114587 -0.90191716 
0.3258696 1.1827091 0.76612544 
-1.0937779 -0.23763067 -1.5310541 
0.5923202 -0.09094209 -1.4304409 
-0.40457657 0.2535054 -1.1229326 
-0.0435994 0.40175334 0.7852354 
-0.18880965 -1.2763842 0.24015959 
2.1861856 -2.3363347 -1.0077147 
1.5937521 0.6248149 -0.24680832 
-0.75449353 -2.2832866 0.5663457 
-1.0807796 -0.040452585 0.30495608 
-0.14856969 -1.2831013 2.4094636 
0.48918775 0.31434813 0.6391276 
-1.171576 0.21267386 1.8569946 
-0.6664696 -0.4334241 0.32558647 
-2.4129493 0.2895999 0.19121386 
-0.9563993 0.3552673 0.7324031 
-0.9558587 0.472294 0.46466827 
-0.4579944 -0.5398562 0.6241951 
0.22572015 0.65192974 0.19863196 
-0.027770186 -0.82938594 1.4334486 
1.5005072 0.74004054 -0.8703649 
-0.2793423 0.50208575 0.43827394 
-0.7807048 0.65082216 1.7296352 
-1.7153119 -0.623634 -0.42751363 
-0.6895632 0.81991905 0.10621635 
0.17459145 -0.7491672 0.8256041 
0.54600966 0.16199665 -0.14534454 
-0.09061691 -0.2438764 0.3178178 
0.34427086 -0.5993488 2.6109324 
0.18389328 -0.29254737 -0.28012213 
0.124222614 -1.5469947 -1.8871348 
-0.6963462 2.030879 -0.5583434 
0.90899974 1.2683344 1.1317301 
-0.43273076 -0.5336336 -0.26157343 
0.77562606 -0.53906566 0.7498321 
-0.18160865 0.2948958 0.4103671 
-0.46125326 0.16492248 -0.1702113 
1.0429322 -0.6464163 -0.6655484 
0.1589879 -0.9942361 -1.1717639 
-0.7340959 -0.060509827 1.1000699 
-1.0004572 0.9655679 -0.4210721 
1.1278356 -0.52186304 -0.43044558 
0.45254922 -0.74988276 0.33747047 
-0.80876356 -0.5457757 -0.43921718 
-0.08865511 0.27910465 -0.7771219 
-1.7713499 0.21678665 -1.0772876 
-0.061685607 -1.0944916 -0.8950817 
0.78337 -2.3386936 0.5847546 
0.09883438 -0.5837385 -0.6722068 
0.32881343 1.3202828 -3.2356102 
0.009089718 0.7623446 -0.32604438 
-0.017212816 -1.3838786 -2.4430199 
-0.009845399 0.07893619 0.76361346 
-0.8657949 1.4210352 -0.19515629 
1.4557079 0.77825326 0.79355806 
0.20004733 -1.5293442 1.3820475 
-1.058369 0.36077276 0.88410825 
0.46478423 0.23060632 0.073000446 
-0.35423374 0.7396306 -0.5732197 
0.1308458 -1.5351034 -1.8897803 
-0.25564796 -0.9100137 0.5237158 
-1.3701954 0.7914544 -0.8165847 
0.59382725 -0.5701955 -0.029312976 
1.332965 2.1186533 -0.35869893 
1.1776685 1.002977 0.7539976 
0.4743285 0.34525895 -1.4247147 
-0.6402748 2.5482001 1.084452 
-0.74294883 -0.8565268 -0.885362 
0.51175815 -1.0693281 -1.7806069 
-1.7862095 0.73966223 -1.4412816 
-0.5561257 0.1674029 0.14393796 
0.08757934 -0.39641115 -0.010303343 
0.7905566 -0.71007466 0.032777146 
0.7292503 0.9660497 -1.0577358 
-1.7834866 1.0436189 0.2476466 
-1.1921111 0.21969058 -0.85652834 
0.4955695 -2.0316844 -1.2862442 
0.5128601 0.8896566 -0.6668771 
-1.3249191 -1.3753839 -0.056547664 
-1.01337 0.47767606 0.09624149 
-2.0113087 0.74572355 -0.4459745 
-1.0750078 0.9437798 -0.6746603 
-0.267022 -1.9725345 -0.023278974 
-0.63123107 1.132316 -1.3104644 
0.66711414 0.054591782 0.3737277 
-2.2292771 -1.0432484 -0.1136956 
0.7785606 -1.847908 -0.4903031 
1.462777 0.050662298 -0.07917439 
3.0046446 0.14662272 1.7907908 
-1.2648083 0.847166 0.12000274 
0.4850997 0.44817418 -0.49743542 
1.6011182 1.2281852 0.801861 
-1.0158327 -0.5138625 0.55002075 
1.2827404 0.80567014 -0.4151757 
-0.5083422 1.0788398 0.564792 
1.668374 -1.6161069 0.07320188 
1.5638653 0.50796694 -0.8424863 
0.3199552 -0.30996755 1.2481251 
-0.85887325 -0.058551025 0.09311349 
0.59592444 0.82602257 -0.7847809 
1.8345679 0.12357941 1.167403 
-0.39158952 0.32083026 -0.64115685 
0.16702962 0.66612315 1.7238048 
2.3946536 -0.84154415 -0.17566782 
-0.7809273 0.83138204 0.9426657 
1.2269645 -0.9405143 0.029542513 
-0.3861213 0.637878 -0.56857675 
1.4901587 0.80396444 0.16253428 
0.7314786 -0.1870905 -0.638436 
-0.4553243 -0.16314924 0.7243616 
1.1269715 0.8448054 -1.0088516 
1.8819218 0.8543374 2.2792902 
-1.2654675 0.66940445 0.32589126 
-0.89134043 1.5020318 0.7038673 
-0.1370625 1.1459705 0.016891263 
1.6232736 -0.41149366 0.1576411 
-1.0732237 1.833657 1.4174974 
-0.32663566 0.28045535 -0.25603986 
1.1782073 -0.29582727 0.1792745 
-0.12382162 -0.5621436 -0.25771603 
-1.5451607 -0.5205626 0.16638088 
-1.848649 0.86178 0.44464323 
0.528191 -0.36180973 0.017632667 
-0.6218277 0.16936633 0.016953483 
-0.09645325 0.44786853 0.4095552 
-0.80157954 0.5640575 -0.995454 
-0.5335527 -1.0915039 0.93789613 
-0.9423777 -0.42572886 0.04129584 
-1.4333273 0.104345694 1.9119905 
0.1816638 -0.4917864 -0.8773403 
1.2038074 -0.4926206 -0.17077792 
0.16592342 1.2877063 -1.416365 
0.127981 -1.5468138 -0.6898892 
0.9695875 1.4152764 -0.10088785 
0.44901448 1.0085244 0.6951064 
0.13305722 -0.2874591 2.0588682 
-1.8500352 -0.38832214 0.84478486 
0.19190335 -0.6388418 0.33478567 
-0.32473618 -0.06591572 -0.3048902 
-1.0334204 1.4433359 0.37058648 
-1.8118875 -1.1903266 -1.3137215 
0.08442797 0.2259116 -0.644764 
-0.50943583 1.4580693 0.29422894 
-0.9739437 -0.7020132 0.71370745 
-0.50243247 0.19473967 0.47727916 
-0.44962 0.07580822 -0.5348172 
0.57901937 0.49152 1.0695667 
-0.0990608 -1.2390589 -2.1026201 
-0.4288446 0.7528118 0.914514 
0.6844878 1.0699229 -0.6084381 
-0.39507946 1.4344401 -0.92984176 
0.20461498 -0.55576116 0.0591264 
-0.5730037 1.9038018 -0.22467326 
-0.76773655 -0.83608246 0.5286424 
1.5360556 0.78294843 -0.21645597 
-0.052171662 -0.61015373 0.23420896 
0.16629611 0.4743188 1.2097993 
0.71624076 0.46848986 -0.11600267 
0.7129754 -0.31473258 -0.15623923 
0.104631715 1.4312238 0.34584105 
-0.69008434 -0.93436456 -0.47667462 
-0.8457563 0.28785124 -0.12905778 
-0.23406504 -0.07921467 -0.07425475 
0.11751343 -0.7492156 0.026305765 
1.0156528 -0.70539767 0.651008 
-0.0011356412 0.21396251 -1.6170326 
1.4788613 -0.12792335 0.928824 
2.2132015 -0.56511366 1.0685211 
1.0018586 -0.12458539 -1.4445455 
-0.891924 0.538326 0.21474238 
-0.6052907 0.29396003 0.3770801 
0.7980157 -1.4538002 0.85574293 
-1.6750379 -0.08538434 -1.0425822 
0.066020995 1.1794008 0.8496529 
-0.8513236 -0.277733 0.87328446 
2.809642 2.073544 0.22759993 
-0.5046493 -1.3696904 -0.8199903 
-0.09300177 0.12786599 1.0188781 
1.1501484 -0.5604768 1.1118196 
-0.25356314 -1.0665213 0.9911327 
0.25364274 -0.23391904 0.72792697 
1.0320392 -1.2263931 1.7171818 
-1.150451 1.5393901 -1.3093383 
-0.78492486 -0.09649238 -0.8363584 
-0.27361375 -1.0758842 1.6008077 
0.12618579 -0.37875766 -0.73106766 
1.3653364 -0.25177807 -0.95438075 
-0.21034741 -1.7152547 -1.4959762 
0.5187998 -0.45185265 0.44295588 
-0.9564383 2.057802 0.5704996 
-0.6565702 -0.11875515 -0.33566016 
-1.1421924 2.0023544 0.22227107 
-1.4611855 -0.33931106 -1.1661632 
-0.53761286 0.10246097 -0.80050015 
-0.4717874 1.6641147 0.34922713 
-0.9124783 0.6314544 -0.2429623 
-0.8991971 -0.27940837 0.4330627 
1.2828753 0.9719959 0.27103266 
0.18246199 -0.2927364 0.88963103 
1.2777998 0.6549513 0.17512603 
-0.12371499 -1.9148067 1.1123966 
-1.9750249 0.25273296 -1.2012568 
1.3245779 -0.35452375 -0.28774726 
0.334868 0.1416182 2.1747363 
-0.68628764 2.2058556 -0.53264385 
0.8408438 0.07732377 0.65790826 
-0.18722944 -1.7246482 -0.0333438 
-0.091898575 0.27952492 1.0376571 
0.6000032 0.43621916 0.6924888 
-0.05004856 -0.4796443 0.222899 
-0.11569022 0.6062843 -0.015828466 
0.34288746 -1.1784829 0.35432097 
-0.22348137 -0.7053855 0.6766183 
1.0065368 -1.0989658 -0.6735462 
0.5272187 -0.1263711 0.548534 
-0.3277096 -0.9529022 -0.69480306 
-0.7715728 -0.28576282 1.4003972 
-0.94974023 1.0159528 -0.22963989 
-1.5711571 -1.6081505 -1.0834942 
-0.31630537 -0.4178298 -0.102823965 
-1.1604056 -0.25244242 1.4998488 
1.0175878 -1.1411096 -1.4417899 
1.9331839 -0.030654812 1.0308574 
0.5492171 0.23984511 -0.42492875 
0.675892 0.550927 0.19801886 
-0.8396601 0.49197912 0.1761959 
1.3640431 -2.065485 0.6056038 
0.119063124 0.7483019 0.775573 
-1.4530945 0.97837347 0.09500387 
1.333607 -0.65185213 0.56235135 
1.0077827 0.79687643 -0.2280171 
0.99208283 -0.83579534 -0.7090027 
0.9457679 -1.6330965 -0.28011665 
-1.4916176 0.9932567 -1.5148818 
-1.1457423 -0.14726102 -0.7450349 
0.14206895 -0.8106004 0.24514848 
1.6898209 0.13313365 -2.1951778 
-0.14866726 0.052006353 0.4815972 
-1.1870426 -1.2073629 -0.5573099 
-1.4991024 0.2298159 -0.4101152 
-0.8056637 0.5367575 0.93198746 
0.75511676 -1.9581281 -0.48733068 
-2.0631292 -1.9322323 1.2872102 
-0.40819794 -0.46523878 0.6146753 
0.80429864 0.092077695 1.465766 
1.5833882 -0.24891376 -1.0139406 
0.1509841 -0.7454461 -0.23743992 
2.3489954 -0.38885435 0.7264647 
0.97737247 -0.20402339 -1.1288899 
-1.0090556 -1.5250058 -0.21937582 
1.6842531 -0.48644727 -0.25548115 
-0.30824688 -0.088372216 0.26661518 
1.8608404 -0.27092496 1.1746715 
0.543458 1.5550215 -0.8402553 
0.06536954 0.0714663 0.28217036 
0.35281903 0.9730276 0.44884953 
-0.44989747 -2.0114534 -1.2062865 
0.6136475 0.29342178 2.287624 
0.6622337 0.725405 0.8903198 
0.9354169 0.88108647 -0.7992292 
1.203605 -0.114386216 -0.54272836 
-0.35679734 0.08495401 -0.16128246 
-0.35621995 -0.44178134 -1.1505446 
-1.5058012 -0.36815816 0.50478745 
-0.23183824 -0.8375603 0.41632986 
0.33628058 -0.43588722 0.5237281 
-1.1920048 -0.75294375 -0.2528612 
1.3409284 0.51221234 0.90813273 
0.6288328 0.16174735 0.37893274 
-0.8864079 -0.74343866 1.9602247 
-0.6916656 -0.18629302 -1.5261626 
2.0520594 -0.2956734 -0.005881102 
2.6110113 1.6779405 0.45424584 
0.3442207 -0.066756584 1.2958758 
0.9601332 -2.2192864 -0.6392311 
0.15338334 0.6879064 1.111947 
-1.1470541 0.6404982 -0.8719843 
1.0517554 0.5841016 -2.223571 
0.68614644 0.55849814 0.76448876 
-0.19794208 -0.5817065 -1.2216616 
-0.5811759 -0.22291055 0.8232982 
0.32968158 0.5441638 -0.7040219 
-2.5538316 0.6572408 0.37321317 
-0.1735797 -0.69168526 -0.93540287 
0.1717878 -0.08059303 -0.7550196 
-1.4544262 -1.4847026 1.1525126 
-1.1616856 -0.9500558 -0.16365165 
-1.7985072 0.07823517 1.7601202 
-1.5152644 2.128849 -0.018710941 
-0.65745425 -0.82536113 1.0021986 
0.36212093 0.82694477 1.6719334 
-0.8306314 1.824687 -0.4227351 
-1.032097 -0.37083703 0.7801082 
-1.5304519 0.101887636 0.06552583 
-0.16927293 -0.017464753 -0.11614489 
-0.22265092 0.58153856 0.3007481 
1.0622553 -0.27428636 -0.33130154 
0.6778071 -0.00345126 -0.5623857 
-0.27012703 0.80810976 -0.9243496 
-0.4275424 1.3204445 1.2945093 
0.5861249 1.6549054 0.399927 
-0.6020353 -0.04946704 -2.5152113 
-0.75290287 1.0122883 -0.16515124 
-0.8787132 0.08171396 -0.18458405 
1.2596157 -0.02774531 -1.2246504 
0.4492093 -1.6594546 0.0136841005 
0.03420519 -0.796241 -1.3653077 
0.16303883 -0.42575866 -1.4310596 
-0.67497146 -0.61974025 -0.12646754 
-0.18020935 -0.73377085 0.6565788 
0.51271355 -1.2485117 -1.5067874 
-0.2990981 -0.563821 0.26149583 
-0.59420234 0.15473993 0.19104698 
0.788092 1.2208854 0.15219286 
0.12995455 0.8310698 0.20116618 
0.32345903 2.3046064 -0.17882596 
-0.036252216 0.5430728 0.4761587 
-0.82186085 -0.055329062 1.5853442 
-0.16407327 -0.20247094 1.1011306 
1.0206892 1.3975325 -0.43715045 
0.0075951074 -1.505362 -0.82025266 
0.66802657 2.7152627 -0.059700727 
-0.6693502 1.3022854 -0.24299078 
0.36194655 0.6119321 0.6905132 
-0.5783069 0.2589718 -2.0311866 
-0.6661708 -1.5392748 0.42080545 
0.3905568 -0.9619089 -1.0731449 
1.4912956 -0.3441215 0.34948206 
1.4986829 -2.0964785 -0.056510244 
-0.33365917 1.793154 1.1989089 
-0.39482337 0.8355937 -0.6687826 
0.3244167 -0.46190804 1.9833176 
-0.06616264 0.57186025 -0.6339739 
-0.49490348 -0.3169566 -0.021990808 
0.2645834 -1.0241039 -1.5017511 
0.3215119 -1.5060309 -0.47982714 
0.5007601 0.31099108 1.1852225 
1.0332674 -0.16854502 0.9539735 
-0.6796872 -0.21997204 -0.68403584 
0.53311074 0.45239612 0.15316024 
0.038272392 0.10773999 0.35620624 
0.36829022 0.9080438 -0.32962102 
0.18078226 0.8178855 2.4543562 
-0.8084963 -0.6998333 0.14957 
0.62062216 -0.84005034 0.81962085 
0.22941783 -0.05964553 1.0448941 
-0.2557952 0.87603885 1.7664057 
0.90517163 0.41578308 -0.58695793 
0.84792966 0.30138102 0.71417004 
1.0016594 -0.59662205 0.5469658 
-1.8463556 1.538014 -0.016202658 
-0.17892793 1.2266759 0.617998 
-0.09922494 -0.671707 0.93488586 
0.25077632 -0.72283673 -0.46047124 
-0.9437034 -0.4842663 1.1774869 
-0.16807371 -0.07366399 0.40507126 
0.8544528 -0.59270406 -0.2701582 
-0.22639754 0.79004556 -1.4057406 
0.06904675 -0.831957 1.0468422 
-0.49970704 2.109613 0.19745772 
-1.8149166 2.3155868 -0.72839653 
0.00878467 0.36381465 0.045949377 
0.4986565 0.9367145 -1.7929795 
0.08167256 -0.94784904 -0.3134017 
-0.058913875 -0.40312752 -0.073840946 
1.0992813 1.2371998 0.10563108 
-0.39705428 -1.093539 1.3401479 
0.7576735 -0.8007954 -1.0441241 
-0.85882944 0.17350747 -1.2659111 
-0.10876715 -0.26627132 -0.96917856 
-0.13391478 -1.1780378 -0.27770457 
0.49085125 -0.4098379 0.47146046 
-1.9428483 0.03278181 -1.1844325 
-1.4936343 0.20068674 -1.425454 
-0.275731 0.7313553 0.82863927 
0.047292378 1.8921795 1.5951474 
-0.43068984 -0.078286424 1.4499685 
-1.0867691 0.48088786 -0.71553606 
0.5661263 -0.17569573 0.9123616 
0.86863655 0.19041914 -0.9884156 
0.79841757 1.5977163 0.2598421 
0.70143074 -0.58362174 -1.0505993 
-0.9887145 -0.20328382 2.6993515 
0.5451554 -0.1282241 0.107809246 
-1.0777675 -0.7438742 -1.3325834 
1.5468246 1.0315727 0.58942616 
2.0962327 -1.6269661 -1.9802926 
1.0543883 -0.06670613 2.100525 
0.5002063 0.41818365 0.39228743 
1.1207987 0.14203809 -1.2489556 
1.5511729 -1.3547397 0.6411178 
-0.941718 1.435628 -1.0400611 
-0.8586817 0.28066275 1.3363497 
0.98678553 -0.19382156 0.36634946 
0.0043707923 0.8600359 0.44113418 
-2.4643042 1.4126971 0.6742985 
-0.9717056 -0.6537652 -0.5360495 
-0.97923374 0.13163242 1.8147122 
0.06028754 0.117255 0.18516195 
-0.03226867 1.6433456 0.21079224 
-0.22710639 -1.2554274 1.8534034 
0.11394864 -1.1453884 0.26963788 
-0.64925987 -2.2603025 -1.6519808 
-1.1572973 0.8961176 -2.4083319 
-0.089825094 0.7743464 1.2976468 
-1.4704138 -1.6986407 -0.8437696 
0.3521674 -0.89058894 -1.120874 
-0.32585105 -0.19959822 -2.453976 
-0.7969223 -1.4372945 0.44553497 
0.12520598 -0.78226995 0.49317974 
0.012504019 0.21358135 -0.7386237 
0.15089379 1.4418842 0.0070837596 
1.0967845 0.63437325 0.91712207 
-0.6151122 0.6279327 -0.14494939 
-1.3069534 -0.6809751 -0.19043435 
1.0077583 1.2027794 0.16983114 
-0.9169466 0.19297788 -0.6337085 
-1.0347188 -0.59552866 0.32489794 
-0.8335975 2.1617668 0.6232024 
2.8379526 1.3555402 -0.7787631 
0.036530726 0.20585479 -0.48197985 
0.7387575 1.1335388 -0.85363775 
-0.390811 0.55695415 -0.39543083 
0.74496347 1.0651346 1.5712104 
0.24918851 1.0384753 -0.14071058 
0.12102693 -0.12917751 2.1764238 
-1.5767597 0.75174516 0.0072473176 
1.6774877 -1.301208 -0.35720375 
-0.44823202 0.31072593 1.8916576 
1.020109 0.018948156 1.6506593 
-0.8489655 -1.0103902 -1.6464095 
1.2307779 1.0324336 0.369764 
-1.8299792 -0.95726454 0.21032065 
0.14266202 -1.3591616 0.7924228 
1.0747087 -1.9522326 -0.09237394 
-0.49448276 0.29315317 1.0221877 
-0.60532933 0.70268476 2.3069258 
-0.7646552 0.39752126 -0.47098932 
1.001842 -0.9935811 0.65464413 
-0.1567877 -1.6701194 -1.3737304 
-1.0180454 -0.97125334 0.33791545 
1.0106907 -0.46908495 0.48473233 
-0.7579602 0.079544894 -0.14976189 
0.6188908 -0.023343392 0.79188323 
-1.286262 -0.69809276 -1.5085081 
-0.38917908 -0.17793599 -0.953569 
1.458921 -0.55182487 2.4177063 
-0.12756176 0.031198593 2.11485 
0.35198858 -1.5498887 -0.12081304 
1.6936094 -1.3066391 0.6773104 
-0.7507929 -1.5876585 0.47196522 
0.3342976 0.34749037 0.016814116 
-1.1111661 -1.5951456 -0.4848899 
-0.14445662 0.058955096 -0.9858372 
-0.5605475 1.0321444 -1.126439 
0.14689846 0.7694296 -0.80315286 
1.2847942 -0.26726085 -0.30730838 
0.9405792 -0.1647594 0.7103098 
1.2325754 -0.79479235 0.105882354 
-1.3805294 0.51259744 1.9615703 
-0.97928846 0.6377275 -0.72528857 
-0.44677386 0.11854723 1.7337197 
0.42477807 1.0695455 0.28440416 
1.2797298 0.812355 -0.6471394 
1.5002569 0.44958645 -0.33431965 
-0.15674996 -2.6089742 -0.76632583 
1.0223165 0.22106655 0.22113596 
-1.9570965 0.8594629 -2.479508 
0.7008713 0.015950065 -1.1872727 
0.60708684 -0.4533489 0.48641112 
1.4815525 -0.27183372 -0.48403072 
-0.16243246 0.7341821 0.16817693 
0.74222285 0.70648956 0.87333965 
-1.2563596 -0.06932051 -0.95679826 
0.08416021 0.7235737 -0.57301414 
-0.8749921 -1.0031077 1.0673887 
-0.90783733 0.66722673 0.51674926 
-0.16284041 -0.9981538 -0.13753495 
0.26429772 1.081138 -0.39524677 
0.29379073 -0.92104024 0.4303909 
-0.34866327 -1.312958 0.71810925 
-0.23335674 -1.420242 0.71698564 
2.063288 0.61353314 0.60851467 
-0.70790076 -0.04788213 0.1728874 
0.4308964 1.1979458 0.28319424 
0.4494669 0.2209857 -0.3627766 
0.2935448 1.3618937 0.332386 
0.1589356 1.0030209 -1.7526345 
1.2886572 0.60621506 0.26616785 
0.14047201 0.9101691 1.150991 
-0.05561989 -1.2233783 -0.852753 
0.5275117 0.84922045 -1.1640424 
0.4560136 -1.0300348 -0.9331379 
0.22595425 -0.3049633 1.1300229 
0.6534441 -0.6649289 -1.0088404 
-0.72267395 -0.09885682 -0.16889928 
2.4413712 -0.35273686 0.5698269 
0.7474181 0.4592758 1.0241003 
-1.5292689 0.042620376 0.54050875 
2.2396626 -0.97273624 -0.65716815 
1.1172287 1.8647119 0.20054007 
-0.12160363 0.31440789 1.5626674 
-0.15191382 0.43014508 1.2245867 
2.5524607 1.8371984 0.4288306 
-0.32843658 -0.51511115 0.6719599 
-1.190988 0.09321388 1.2106452 
0.02793395 0.13519734 1.0222598 
0.5644629 2.054077 -1.184717 
-1.2364411 1.4178423 -1.3299518 
-1.4996841 1.186381 1.0250123 
0.821012 -0.4381091 -0.4458004 
0.07245387 -1.7515411 -1.2946258 
-0.60840774 -0.45541725 -0.95712423 
-0.77789944 -0.83193874 -0.46728662 
0.58448035 -0.7054302 -0.7528989 
0.12720995 -1.1438287 0.78713423 
-0.523378 -0.93255115 0.07612641 
-0.44160536 0.9457315 -2.4543495 
0.19314367 -0.54484344 -0.9582487 
-2.5350304 1.037282 -0.13857152 
-1.1202863 -0.8049832 1.7544653 
0.8777048 1.118799 1.9169022 
0.7914525 -1.1343156 1.030593 
2.467258 0.8458511 0.23071457 
-0.012373825 -0.24753605 -0.28011733 
-0.6219818 0.6105764 -0.32894158 
-0.3294977 1.7138318 -0.20285165 
-0.5681088 0.2869069 1.7124003 
-1.1802429 -1.0764761 -0.6234548 
-1.5928812 1.2221622 0.89698637 
0.6553392 -1.1701828 -0.5311224 
1.2689639 0.2036009 0.1403445 
0.86942095 1.4809704 2.678662 
1.1583138 0.92860496 -0.9592124 
-0.51900756 -1.6320536 -1.1863483 
-2.4009292 -2.086056 1.0025513 
-0.21847573 0.27129748 -0.5898351 
2.000402 0.3016896 -1.6226081 
1.1760204 -0.2092285 -1.2721939 
-1.7644348 -0.5694022 1.2138116 
1.101098 2.2594705 -0.71792763 
-0.23622613 0.11925178 -0.62050575 
0.60143614 3.3363643 -0.07823062 
0.8514621 0.106394164 0.36491442 
-0.10719514 -1.8457638 -0.34865016 
-1.2848265 0.37058318 -0.6667829 
-0.8832871 -0.13743603 0.028216409 
-0.14108664 -2.302783 -0.16403905 
1.4883733 0.1615431 -2.0031233 
0.3909081 -1.3588674 0.20978765 
0.31076595 0.21116205 -0.5154526 
0.24216206 -0.95360124 -0.31791413 
-0.97778 -1.5501902 -0.1821194 
-1.1984076 -0.1969914 0.68182385 
0.83749276 0.41028103 0.22105998 
-0.117917314 -0.5345662 2.0192475 
1.6603881 1.0345018 0.091556266 
0.09082065 1.078471 1.4318564 
-0.765998 0.9221587 -1.0677297 
1.4454489 1.6146425 -0.94228655 
0.07318354 -0.5012684 -0.3149274 
0.8781077 -1.1685677 0.28764674 
-0.74192554 0.87615395 -0.48258767 
-0.16679554 -0.3699905 0.6587205 
-0.38721353 -1.1345531 1.4280413 
-1.4065566 -0.7048452 -1.302187 
-1.5665373 -0.519751 -1.5053934 
-1.6029266 0.4160753 0.35625187 
0.036767215 -1.7524282 1.0217186 
1.0330894 0.6189543 0.18215822 
0.238435 -1.7139355 -1.2728177 
0.7582079 -0.51817226 0.29791918 
-2.5530288 0.60008794 0.6403744 
0.2461808 1.2218539 -1.1168852 
2.8303437 0.30573753 -0.24840167 
-0.121696055 0.48885483 -0.89002645 
-0.6522584 1.3574872 1.3979934 
-0.70452034 1.4160846 -0.39378086 
1.236623 0.93454367 -0.76177555 
0.31140637 -0.2818626 -0.90074474 
0.8068949 -0.15013698 -0.15306963 
-0.6638066 -0.62600714 -0.4381631 
-1.2034148 -0.5461389 -0.7063386 
-1.6300497 0.4990212 -0.47917014 
0.7510381 0.49195173 1.6169674 
-0.90083814 -1.9886581 -0.007623124 
0.8553438 0.42097032 -0.47553387 
0.22409017 1.2323294 1.6821941 
0.7088567 -0.9589555 1.1092013 
0.9789887 1.1749588 -0.9417583 
-0.4868585 1.242267 -1.5669538 
0.23488429 0.08824319 -0.6017991 
-0.14884143 2.1640923 -0.31303805 
-0.3847879 0.5072207 1.8736846 
-0.2032871 -0.71966606 -1.0771183 
-0.32648325 -0.3346639 0.64251155 
-1.4842713 0.25222 1.3592079 
-0.42868254 -0.14247982 0.82289094 
0.7774473 0.41035923 -0.33634087 
0.56281966 -0.46654528 -0.6740924 
-0.490622 0.6709555 -0.2635927 
-0.64072734 -0.2801122 2.1765993 
0.00983441 -0.2179694 -0.87766063 
-0.7709951 -1.2874576 0.34739372 
1.8492665 0.88180315 -0.2083501 
0.46138272 -0.9087296 -0.26509017 
-1.3297275 -1.2711174 0.18493742 
-0.24480532 -0.62953424 0.302555 
-1.9514807 -0.052955028 0.534656 
1.6248803 -2.617104 -0.27002504 
0.055965357 -1.9921793 0.22250156 
-1.3658663 0.07307046 0.7794356 
2.1820388 -0.6871414 -0.51772493 
0.22032206 -0.33529776 0.52172905 
-0.75732887 -1.0017126 -1.1662303 
-0.105008066 -0.4283585 -0.12397516 
0.42935082 -0.8392012 -0.21971919 
0.40890688 -1.0312647 1.3660406 
-0.17457867 -1.3180587 0.9920129 
0.21011326 -1.1513481 -0.9538849 
0.63076127 -0.456557 1.1763469 
0.986426 -1.927683 0.3051088 
1.3211234 -1.2787393 -1.6746622 
0.4595413 0.36245194 -0.7520486 
0.5469191 -1.061358 -0.2692099 
-0.43396378 -1.2611544 0.113346584 
0.5717371 0.067109674 -0.5600705 
-0.47513232 -0.78150475 -1.5053905 
1.3278553 1.1360795 -0.15317217 
2.7552054 1.3816291 2.929545 
0.882419 -1.9536554 -0.30571303 
-1.5250398 0.2851959 1.7163366 
-0.2371106 -1.7851778 -2.2161753 
0.8670273 -0.5489433 0.5322609 
-0.7821215 -0.25046092 0.54587156 
1.1779059 1.304992 -0.9633329 
1.5464653 -0.028969554 -0.7183991 
0.048453633 0.02071238 0.273165 
2.1108854 -1.045769 -1.8908832 
0.9822254 0.084789515 0.8366369 
0.11725175 -2.739375 1.4894576 
-0.17922139 2.1535752 0.5277559 
-0.3407988 -1.7076958 0.73845744 
-0.242382 0.5319633 -0.67261106 
-0.06290488 0.15806909 1.1645184 
1.0415173 0.13629371 -1.3282659 
-0.34809884 -1.2015167 1.9571198 
-0.4146363 0.45722336 0.45359054 
1.5816633 -0.8724467 -0.16781922 
0.019825803 0.5337369 -0.5457532 
0.89897966 -1.5642747 -0.6339422 
0.57697654 -0.12073316 0.19867432 
-0.765444 -0.029329771 0.108684406 
-1.7372729 0.11932186 1.6848317 
0.12925339 0.081901446 -0.61755013 
0.16234225 -0.6767232 -0.5960887 
1.9507649 -0.38724446 -0.95169574 
0.033667687 -0.051186107 -0.23259078 
1.3961353 -0.13971978 -0.90408015 
1.3352791 -1.9681745 -0.53811204 
-0.55559224 -0.0872926 -0.5853553 
2.1861243 1.1385747 -1.1164209 
0.9214739 0.4644047 -0.5176935 
0.76781416 -0.60447615 -1.1112993 
-0.90601057 -1.1809787 -0.27808446 
2.1276088 2.672759 0.64981157 
2.495735 -0.31512287 0.73234046 
-0.9146175 -0.44580403 -0.10918841 
-0.35459358 -1.535047 -0.6131352 
-1.4686325 -0.2834655 0.7059816 
-1.1360353 0.2916134 0.93254775 
-0.5389239 -0.120720655 -1.3857058 
0.5317661 0.7457826 -0.7320949 
0.9440469 0.3314788 -0.7151715 
1.9478455 -0.07949789 0.7143884 
0.3658007 0.041355528 -1.3809536 
-0.7190479 -0.22414346 -0.30822256 
-0.05947975 0.15548396 0.4057838 
0.8717477 -0.32901958 -0.16694775 
1.2898407 0.5203865 0.26020518 
1.4291973 1.5876715 0.18325135 
-0.35355374 -0.19230221 0.29735094 
-1.2514611 -0.7490908 -0.22856502 
0.14522558 2.0907614 1.667031 
-1.2911257 0.47453532 -0.48005822 
0.06703538 0.11635484 0.2876689 
1.7259698 -0.6519756 -0.45524544 
0.7824827 0.36597976 0.518264 
-0.05650682 -0.0041518416 1.1167158 
-0.7719761 1.2825735 0.5165936 
1.065062 -1.6587043 0.1854176 
-0.73785275 0.06714675 -1.4330524 
-0.41231158 -0.31049302 1.0405906 
0.60910326 -1.367388 -0.19045958 
0.38663036 -0.8472748 -0.6820235 
-1.0973847 0.43486997 0.38797453 
-0.6545552 -0.08349164 -0.03389418 
-0.66802955 0.6756503 0.90116507 
1.6321352 0.3782519 -1.1338168 
0.06643315 -1.0262495 -0.44107375 
-0.5095323 1.8445342 0.92368644 
0.94712234 0.030167295 0.7624921 
-1.8429174 2.2719688 -0.58663315 
-1.1528424 1.8704901 -0.035195127 
-0.9993499 -0.21363167 -0.8306536 
-0.017477509 0.6741766 -1.1830572 
-0.28398246 -0.9707058 -0.3796066 
0.4228622 0.13377292 -0.19761741 
-0.50220907 0.7837248 0.31242406 
-1.7266971 -1.277818 -0.8484743 
-1.0648303 0.45474747 0.9754277 
-1.4571048 -0.35463065 0.39204636 
0.38122588 0.46473014 -1.6889066 
-0.6080313 -1.33714 -0.64916825 
-0.25553742 0.11209457 -2.0663178 
0.54417354 -0.64194405 -0.4289911 
-1.3242341 0.08967865 -0.5055437 
-1.2215439 -2.1837294 -0.09958645 
0.16299678 1.2879958 0.52876616 
-0.64315325 -1.3786482 0.5124887 
-1.1191436 -0.48559377 0.8414099 
-0.20557024 -0.3376348 1.1874496 
-0.40853873 0.41006172 0.8614137 
1.2139452 1.8576524 0.8414438 
-0.19124831 0.062288214 1.8180056 
2.6355872 0.4503152 0.30037463 
-0.03214451 -0.365988 -1.000613 
-0.7959897 -0.51875687 0.3298212 
-0.16659914 -1.1141833 -0.16299947 
1.0818423 0.15849972 -1.4635214 
-0.9504905 -1.1583638 0.5294576 
-0.56702286 2.3988838 -0.50942665 
0.75844103 1.2397679 2.5211818 
0.13830343 -0.34915558 -1.5933759 
-1.1201036 0.45000374 0.28895435 
0.5850876 1.5792083 -0.36056444 
0.1771827 0.97176 0.70633394 
-1.5278018 0.20073338 -0.9353037 
-1.806469 -0.07753919 -2.500384 
-0.84460574 0.51268244 -0.18614127 
-1.2696742 -0.58313304 -0.92007154 
0.64540213 -0.12334587 -0.44097978 
2.7873316 -0.500151 0.07726074 
0.09067839 1.3267983 1.2042009 
-0.9433481 -0.4625891 0.82541335 
-0.73304147 -0.32527083 -1.3539691 
-0.529588 -0.18798722 1.3944154 
-0.51033217 -0.12760721 0.78822 
0.09623818 0.55967 1.4197464 
0.4201745 1.5337191 -0.15432982 
-0.43668574 -0.3669006 -0.34356207 
-0.48490095 -1.1195188 1.1415546 
-0.1036081 -0.6741321 -0.36769283 
-0.47115475 0.045933485 -1.2063675 
0.7940659 1.4762653 -0.087848455 
-0.3061373 -0.382039 -0.65116787 
0.7496067 0.9386457 -0.8110556 
0.51900244 1.0526218 1.2272136 
-0.15393691 0.41325685 0.39397398 
0.21901608 1.2270597 0.091650076 
-0.59419525 0.6757027 0.6392672 
-0.99959594 -0.7895722 0.23268479 
1.33612 0.4029788 -0.29422137 
0.99145466 0.4374668 0.9413982 
0.18162666 2.0045033 -0.94217044 
0.43915746 -0.95561045 0.43404314 
0.9754207 -0.8646659 -0.14810266 
0.44630343 0.0012761112 -1.2781435 
-0.26514974 -0.30421877 0.55962706 
1.8209445 1.3101035 1.0243995 
-0.21701385 -0.60929406 0.41727453 
1.4723086 -0.6626609 -0.46918154 
-1.1805457 0.20967847 0.14898409 
-0.67894447 -0.3644535 -1.9513365 
2.4209812 -0.30459172 0.058271535 
0.9920131 -0.6714264 1.1207455 
1.5243763 -0.8879743 -0.08454883 
1.3398514 0.83742434 -0.10784824 
1.7869233 1.3030696 1.50338 
-0.84595484 -1.4932 0.27726075 
-0.22768918 0.44401613 -0.7561073 
0.26383558 0.0110852765 1.2911762 
0.48654622 0.62650496 0.1427269 
-0.34270066 0.55039716 -1.0846936 
-0.6610932 0.56461906 -0.009941771 
0.48987713 0.5232162 -0.16994025 
-0.09604948 1.4412385 -0.48367748 
1.1418383 -0.1501162 0.2846173 
-0.5062688 1.0661215 -1.1289209 
0.99777323 -0.3472962 -1.3980433 
1.1509292 -2.2504835 -0.16072616 
-0.89471364 -0.7376214 -1.2269094 
-0.6242188 -0.2847792 0.17524876 
-0.6174613 -0.55679727 -0.47871482 
-0.26138774 -0.28975263 -0.1418986 
0.5087807 -0.9658684 0.63461095 
0.42019352 -0.052974638 0.13135515 
2.1397448 1.1480716 -0.035140447 
-0.099415615 -1.7622252 0.21868351 
-0.115682736 -0.053858407 -0.5713931 
-0.3263217 -1.2322226 -0.09846509 
-1.0106512 -1.6351477 1.1892576 
-0.92114127 0.2786832 -0.3672395 
0.13976438 -0.3668949 -0.22518484 
1.075508 0.43997216 -0.683219 
0.6200413 0.27359027 -0.67682123 
1.9781835 -1.446419 0.87543416 
-1.155621 -0.24813004 -0.467011 
-1.7258694 0.17269892 -1.6900682 
0.505192 -0.558743 -0.9409789 
-0.95954907 0.2968897 0.26842213 
-1.3634427 -1.0157324 -0.7151911 
-0.26708794 0.4328835 1.5571293 
0.08471914 0.2519714 1.3986503 
-0.66629666 0.7639895 -0.27270868 
0.26643497 1.8240416 -1.3039851 
-1.6372197 -0.0049152016 0.2656331 
-0.6675219 1.8170071 -0.28600824 
-0.2822616 -0.42227277 1.1991584 
0.29044452 2.150234 0.79012626 
-0.426526 0.6461773 -0.26421854 
-0.17242865 -1.7190628 0.58414716 
-0.6598482 -1.2943358 -0.25078428 
-0.9494131 -0.040411253 -2.4055789 
-0.74971455 -1.8164597 0.9368268 
-0.19376178 -1.7782265 -0.5081906 
-1.9474534 1.1338607 -1.0860603 
0.53008056 1.9921858 0.1623019 
-1.4131287 -0.47836328 0.85146457 
-0.5627777 0.14942774 0.50062907 
-0.53296673 0.88065547 -1.2157904 
-0.45073998 -0.60881734 0.11672287 
1.0688825 1.2005569 -0.7534422 
-0.013327754 0.31568366 -0.46630472 
-0.13968788 0.37489048 2.4840117 
-1.4693246 -0.16626403 0.1840762 
0.2126471 0.027949732 0.31531274 
0.36704883 0.061660014 0.7367321 
0.30786118 -0.37526402 -0.43388137 
-0.27453887 -0.8271763 0.06859784 
-1.7820851 -1.1277101 0.4528538 
-2.1107433 -0.7935473 -0.6302657 
0.66360766 0.026101163 -0.89135784 
0.70580167 -5.5234494e-05 0.9075618 
-0.592037 0.56195897 0.5319419 
-1.2938212 2.0801656 0.7338562 
-0.123675615 0.32610676 0.21794787 
-0.7699046 -0.5739746 0.18410248 
0.69157535 1.9103333 -0.32256162 
-1.4435109 -1.1287408 -0.49424964 
0.9948753 0.8494532 -1.6300693 
-1.4430648 -2.0632298 0.1940491 
-0.41593075 -0.094734475 -0.27119324 
-0.06682299 0.58098036 -0.52737343 
-0.10943775 0.74867564 -0.35169482 
1.5343894 0.36264682 1.7491413 
-0.9447721 0.08211304 -1.5071701 
-0.10172937 -0.6061826 -1.2912611 
1.8781792 -1.1117402 0.694226 
1.3893536 -0.65354276 -0.043779377 
-0.8418328 0.5080365 0.3167777 
0.40757346 1.7830359 1.7311752 
0.86071527 1.7765328 -0.073355615 
0.11970189 1.1310439 -0.64619744 
0.83204174 0.4368207 0.9724264 
-1.3920022 0.19726375 -1.8981718 
0.5950577 -0.3361529 -2.0765557 
0.40940598 -0.48044658 -0.73554283 
-1.6614265 -0.03350713 0.7995633 
-0.7099633 -2.0171738 0.38492125 
0.070871025 1.1188543 0.68236816 
-0.41914967 -0.12229336 -0.8068636 
1.3279653 -0.07355102 0.35280436 
0.30425236 -0.20561308 -0.8695178 
-1.7109624 2.065271 -0.7308769 
-1.424163 -0.107502945 -1.9231746 
0.34595275 -0.47390485 0.77488214 
-0.10988794 -0.11137815 -0.40973532 
-0.0720557 1.3240654 -0.42800432 
1.8055155 0.6056114 1.2902156 
-3.103311 1.3513665 0.80927634 
0.0069080032 1.0649207 1.1783919 
0.07862352 1.1907526 -1.5886523 
0.79984534 0.16609307 1.3260403 
0.45647827 -0.91620487 -1.5969799 
-0.39406464 -2.0729494 1.4825786 
3.0216691 -1.3055205 0.24776539 
0.42889643 1.6695728 0.13194855 
0.083957724 0.26164046 -0.2348092 
-0.8945889 -1.4716169 0.7494422 
-0.2017041 -0.07980694 1.8255131 
2.0097613 0.558285 -1.6539719 
-0.5098557 -0.36959282 -0.3583967 
0.55911875 -2.0244195 0.04884979 
0.13890813 0.54891115 -0.14310011 
-2.2388911 1.5239968 -0.38763398 
-0.68870014 0.7570294 0.92780054 
0.0961064 0.035658266 1.4778683 
1.1747061 1.0351331 1.1753376 
0.3537448 0.8538988 1.620531 
-0.42819265 -0.7517732 -0.2631526 
0.3739311 -3.0010982 0.46725094 
-1.1472824 -1.0747949 1.0939 
-0.1416908 0.6457997 -0.4320491 
-0.041235134 0.89444065 -0.32325053 
0.19493651 0.6737806 0.6734426 
-1.7727411 1.1486856 -0.8590923 
-0.5620594 -0.60869575 0.47546947 
-0.35935608 -0.25892085 0.88490367 
1.3765577 0.031243943 -0.9558228 
0.662235 1.1039871 -0.018082218 
-1.4149348 2.0407639 0.05719835 
-1.990253 -0.042480107 -1.0464096 
0.5978747 0.686516 0.2051269 
0.6057564 0.320491 -2.7381818 
0.34394726 0.22990836 0.856273 
2.446149 1.337786 0.4305797 
1.1994851 -0.46451774 1.3754606 
-1.29458 0.79669756 -1.2018332 
-1.7355552 -0.30996874 -0.6188555 
-0.33981186 -1.7125323 0.21287099 
-0.9033066 1.0914824 2.7136497 
1.6652281 0.4066562 2.3350356 
0.6180265 -1.0215266 -0.42947942 
-0.92750657 0.49170256 0.5483325 
-0.38980958 1.4138957 -0.22737275 
-0.73821443 -0.08447465 -1.4744191 
-0.11020001 -1.4658016 1.7454127 
0.51914555 -1.0303525 -0.76476115 
-0.07443717 -1.0010847 -0.2867602 
-0.086335875 -0.037144218 -0.11261947 
0.43587816 0.8756574 0.8386683 
-1.3535976 -0.82987416 0.45382956 
0.77646947 0.21819468 1.0289325 
0.42115676 0.69057024 -0.21204433 
-0.30313948 1.0203425 1.145576 
0.7680519 -0.6196993 -1.0775473 
0.1396672 -2.4274113 0.7349352 
0.098834984 -0.11038949 2.1057637 
1.117668 0.07823391 0.22428198 
1.0019614 0.4594033 -0.4157109 
1.1468819 0.22790538 0.7325668 
-0.4434201 -0.59683293 0.18662614 
0.9000759 1.0547676 -1.0348285 
-0.9915215 0.5056101 0.72423697 
0.11244678 -0.2820568 -0.40011173 
0.80416894 -0.1402806 -0.41196895 
0.9931034 -0.3876002 -0.55317485 
-0.18740937 0.95267457 -1.2086385 
0.5761987 -0.87882644 0.86024034 
0.33338097 -0.5164376 1.2543521 
0.49400774 -0.014922639 0.17038071 
0.3085225 0.5608506 0.7561224 
-1.7323929 -1.2292553 -0.4526176 
1.2582283 0.08874363 2.4141839 
-0.59516996 0.0953532 -0.92619383 
0.5814083 0.07419675 0.6411419 
-0.3362936 -0.05484248 -0.21416478 
-0.579256 -0.24850512 -1.0280623 
0.5296468 0.8476611 0.2509886 
0.93498665 0.6416686 0.15535145 
-1.2938354 2.7940888 -0.7041836 
0.18240874 -0.21291591 0.11892355 
-0.8461187 1.8102347 -0.91247916 
0.7869338 0.37258074 -1.1604142 
-1.2437819 0.0024951834 0.62127423 
-0.22212663 -0.076530315 0.6472654 
-0.035645824 0.9125217 1.2406272 
-1.3366544 1.2112228 -0.14041875 
0.078083634 1.1394906 0.88507104 
-1.6288863 -0.5488639 -0.31601766 
1.025853 0.2951468 1.332649 
-0.06286148 1.3277447 0.4053472 
-2.0808165 0.19755836 -0.01843097 
-0.010975001 -0.23242705 1.2814273 
-0.6202483 0.15556128 -0.88555443 
-1.0453444 -0.9630295 -0.89604485 
-0.24538833 0.84504384 -1.3237095 
-0.08522102 0.5872377 0.71121424 
0.48726967 -0.084414534 0.08458761 
1.8238875 0.6486305 -1.0013975 
0.27733558 -1.3999684 0.3234988 
0.5166428 -1.6457076 -1.3746855 
1.1090703 -1.1455966 0.19114788 
1.5002922 1.2256753 -1.6551552 
1.6776279 -0.39923754 -0.7560105 
1.8602701 0.37682602 -0.2888875 
3.0255156 0.3107005 -0.14394586 
-0.51811486 2.0970182 -1.0392791 
-0.1761259 0.20909327 0.9858823 
2.9607759 -0.89157534 -1.0715314 
-0.8686475 -1.039378 1.2654227 
-2.4812984 -0.18369351 1.6504496 
0.92841655 1.2781055 0.13982752 
0.72805333 0.07601754 0.291942 
-0.3264631 1.0871025 -0.0632338 
1.4364276 -0.053621147 2.1694586 
0.08432077 -0.9503025 1.0627042 
-0.66938245 -1.5733931 0.034606617 
0.85878843 -0.42999813 -1.3416489 
0.2344233 -0.16225158 -3.3044274 
1.6545848 0.4801737 0.1962954 
2.6092563 -0.20715125 -0.2885138 
0.43516758 0.016867844 0.13599864 
-1.0118376 -2.3971672 0.5208996 
-1.1564746 -0.27199602 0.79420066 
0.9725879 -0.3470413 -0.6969107 
0.42366827 0.20568395 1.436361 
-1.8982425 0.041064143 0.5990293 
1.003744 -0.97358817 0.093284324 
-0.3637797 -1.4959265 -0.20394132 
0.4639274 -0.8575719 -1.1420171 
0.7463324 1.482694 0.484214 
-0.50203437 -0.08198946 -0.80349404 
-0.832478 1.196801 -1.0948925 
-1.560985 1.6432894 -0.6379213 
-0.6052268 0.21309578 -0.55515766 
-0.563782 1.837303 0.77153695 
-1.0171498 -0.6284364 1.5213275 
0.26949203 -2.7081041 -0.3193705 
-0.7844337 -0.9472765 -2.0054817 
0.41645154 -0.5855103 -0.31427786 
0.21174614 -0.57472956 0.20679404 
1.7941201 0.504789 -0.8991374 
2.0450199 -1.8598882 -0.37333605 
-0.7341284 1.366781 -0.3698453 
0.15145634 -2.040139 0.22215565 
0.09132001 -0.85926396 0.47756213 
1.7959232 -1.9679724 -0.66666776 
-1.0541596 -0.5792587 -0.2253848 
-0.6136837 -0.094330244 -1.2800459 
-1.1716083 -0.67127043 0.8910137 
0.37822855 -0.2043343 2.7036617 
-1.2390324 -1.448631 0.42002612 
-0.07870752 0.67074263 0.09827926 
-1.483367 -0.101923384 0.01297064 
-1.0832293 0.5239212 1.4608798 
0.5399689 0.687141 1.709291 
1.3817565 -0.21879655 0.8728614 
-2.0633373 -0.34805405 0.110966854 
-0.15143548 -0.8864233 -1.8087049 
0.3085601 0.24536125 -0.42243108 
0.14497434 0.77575254 1.1316731 
-1.9649104 -0.25995302 0.2647668 
-0.06129339 1.0061069 -0.60815346 
-1.0422801 -0.99427664 1.1931425 
0.2281264 0.056906153 0.6473904 
-2.1356924 -1.2683034 2.066976 
-0.69371635 -1.0778257 0.110856906 
0.5458614 -0.9624767 -1.73897 
-0.47093627 1.8353424 0.8828113 
0.43066758 0.6522083 0.26059288 
-0.6110413 0.5316161 -0.17212245 
0.09493064 1.745594 0.06796284 
-1.2712034 -1.532433 0.64337885 
-0.76052797 0.8528908 0.31495494 
-0.7748526 0.7937408 -0.8648012 
-1.7296855 0.90271944 0.3664466 
-0.36106086 -0.9196906 -1.5757232 
0.5552766 1.2209052 -0.19351844 
0.13475816 1.2329046 0.8479835 
-0.48496652 -0.1952112 0.5258282 
1.2234461 0.749973 -0.41416132 
1.0413893 0.02595101 0.53142875 
-0.66481596 0.091004446 -0.6820919 
-0.4374543 0.6966423 -0.9024943 
-0.3400983 0.67722213 -1.1609489 
-0.60415137 1.6448811 -1.0434347 
0.23775803 1.0481696 -0.85322714 
0.86184424 -0.075917386 0.21265022 
-0.048428226 0.26538843 0.6740408 
-0.29663807 -1.0125723 -0.2138705 
-0.2751356 0.06694614 -0.40079117 
-0.08540904 -1.4795606 -1.6954278 
1.2179905 0.555924 -0.4113001 
0.59872514 -1.7497057 1.103569 
-0.06980001 1.5338572 -1.312987 
-1.6512905 -0.6347991 0.86773306 
-0.06986869 -0.47348166 -0.038817763 
0.20425287 -1.7697115 0.90998936 
0.9700015 0.27163267 -0.5473508 
-0.025494082 0.34116548 0.23023972 
2.399398 1.4629439 2.1135857 
-0.1412469 -0.9982935 1.426495 
-1.2422217 -0.26300833 0.87117743 
-0.37203756 0.80998564 -1.5467585 
-0.21824422 0.39134374 -1.2617471 
-0.06465301 1.0495762 1.0186409 
0.50798744 -0.2140768 1.4434096 
-0.58054453 -0.62520057 0.6975397 
0.9024036 0.73653954 -0.2986633 
0.288216 -2.1216574 1.8685653 
0.13843755 -0.38092014 0.30884212 
0.46463612 -0.6843602 0.058097504 
1.5179931 -1.4240533 0.4843112 
0.19107021 0.8686025 -1.2229751 
0.72070116 -0.022927715 -2.7688818 
-0.44780612 -0.0825883 -0.9656049 
-0.32504657 0.59952223 -0.36339682 
0.099493146 -0.64964503 -1.0569929 
-0.6691794 0.52879614 1.178716 
-1.8178309 0.38060063 -0.6654897 
-1.417517 -0.05872206 -0.94961953 
-1.4877275 0.15007743 -1.9278581 
0.16278127 0.679146 -0.07786411 
1.1760721 -1.071452 1.1813712 
-0.53170085 -0.07389887 -1.6299686 
-0.64036953 0.72660923 -1.6391349 
0.50494254 -0.7415822 0.36558518 
1.2915802 0.6450167 0.21172133 
-1.914117 -0.08617803 -0.5601852 
-0.5854799 -0.046196055 0.9784083 
-0.20449713 0.8014821 -2.200283 
-1.6474327 1.3582247 0.23496802 
-0.93785936 1.3694167 -0.84231204 
1.7583482 -0.1582512 -1.1995083 
-1.9697071 0.49349123 0.40668684 
0.14068392 1.1410248 -1.6729513 
-0.16890122 0.3175281 0.85556567 
-0.47531146 0.6935343 1.1645191 
2.0985787 -0.9815218 -0.33085656 
0.4045209 0.34538755 0.22956194 
-0.9842234 -0.19890353 0.20510635 
0.9195446 -0.6730184 1.4661757 
2.4608788 0.7336198 0.63549066 
0.67944974 -1.5652729 -0.07029425 
0.43603003 -1.0684214 1.3613697 
-0.16884488 0.22028156 0.47974184 
-0.71176213 -1.560365 -0.4245714 
1.4704618 -0.16867605 -0.9615012 
-0.23549756 0.07505356 0.5616042 
-0.26102912 -1.3001093 -0.096589 
-0.26589757 1.4311528 0.7007674 
-0.3561254 -0.5960537 -0.30382746 
-0.60830384 0.7104391 1.3524184 
-0.91822976 -1.7400012 -0.9753342 
-0.46757165 2.4745464 -0.4473506 
-0.2192517 0.58664316 -0.111074455 
-0.5613439 0.31262648 -0.7563892 
2.0099392 0.103154115 -1.2201974 
-1.1313077 0.1495742 -0.7197068 
-0.2376657 0.90877384 -1.4761535 
-0.5130039 -0.16543305 0.48206496 
1.0964316 1.4783642 0.6043164 
-1.9092741 0.33354643 -0.22509986 
-0.24022058 0.2877541 1.3491907 
0.037481543 -0.12339008 -0.9929775 
-0.28479612 0.091709696 0.13375546 
1.0905776 0.4935951 -0.8439405 
-0.5669363 -0.14894585 -0.58239096 
0.5009231 1.0616032 -0.5051014 
0.6824263 -1.617614 2.7279956 
-1.1635237 -0.5492474 0.2231978 
0.94528246 2.3655097 0.14705533 
-0.45757225 -0.38233402 -0.21823543 
1.2771177 -1.327512 -0.13150887 
1.0173417 -1.9541471 -2.1104863 
-0.48384517 -1.5321252 1.397486 
-0.5685766 -0.849528 -1.6252121 
-0.70796585 -1.0863345 -0.5272657 
-0.51659954 -0.4551083 0.24854113 
0.28514096 -0.10453197 -0.6318782 
-0.8908783 -1.3539885 0.5766131 
-0.24766742 -1.1843429 0.31552607 
0.7847269 -0.58857924 0.6619215 
0.6579877 -0.68563414 0.6710877 
0.6565628 -2.304841 0.6295837 
0.20501237 -0.22975151 0.01819065 
0.063913584 0.9777399 1.6461568 
-0.7538608 1.0745928 0.40755114 
2.2912538 0.015593358 0.9636416 
-0.25337306 1.0419476 -0.34156796 
-0.8074786 1.0945584 0.24169867 
-0.5202688 -1.231511 -1.1350248 
1.3125137 1.4123703 2.1227787 
-1.094162 -0.04859775 0.7121218 
0.3245225 0.7203282 -0.565827 
0.030640898 -1.3075572 1.3475211 
0.46669105 0.28261343 -0.97095305 
-0.1949421 0.0045069535 -0.2512742 
0.46503142 -0.31932515 -0.71382177 
0.70286626 -0.7380769 0.6567287 
0.6095267 0.18362232 1.1644455 
1.1434454 1.6533659 -0.42707354 
0.66510636 -0.15984875 -2.1159568 
-1.0220087 -1.253974 -1.9164767 
-1.1621894 0.3223829 0.75147516 
-0.3028033 1.7627965 0.4105036 
1.1695524 -0.6022107 0.63329965 
-0.84036267 -0.6389119 -0.15207553 
-0.18016191 -0.3985423 -2.1132689 
-0.6725607 0.17927048 -0.063871644 
1.8887128 -1.8295425 -0.99228776 
-0.71609646 1.2987652 0.17944583 
1.9018626 -1.0092506 -0.06107252 
-0.9731283 -0.48210764 0.2905524 
-0.79110354 -1.4951506 -0.32523564 
-0.12549219 0.4420456 -1.0274547 
-0.46476105 0.3960362 -0.30493233 
-0.48242053 -0.1988981 1.8248829 
0.13323276 -0.43909 1.1365292 
-0.11175269 -0.8190807 -1.0147614 
-1.1194595 -0.5266807 -0.010552096 
-0.71304613 1.4507438 0.14962117 
-1.5742176 -0.5640593 1.3364534 
-0.54619837 -0.2867766 -0.29496327 
0.14155059 0.7370131 0.8572218 
-0.005650342 -0.9603892 0.05707855 
0.3999108 -1.863587 0.09637527 
-0.95449823 -0.24459223 0.93268305 
-1.1293043 -0.27290022 1.9901261 
-0.2863345 -0.15764843 0.5435815 
1.2582711 -1.369668 -0.93167734 
-1.4720649 -0.56700927 1.8099482 
-2.864491 -0.43673354 0.18135574 
1.3845826 1.1320946 1.1918652 
-0.61762553 0.52468854 -0.66006887 
1.2487271 -0.53800964 -0.46864122 
0.8492081 0.16522141 -0.028547954 
0.016886143 0.4373971 0.08252759 
0.1700186 -1.5917526 0.83271 
1.0332198 0.2586497 -0.7485172 
0.0027388737 0.9037636 -0.34309325 
0.19972192 0.6871717 -0.7945665 
0.4422247 -0.129593 0.27987564 
0.6574183 0.53249264 0.19598338 
0.6060243 0.16920291 -0.7877449 
-1.899948 0.4151566 1.3207451 
-0.053629477 0.8668291 0.32738233 
0.47407252 0.08584356 -1.9556595 
0.5564544 0.90220875 1.3189348 
1.4222486 -1.44541 -0.69376 
-0.22994028 -0.27532065 0.37690863 
-0.95944905 0.2676743 0.682561 
1.0799724 0.009192664 0.6661223 
-0.6688101 -0.037228096 0.84317774 
-1.4907967 0.41213247 1.0085874 
-0.19239184 -0.6921475 1.3445401 
-0.32848766 -1.5586423 0.49372107 
-1.2721988 -0.4233911 -0.1008729 
0.09083575 -0.8845773 0.10790688 
0.9047008 -0.13198975 2.4629185 
0.12678556 0.26582992 1.3131973 
-1.0171405 -1.0625755 1.7898222 
-0.79275864 0.42515463 -0.8087665 
1.0466346 0.48673475 -0.44402844 
-1.6506094 -0.16014855 1.0305755 
0.6063813 1.0555902 0.3123688 
1.327517 0.5039054 -0.9635345 
-2.2159984 2.1204946 0.7287734 
-0.17958881 -1.1152093 0.19423345 
-1.0557504 -0.15184863 -0.5225265 
-0.8669227 0.17563823 -0.6845938 
1.0937736 -0.6251597 0.801974 
0.30532652 0.3366022 -1.141818 
-0.89451915 -0.565245 -1.4465568 
-0.9036289 -0.48053718 -0.42725697 
3.0497456 -1.0119786 -1.0691235 
-0.36137915 -0.292162 -0.7634449 
0.59332436 -0.4163265 -0.6441538 
2.291208 1.722381 0.83242637 
-1.0272053 -0.67924786 1.4302664 
-0.11124217 -0.46667516 -0.3931301 
-1.382667 -0.73764646 -0.14092034 
-1.6671335 0.50492066 -1.6239119 
-0.09895992 -0.31221312 1.5425558 
-0.3107325 -0.653572 -0.33778957 
0.5798507 0.94788224 -1.5651127 
-0.84029204 -0.9630841 -0.7484113 
0.25312907 -0.1599886 0.27683717 
-0.5840933 1.3732713 -0.40961605 
-1.2500052 -0.36156124 0.7448993 
0.42093474 -0.4700331 -1.1594946 
0.5263229 0.43771434 0.44564706 
-1.620966 0.20523433 0.4348407 
-0.89336157 -0.26353756 -0.025913494 
-1.0668607 -0.8255048 0.8950193 
-0.91242415 0.87583154 -1.3196857 
0.03969302 -0.50490665 -0.62802756 
1.4677476 -2.0189657 -0.03767453 
1.0329698 -1.7851082 -1.6402137 
0.4552487 1.414859 -0.5342735 
-1.4682556 0.42728776 0.5179694 
1.415638 -0.2999007 -0.19803019 
-0.1759701 -0.29098037 -1.3021868 
-0.2656854 -0.1386201 0.91444844 
0.94481635 0.018417554 0.7026334 
-1.1428534 0.651488 1.7906779 
0.2738967 0.9394676 1.8083217 
0.69230324 -0.40263945 -0.8448121 
-0.02490623 -1.3577372 0.58528334 
0.24377652 0.36633047 -1.781775 
-0.7141669 -0.5874844 0.100149594 
0.2796372 -0.4739869 0.44321173 
0.9198059 0.14949961 0.55356437 
-0.34090924 0.85135543 0.6808168 
1.3189219 1.0162898 0.4309134 
-0.65343165 0.99517345 0.9432581 
-1.5678557 -0.58053714 -1.5049424 
1.1029421 1.8503325 -0.12415824 
-2.614822 -2.4869647 0.6247453 
-0.39124948 0.57274914 -1.2592978 
0.5678199 0.20328724 1.5437522 
0.572075 -0.055897716 0.0648273 
1.6957016 -0.77937907 0.6086158 
-1.1641741 -0.49288127 0.0057080565 
0.37447026 0.56265867 0.30926597 
-0.19644499 -0.11055791 -1.1069071 
-0.42478552 -0.033114858 1.5049429 
-0.9889334 -0.27475384 1.0466686 
1.1316426 -0.56483775 0.42707682 
-0.5511991 0.81954175 0.27406517 
-1.479113 0.025696535 0.3075804 
-1.168549 -0.2048687 0.9467647 
2.5776048 0.7973116 1.4755154 
-0.3760227 -2.4762814 -1.5875689 
-0.7791136 0.8785735 0.96843684 
-0.46160188 -1.1034465 -0.8536119 
1.0094641 0.35513765 -1.6370306 
-1.4809846 -2.072088 0.08395594 
0.028144678 -0.7598768 0.09829387 
-0.6919 1.670235 -0.37336773 
-0.06702785 0.41891328 -0.36916688 
-1.3991109 1.8166783 -0.022744268 
-0.5858275 -0.22122446 0.12610233 
-0.12077214 -1.6749736 -2.3103733 
-0.5516463 0.5548768 -0.15760592 
2.3077114 -0.45519692 0.68595606 
0.08520063 -0.54699033 0.28116614 
-0.27633837 -0.6209134 -0.12810588 
0.9821415 -0.7592832 -0.004016315 
0.30360997 0.47081026 0.100985564 
2.1297686 0.7249385 -1.1459298 
-0.23801003 0.18587725 -0.39582285 
0.8509409 1.3088455 -1.1126087 
-0.8160325 -0.76763606 -0.63962734 
0.3703519 -0.8719093 0.17740315 
-1.5664872 -1.5663725 -0.14079918 
0.781259 0.40103713 -0.45640796 
-0.72416097 0.606033 1.7410475 
-0.8256536 -0.15535384 0.16163091 
-0.72948927 -0.018987816 0.86805713 
-0.8370316 -0.43951547 0.024669025 
-0.65664953 0.1967006 -0.3737794 
-0.50723034 -1.2478476 -1.2849057 
0.20028909 0.4145264 1.3785785 
0.00043803864 -0.041366573 0.5016323 
1.1382673 1.3617442 0.34992206 
-0.9985786 -0.65121555 0.41443524 
1.2661244 -0.55726206 -1.1422913 
-2.3707654 -0.2907211 -0.59304917 
0.5685245 -0.76338536 -0.91042435 
1.5680791 0.77459353 0.04693085 
-0.6482098 -0.6411426 0.21993248 
0.23797332 1.1775496 -0.8108024 
0.389755 -0.011173541 1.7620082 
0.1588931 0.29608703 0.31786308 
0.14536569 0.17273016 1.9195156 
-0.5468891 0.48994038 -1.4121956 
0.5313917 -0.4769672 1.1005169 
-0.75843155 -1.3207577 -0.78623396 
-1.5318006 0.1068993 0.7458533 
0.85065776 -0.50481933 0.19094704 
-0.22616477 0.5177637 0.65733343 
0.42800024 -1.7430705 -0.6889045 
1.8630395 -0.32406208 0.09822955 
-0.21830663 1.3549622 0.77483445 
-0.16310556 -0.2683414 -0.16354062 
-1.4325335 -0.9170792 0.7176558 
0.63990045 -0.42174998 -0.06980729 
1.5189769 1.6378495 0.61843944 
0.9229553 -0.585291 0.92023873 
-0.41201112 -0.512858 0.3835877 
1.2042865 -1.8253673 -0.35920355 
-1.0437331 -1.3172525 -0.10630574 
1.6818405 -0.21785413 -0.6261861 
0.5243545 -2.3880396 1.2351024 
-1.4430156 0.40937158 -0.07774824 
0.03172227 -0.33020064 1.3497074 
-0.04665578 -0.30864552 -1.1757506 
0.6461218 1.158111 1.5192839 
-1.2463167 0.8663727 3.1117823 
-0.067204885 -0.3268032 0.6274072 
-1.2751472 -1.061676 -0.22688794 
0.2737802 -0.9869762 -0.41532773 
0.7604017 -0.33208808 0.5497285 
0.68218756 0.5184363 0.22116505 
-0.77477115 -0.14478193 -1.4242884 
-0.4823166 0.3276269 -0.016570538 
-0.31092218 0.14308454 0.74390495 
0.4418337 -0.1488761 -0.32326514 
0.07465539 -2.0815153 0.12987977 
0.9943192 -0.85385627 0.015714156 
-0.17593907 -3.1923494 0.74504817 
1.6795284 -0.15837365 0.8032087 
2.271738 -1.0971099 -0.29042658 
-0.9826066 -1.1969496 -1.0900416 
1.8457136 0.2509853 0.40635026 
-0.9934749 -0.37522763 0.44019207 
0.9787832 1.413263 1.3610859 
-0.22193113 0.2351389 -1.294545 
0.20878167 -0.4734673 0.17886952 
0.7494397 0.32843482 -0.1974435 
-0.83120406 -0.07600418 -0.4581854 
1.5050321 -0.14672816 1.4993924 
-0.22560796 1.9263027 0.49875537 
0.8860038 -0.78707457 0.39832464 
0.6451128 -0.104349 -1.5784786 
-0.31289804 0.206423 -0.20835604 
-1.8879235 -0.6398906 1.588102 
-0.97290534 -1.0816395 -0.37819535 
2.2820287 -0.17475389 0.9081917 
-0.31757176 -1.0922135 -0.5707535 
0.43541807 -0.19932428 -2.028431 
0.72709715 -1.6041708 1.5449693 
-0.85429066 -0.08825499 0.6489774 
-0.33210546 0.116156876 0.15196674 
-1.9057435 1.532744 -0.38954836 
0.8931646 -0.0510978 2.4367473 
1.74992 -0.23269564 0.233831 
-0.21582861 0.6535333 1.330905 
-0.58170164 -2.5039465 0.38928768 
-0.97730565 2.4408405 -0.41917104 
1.9072266 -1.1021601 -0.341914 
-1.8939581 -1.0387726 0.31277433 
-0.2726391 -1.037716 1.3882759 
0.6275563 -1.0865059 -0.5322795 
-0.23017529 0.7647372 1.5743012 
0.690971 -0.7551575 -1.452038 
-1.3865854 1.0187732 0.06306688 
0.95456904 -0.09005145 -0.5331642 
-0.35010716 -0.23233646 0.32675242 
-0.9862346 1.4260827 1.0784166 
-0.2773042 -1.7736051 -2.0805264 
0.28496143 0.6623644 -2.1472814 
2.2279773 -2.3280566 -0.042789303 
0.8554906 0.932776 1.0548259 
-1.3430724 -1.4916706 -1.0285703 
0.3724838 -1.4149042 0.037727796 
0.15997733 0.66592234 -0.0034626373 
-0.91641134 -1.3727168 2.4348059 
-0.7893276 0.46741536 0.62701327 
0.8688132 0.29948902 0.36073193 
0.027355019 0.6276908 0.6194035 
-0.55997324 0.76193386 0.8730006 
-0.924942 -1.1884364 0.15309413 
-0.09440615 -0.05186842 1.9823449 
-1.0285838 1.0516582 -0.27736798 
-0.8023676 0.004167694 1.1486294 
0.15691663 -0.54213405 -0.056104563 
0.7641923 -0.6329289 -0.37787637 
0.42216587 0.8891393 -0.4023207 
1.1066723 1.5375037 0.10769495 
-0.3582125 -1.1931989 -0.37248337 
0.28385547 0.0069482573 -0.31824896 
0.28500587 -0.6936437 -0.2695476 
0.29350328 -1.4633529 0.7171705 
0.5823837 0.5889963 1.6797336 
0.19433862 -1.6964927 -0.34019792 
-1.1343311 -0.676693 -0.1070768 
0.6501103 0.66478753 -0.3012995 
-0.44548845 1.2937909 -2.151402 
-1.207931 1.556147 -1.117137 
-1.0591483 -0.5064027 0.9659776 
-1.1026858 0.32853162 -0.78707325 
0.571772 1.0300503 -0.39576447 
0.8336415 0.13428143 0.34921214 
0.8096049 0.6396601 0.42285863 
-0.23360778 -1.2435825 0.83000153 
0.39729166 -0.7709698 0.2039788 
-0.031088369 0.92975587 -0.11890468 
1.1237639 -1.3754315 1.4884968 
0.972536 -0.57257766 0.06539902 
1.8704684 -0.37498477 -0.79802716 
0.7286163 1.1305753 0.39526173 
0.35106045 -0.6632258 0.03979278 
-1.2668878 -0.7386881 -1.4936761 
0.6393204 0.6871727 0.59744203 
-0.3679966 1.2683774 -0.15167181 
-0.7102846 0.509131 -1.7446066 
-0.7319956 1.4381815 -0.7849706 
-0.6321213 -0.21097913 0.0011662007 
1.7361963 1.5440521 -0.18608662 
-0.9216154 0.10890556 1.6190096 
2.3435931 -1.566447 1.8704805 
-0.022858761 -0.048082918 -1.016416 
-2.114077 -0.057367213 -0.59594774 
-0.048802603 -0.102396704 0.7981792 
1.363357 -0.10377947 -0.82494134 
1.6598412 0.044022314 0.54066 
0.72869426 2.0453498 -1.4975905 
0.021258978 -0.5586995 1.3651726 
1.143394 -0.029947255 -1.7434196 
-1.6361535 -1.8973469 -1.1811972 
2.0162776 -0.5031272 -0.055818826 
0.3799812 -0.19111641 0.05353405 
-1.2700093 -0.40851414 -1.3990105 
-2.104117 1.1772183 -1.3425465 
-0.20241773 1.9687022 -0.4277616 
-0.23273149 1.5044112 -0.5861703 
0.0748305 1.8124307 0.28468633 
0.5994888 -0.6412284 -0.1426524 
-0.40159315 1.0097395 0.4133458 
-0.18855974 0.2647723 0.34365645 
0.47753137 -0.62986356 1.9770392 
0.08788726 -1.021761 0.31584853 
0.20232664 1.1327592 0.4173732 
0.65938294 0.41922897 0.8943413 
-0.5332745 -0.6585329 -0.94485676 
-0.7714398 0.3677733 -1.2139308 
1.8001745 0.19505604 1.548185 
1.2744077 -0.61084926 -0.29816893 
-0.020590395 2.7187157 -0.29691577 
-0.7773314 -0.6050918 -1.1153988 
-0.17815083 0.524904 -0.31206205 
0.23102558 1.1494666 -2.9040117 
0.39144704 -0.14255022 1.376533 
0.24218313 -0.8779507 -0.16003087 
0.7904385 0.03499519 0.24988064 
-0.44416076 -0.12789112 -0.34552404 
-0.32671 0.49370122 0.5607307 
-1.6234694 -0.78404635 1.8534045 
-0.5592345 0.23049659 0.8921617 
0.5235195 -0.6682346 -0.18641938 
-1.9234352 0.52731854 -0.075204566 
-1.4588649 -2.1899655 1.651442 
-0.09621697 0.64470935 0.5270709 
2.5933645 1.343341 -1.3846724 
2.340091 0.35747328 -0.0630601 
0.3643849 -1.1127889 1.200626 
-0.30087003 -0.9230891 -0.15795425 
-0.75407463 0.4940654 -0.5062586 
-1.7088678 1.6120893 0.018670052 
0.31188408 1.2233912 0.7968466 
-0.6901707 -0.56586623 0.50833833 
0.122547194 -1.6419469 -1.0336194 
-1.4234282 0.6756829 -0.29808486 
-0.068814605 -0.049925383 -0.8948979 
1.8321359 0.01874344 -0.9246842 
-0.27047747 -1.7461998 -0.13251877 
-1.6548725 -1.2025975 1.9175549 
-1.4361817 0.71285564 -1.0068576 
-0.5254469 1.1512716 0.41241503 
-0.5251935 1.0157197 -1.3522617 
-0.012671087 -0.45248663 1.0636748 
-1.486645 -0.62497103 -0.42171785 
0.88003165 -0.8614113 -0.16932541 
1.2306002 -1.8186381 -0.42409083 
-1.4999186 1.3392925 -1.2364554 
0.5966186 -1.5605487 -0.53816086 
1.2602388 0.16382086 0.47414377 
0.8651557 1.3503915 2.2324882 
1.4153514 -0.38544565 -0.64042526 
-0.5896081 -0.9236946 0.88089055 
1.1423073 1.1436616 -0.77239704 
-0.76156676 -0.034818754 -1.0225381 
0.09726122 -1.1005497 0.8461888 
-0.7237759 -0.58992165 -0.40186775 
1.8367708 -0.25619784 1.2440056 
0.2938948 0.55635387 0.26630896 
1.7425215 0.089482985 1.1166521 
-0.118909925 -1.0125215 -0.4813776 
0.70501274 -0.38275975 0.8803648 
-0.97075534 1.719211 -1.30154 
2.2259922 0.9031877 0.8908777 
2.7027187 -1.5046484 0.5985082 
1.0581485 -0.8846829 -1.246949 
0.5815421 -0.4687341 -0.64747 
-1.775236 -1.3183188 0.9274866 
0.2805665 1.5302786 1.1534971 
2.1028922 -0.1198509 -1.6292253 
-0.15723552 -1.562645 -1.4496071 
0.26734442 0.22841391 -1.2935033 
1.3597859 0.541027 -1.1600258 
0.026661657 -0.98658013 0.5636733 
1.4931518 1.8651899 -0.41745868 
-0.76110786 0.33688167 1.260602 
-0.59561837 0.008294077 -1.0488915 
-0.59393007 -0.524035 0.011642211 
-0.51809233 -0.3763953 1.0794209 
0.5917294 0.26351303 -1.7662792 
0.926837 1.2030554 0.81332445 
-0.9369428 0.29575312 0.46263763 
0.55310583 1.9369067 0.16613437 
0.9879304 -0.3049189 0.12596297 
-1.3935907 -1.2368667 0.3463731 
0.6502064 0.46676716 -1.06473 
-0.45307815 0.53872824 0.39209694 
0.06296194 -0.2059595 -0.9788996 
-0.16957054 0.53058034 1.00912 
-0.27504992 -0.4252487 -0.20710813 
1.1264325 -1.3903224 0.40948722 
1.1692778 -1.8350672 -1.496392 
-0.32159528 -0.890594 0.14027806 
0.13400981 1.1435527 0.7296532 
-0.62022996 0.77603054 0.48952872 
2.1443167 -1.027532 0.34009853 
-0.13606142 -0.49917707 0.95410097 
-2.2131298 0.64999264 0.77783704 
-0.640508 -1.2951928 -0.29384607 
-0.31760538 -0.46685582 -1.9914467 
-0.96545875 -0.24238758 1.0002455 
0.43160614 0.8476548 0.08011197 
0.514306 0.2372216 0.011926661 
-1.4305799 -0.88854736 0.30280346 
0.2439107 -0.98361707 -0.72213924 
2.3532681 -0.14750803 0.1472466 
-1.6643759 0.24442565 1.1945715 
-1.1768533 1.92667 -0.13220257 
0.20279504 -0.6992616 -0.6332998 
0.19608104 1.4709947 1.1527771 
-1.0377697 1.0341094 0.11828322 
-0.75839514 0.33678 0.30941704 
-1.1969724 -0.36695167 -0.70000446 
-0.20447822 -1.2388372 0.41708747 
0.56225234 0.57163465 0.86415696 
-0.49653208 -1.2232798 0.15034923 
0.5986884 0.8536771 -0.056691237 
-0.24829684 -1.1973846 -0.2897205 
0.7940755 -0.10288556 0.9640985 
0.039805047 -1.3009406 -0.7498354 
-1.4550575 0.32995063 0.175215 
0.34483758 0.4254595 -0.43742356 
-0.14256401 1.905167 0.13160956 
-1.6657889 -0.23977537 -1.6415342 
-4.5379606e-05 -2.2343798 1.5065299 
-0.44761682 1.2521839 1.7528341 
-0.7205011 1.1537019 0.0469001 
-1.1513538 0.35683438 -0.88447475 
0.86004883 0.5207635 0.061798465 
-0.5560523 -0.33145398 -0.832728 
1.7323673 2.0942407 -0.27058527 
-0.78708625 -0.7976651 0.21834093 
-0.7777532 1.0328288 1.0268754 
-0.51258683 -0.6974019 -1.9835423 
-0.67718536 -0.24047825 -1.1838598 
-0.27524063 0.16812088 0.18899092 
-0.8856621 -0.41955295 0.8225626 
-1.169207 -0.22680026 0.06891532 
-1.0616715 -1.3919225 -2.3125103 
-1.0892361 0.1747012 -0.38693428 
-0.59901357 2.1288738 1.3030316 
0.6462396 1.6555253 -0.25855574 
0.39592776 0.6556227 -0.39185452 
0.4274629 0.61674696 -0.3536863 
-2.2988636 -1.4722948 0.9041641 
-1.6733258 -0.8114378 0.0036011117 
0.850181 1.175092 1.4978492 
-1.0295196 -1.028453 0.47988984 
1.7814232 -1.4632004 1.651702 
-1.778981 1.0089617 0.9943754 
1.8238405 -0.90583175 -0.30138785 
-0.08464481 0.410774 -0.96109957 
-1.7790126 0.94139344 1.4297206 
-0.6804962 0.08680616 -0.19768676 
-0.22114116 0.327988 0.60997224 
-1.6276188 -0.77601874 -1.7223519 
1.1194979 -0.13648519 0.9361085 
0.20300592 0.030944828 -0.84410346 
1.385564 1.1015409 -1.1714382 
-0.7622977 -1.0544354 -0.117589705 
0.43575206 -0.3181195 -0.67960185 
-0.9742655 0.61503136 0.7148864 
0.9790055 -0.9137999 -0.95075953 
