2.2316296 -1.7881458 -0.40148354 0.665895 -0.19442807 1.9595366 1.0626842 2.3758736 1.2449862 
0.37322178 -0.84215134 -1.3377435 0.27048197 0.60030115 0.761296 0.8107624 1.4782099 0.44748166 
-1.2644844 0.111389376 1.0293233 0.20294717 0.48429644 0.16577527 -0.57423824 0.5893523 -0.48464572 
0.75800437 -1.3440638 -0.32862446 1.0483099 0.7384453 1.7990129 0.2032096 -1.4393852 0.8708506 
-0.40438783 -0.25452492 0.5299573 0.5027006 0.98018354 -0.542652 -1.1367716 -0.5778051 1.0995471 
0.6896974 0.7113651 -2.067705 0.89651453 -0.38258553 0.586624 -0.33114937 -1.025078 -0.32184753 
-0.023018377 -1.5027236 1.5351304 -0.90247816 0.8225123 -0.35988185 -0.7822175 -1.1971651 -0.50920904 
-0.76846224 0.99285364 -0.72545135 -0.9017006 -0.49978817 1.2031139 -0.5303381 2.3435223 0.38987964 
-0.011224816 0.03082655 -2.9379873 1.1661159 0.11434987 -0.9978149 -0.041985027 0.5398889 1.4393132 
-0.97851926 -0.58707166 -0.54420865 0.54856694 -0.7226864 1.1018353 -0.19992416 -0.6162693 0.83535576 
-0.61578566 1.7249312 -1.2013909 0.5521551 -1.4593825 0.07888671 -1.046124 -0.07794589 0.29520586 
-1.9775226 -0.7741289 0.57159084 0.38024846 0.5867589 0.010710865 0.9575675 -1.0438604 -0.44248533 
-0.780692 -0.3773604 -0.781807 0.23423283 -1.5266104 0.46958154 -1.138647 0.956307 -0.7045521 
0.15937792 -1.7875721 -0.38343024 0.09833777 0.4644854 -0.32444924 -1.6513342 2.5095878 0.35831285 
0.69415313 -0.5218972 -0.2674587 0.30566007 1.0798866 0.13494311 -1.1062288 0.4826287 -0.23040457 
0.8864541 -1.0301945 -2.1076624 0.08752812 -2.0662794 0.083434634 1.2071478 -0.3450925 0.32139567 
1.0064013 -0.8075298 -1.0596534 0.9625036 0.5015504 0.5423395 -1.1776636 -0.78503454 0.01421519 
-1.4893848 0.52162164 -1.4103942 0.035598878 0.50156 1.6946969 0.637308 -1.0575439 -0.45668745 
0.18222497 0.3544558 -1.1987379 -0.94788486 0.7058373 -0.72119325 -2.4911702 -0.74140644 -0.9060669 
0.18089417 -0.97498673 0.81891924 -0.59296054 -1.9339964 -0.25817484 0.85968995 1.4712895 -1.2053992 
0.107247844 -0.43744323 0.3163801 0.7101597 1.4960386 -0.8443645 -0.5823784 1.8725328 -1.6621053 
0.2785607 1.6347866 0.30488157 1.7523881 0.2561914 0.8089753 -0.13872953 2.4108756 0.6786866 
1.4418066 -0.4609152 1.061446 0.41147012 1.0990716 -0.20098947 2.2474294 0.778911 0.34723923 
-0.59296393 -0.9377968 -1.4520956 -0.46202192 0.38669598 0.006768819 1.2164327 1.4134204 0.88646114 
0.17993689 0.67269105 0.3501896 0.15232143 0.693526 0.521451 0.08645221 1.1156745 1.4733987 
-0.5223889 -1.2618837 -1.6687397 1.1481105 0.5797912 0.025815636 0.8955119 0.9480044 -1.6170732 
0.9307655 0.7461265 1.5436687 -0.09988458 0.86866015 -1.1566677 0.5586668 0.6201867 -1.8225988 
0.43244818 1.079439 -0.16247205 0.48382908 0.5940731 -0.87754154 1.2299213 0.37673932 0.08460082 
0.66926545 1.9999808 -0.89945066 0.13914025 1.0078936 2.237812 -1.2274207 -1.4898595 -0.22238947 
0.44686514 1.3727219 1.3761232 -1.1846588 -0.049355213 1.4827718 1.0402501 -0.37397638 0.9453046 
-0.6223017 -1.3942112 1.8927516 0.75917566 -0.037456006 -0.36733213 -2.6700635 -0.50303745 -0.9119008 
0.008718581 -0.61603963 0.23118086 0.10496933 -1.0187755 -2.0066466 1.0305169 1.1602955 -1.0167267 
-0.5729244 0.7448647 -0.72771156 -1.7380613 0.9408527 0.105208986 0.3999214 -0.38394472 -0.11514498 
0.7638865 2.0687962 2.208819 -0.9353164 0.79575825 0.5125984 1.3444934 0.094197 1.132074 
0.33410233 -1.5127867 0.0025311497 0.07628711 -0.21181321 -0.77315927 0.6357413 1.325524 -0.035659246 
-1.8310577 -0.30405012 1.0824081 0.17046356 -0.36007082 -0.027598545 1.415748 0.55804706 -0.28402928 
-0.046500985 -0.42735228 1.0180933 -0.14798325 -0.73281246 -1.1122067 1.092374 0.39060575 -1.2009761 
-1.9971077 -1.0297315 -0.8480362 -0.3500092 -0.6165158 1.5242543 -1.0247782 0.38204554 -0.13614573 
-0.07797008 -0.44466516 -0.98341215 0.5447183 0.48780295 -0.0141299255 -1.9636947 0.6706917 -0.15664576 
-0.6345849 -0.6803436 0.8029004 -1.2780778 -0.9256141 0.9194131 -1.1676122 0.16264763 0.4608225 
-0.46470296 0.9100625 0.61319023 0.27608284 1.010244 1.2664137 0.5208179 -0.763779 0.6262579 
0.46600994 0.9729444 0.19401859 -0.90120935 -0.8815421 1.3972713 -1.1625673 2.159052 0.03390981 
-0.3673737 -0.9225453 -0.6726987 -0.023449585 -1.4236568 0.34713125 1.231038 -0.014890298 0.44592652 
0.6642568 -0.5960309 0.07064927 -0.2043248 -0.10997654 0.39396346 0.19374692 -1.1192697 -0.48167977 
2.799589 0.9214185 -0.008218927 -0.34081435 -0.9526718 0.248082 0.79892474 0.36589468 -0.2027166 
-0.11943975 0.46606666 1.2285509 -1.7570119 0.9109063 0.41102588 1.0052903 0.62867624 0.70576763 
-0.057112698 -2.4104745 1.8527066 0.68853915 -0.5306056 -0.75436795 -0.48065412 -1.0122432 -0.38801777 
0.8236325 -0.5447902 -0.5888995 -1.9330993 -0.35501692 0.095058896 -0.17840219 1.5947526 0.72520983 
-0.23745301 0.43747 -1.0286363 -1.7890346 0.48408028 -0.9370155 0.009802242 0.24193452 -0.36219773 
-0.6948759 0.0016615933 0.8034664 0.4815419 -1.1955671 0.9767448 -0.3525745 0.6577501 0.008361429 
0.18192758 0.024200436 -0.26000234 0.92355245 -0.40015987 -1.4944843 -0.5913823 -1.9176356 0.38457122 
0.18092589 1.9861473 0.41719505 0.6530995 -0.363729 -0.12556782 -0.011540922 -0.55848026 -2.0117157 
-0.31675538 -0.846369 0.49760255 -1.6191344 -0.8071366 -0.58481556 0.38771945 0.36584005 0.8330822 
-0.32762846 1.2014747 1.746072 0.22652273 -0.3504625 -0.33559194 -1.0467684 -0.94238204 -0.8434756 
-0.018468933 -0.27186233 0.6644491 0.30067918 -0.011751575 0.49645236 -0.98296064 0.8280121 1.012673 
1.505409 -0.39929065 -0.80512345 0.2497816 0.06622837 0.018379664 0.067919895 0.8110674 0.7440776 
-0.09941718 1.655287 0.790896 0.5905337 0.46435392 0.27402243 -1.3250273 -0.02736241 0.5102178 
-0.1861752 -0.42638046 -0.9095588 -0.39547387 -0.13495263 0.5898654 0.3738489 -0.21178281 1.579431 
-1.5332755 -0.2935187 0.6940029 0.7861061 -0.23947006 0.22102372 0.3660898 1.1526942 1.5787761 
1.744199 1.1778097 -0.9512854 1.9686779 1.5502871 -1.3369398 -0.94065404 0.66609395 0.59164083 
1.2092698 -0.24747472 0.9160617 -0.99473995 -0.7117038 1.7007961 -0.45211968 1.9528261 -0.55974215 
1.3700287 -0.037704967 -0.17924568 1.490565 -0.010216821 -0.014303904 -0.3326871 0.9475419 0.77326775 
0.99437594 1.2412552 -1.79079 0.055906072 1.3630955 -2.0933418 0.63863367 -1.0219254 -0.63206464 
-1.142841 -1.2737356 -1.175629 1.6855052 -0.5286415 1.5279504 0.7821534 -0.53009504 -1.2683334 
-0.80193096 -0.5559667 -0.2319293 0.04815185 0.17792492 -1.081163 -1.868728 0.5490118 0.03701261 
-1.0968206 1.0506285 1.0712489 0.6011922 -0.50095224 1.6086829 0.97671056 -0.41257295 1.1224402 
0.64604044 0.61645675 1.2353011 0.039921127 0.66130817 -1.1758595 -0.10406157 -0.20096669 0.18552078 
-0.54594713 0.053880326 0.8376501 -1.0283847 1.6727842 -0.7485657 0.030227799 1.8081712 0.8134826 
0.64216894 0.3490629 1.7298393 1.2442118 1.3254347 -0.55372727 0.6346906 1.0829248 -1.5188087 
-0.27237034 0.93936306 1.1895125 -0.18288027 -0.62204784 -1.7053802 1.1040415 -0.2992157 0.7280337 
2.1588356 0.6788128 -0.44658732 -1.1836929 -0.51698965 -2.4887958 -0.960632 -0.35013947 -0.5093248 
0.76904625 -0.09684372 -0.6394373 0.012163838 0.61761445 0.47812358 0.4488626 -0.16570114 0.008130024 
-0.90459144 1.3794842 1.2935249 -0.5800865 -0.5911222 0.63329905 -2.004122 0.9955729 -1.8915198 
1.2147161 -0.88475823 0.43414524 0.2995952 0.13526809 -0.13169298 0.88523805 -0.3359683 -1.8099289 
0.104939654 0.11550128 -0.118589155 -0.4291528 0.7705744 1.4031397 -2.2606835 1.0554682 -1.4598964 
1.3249168 -0.7075391 0.96537113 -1.1715577 -0.2822691 -0.22494124 -0.47736868 1.2479143 0.08102824 
0.66112065 -1.0238454 2.4208245 -0.9622507 0.3617203 -0.49188983 -0.99021894 -0.60315406 0.52861214 
-0.6890327 -0.38283128 1.7038448 0.6511155 0.23910317 0.22771628 -1.1109804 0.9804962 -0.5896532 
0.3992004 -0.52664727 -0.42814854 -0.4759556 0.8965867 1.5661658 0.61445516 -0.077157095 -3.1190732 
0.2460512 -0.3679882 1.3975815 -1.1709527 -0.006723756 0.09559026 -0.38031808 0.14311014 0.18218872 
-0.95645297 -0.4127734 -0.6858248 -0.37747857 0.24430563 -2.1368146 0.25225878 0.1539628 0.4237297 
-0.25080737 -0.7539941 1.5737433 1.2093601 -1.6577033 0.27375495 -1.7152982 2.3050127 0.7717779 
-0.79838455 0.69084024 -1.5281016 -0.9839545 0.60858583 1.2221372 -1.2923363 -0.85272616 0.3894053 
-0.53619576 -0.04018029 0.6828164 1.4401157 -0.1618999 -1.0523078 1.4123757 -0.19204436 0.9798917 
0.19319426 -1.4735516 -2.3252532 1.1738267 0.5306655 0.008334569 -1.0810615 -0.3893274 -0.22710964 
-0.16229929 1.806642 0.6867263 0.10474046 -0.55212915 1.1767652 0.5897421 0.34887007 0.69417685 
1.1317036 -1.0108316 0.69681096 -1.0190661 0.64485395 -0.91795266 0.8964784 -0.23064801 0.42124933 
1.0805131 0.64488083 0.2803041 -0.572825 -1.3690978 -0.14134058 1.5835248 -1.1093926 0.09235097 
-1.4307557 -0.7480584 -0.6553548 1.3684971 1.4833528 0.6316166 -0.30536953 0.69936717 0.819472 
0.49853787 1.5488858 -1.5760494 -0.67073846 0.94329053 -1.0021511 1.7705839 -0.41440156 -0.39411068 
-0.9395432 0.35120103 -1.0401267 -0.72318876 -0.30311716 0.52283204 -0.102287844 0.67384386 0.36210686 
0.13519995 -0.33600283 -0.42023113 1.1126828 -0.7552631 0.35267374 -1.9208748 0.012945074 0.68593526 
0.3837944 -1.2326387 0.5098106 0.91418076 -0.9003359 1.1586864 -0.6533479 0.13920213 -2.3103786 
0.032163285 -0.77011406 0.5431316 0.005209521 -0.10342755 0.11310376 0.53045297 1.0619262 0.18046959 
-0.3315072 1.6152939 0.45237452 -0.3951596 -1.8100189 0.57159495 0.89050156 0.43038443 -0.55674607 
-1.2033271 0.61789006 -0.32463175 -0.61145097 2.6679685 1.1965915 -0.38169548 -2.2122316 0.4226685 
-0.318052 -1.227568 -0.9807715 1.1021436 -0.7811688 0.3036299 -0.86887103 -1.0380224 -1.2907145 
-0.0038737054 0.53828526 -0.8727283 0.4590255 0.44580612 -2.3516262 0.14096655 -0.39892954 1.6401166 
-0.7618537 -1.2629018 0.102757335 1.469811 -0.647012 -0.29943985 -0.79074997 1.3292311 0.31841686 
-0.28968152 -0.87945837 -0.84271795 -1.4210925 0.03365333 1.865708 -0.0017482225 1.3181024 -2.2478437 
0.5635728 1.2127911 0.99532723 -1.6901542 0.555634 -2.665153 -1.4324545 0.8489126 -1.8022772 
-0.62946004 1.1324703 0.16501726 -0.031640828 0.12274805 -0.15563935 -0.8310865 0.23539351 0.3822977 
-0.106044985 0.43597302 0.32147017 0.5534857 0.087382466 1.0137163 1.0365653 0.03006375 0.63917506 
0.39898422 0.098062426 -0.89382815 -1.5870543 -0.6369587 0.32094258 -0.57689047 0.45605442 -0.1789397 
1.8963758 0.06448306 -0.78814095 0.2093275 -0.16052242 -0.26452193 -0.77505076 -0.6659464 0.9475666 
-0.58679056 -1.0851887 -0.99200857 0.23810218 0.8768539 1.5130665 1.0918862 -0.25408813 0.05805403 
0.5377523 -0.09758951 -0.8302899 -0.9226514 -1.6658295 0.7083079 1.0696377 -0.7041237 -1.3942126 
-0.5290869 -2.0907557 -1.2613431 -0.9165438 1.1037436 -0.75849277 -1.2781707 -0.43927765 -0.65782756 
1.9009702 0.81594837 -2.6913183 1.6512858 0.21376958 -1.5798976 0.2827799 -2.1499763 0.5599654 
1.2236576 1.4424356 0.9794038 0.0038253285 -1.800811 0.8575503 0.5005304 -1.6342502 -1.5554475 
1.7132908 1.9335097 1.5316659 0.35918564 -0.94581836 -0.34383702 1.7349378 0.66937965 -1.4534513 
0.52052945 -0.22254619 1.0973839 -0.01402625 -0.48194024 -0.060164284 -1.105874 -1.2344185 -2.1343145 
1.31727 1.1157291 0.5477849 0.062979184 -0.5848338 -0.74965936 0.37973583 -0.013269673 2.2103097 
0.8808633 0.35284966 -0.019180909 -0.1533881 1.265 -0.5732525 1.3520182 -0.07733691 -1.7712548 
2.308239 0.65870845 -0.4085448 -0.093905866 -0.9711184 0.57107896 1.9570328 -0.29643884 -0.2162688 
0.34795412 0.023760771 -1.3761791 -0.18619598 0.5954013 0.86110586 1.0924011 0.68842816 0.4514173 
0.5961635 -0.16144884 0.48689297 0.8450366 -1.0953957 -3.14849 1.0373192 -0.19589962 0.67337996 
-0.22960494 1.2210155 0.6812768 0.035484746 0.76359266 -0.19739684 -0.1737074 -1.3776909 -1.377142 
-0.0046858583 0.87828994 1.3670286 -1.8789618 0.12681694 0.16403641 0.28692672 1.7691084 0.26677072 
-0.030167595 -0.14159633 0.0043429304 -0.13850752 0.88740826 -0.98753065 0.34411827 0.005235658 -0.18055198 
-0.36261994 0.72654885 0.25011262 -0.078918196 1.0759315 -0.9343197 0.4349505 0.3448702 -0.12752621 
0.18378 0.973137 0.72009856 -0.18051794 -1.4098934 0.16873634 0.017184332 -0.7541024 -1.2776008 
0.8089158 0.56161845 -1.8359772 0.39775157 0.5984739 -0.71654975 0.46026826 3.250184 -0.5138177 
-0.8838152 0.47652888 0.44868615 -0.22030511 0.5219288 -0.92216176 -0.40233594 -0.66322386 0.2971891 
-0.73586303 0.9209253 1.5650344 -0.11307874 -0.5388961 -2.1738393 -1.5911056 1.6975152 0.9321071 
-1.10489 -0.329242 1.474963 1.2167385 0.67271686 -0.0112108 -1.5490583 1.7597995 -1.830749 
0.28493524 -0.18385231 0.97257715 0.010050363 0.80918026 1.6760304 0.038301468 1.0398701 0.21718064 
-0.5539992 -1.020224 1.7494763 -1.4946451 0.8360133 -0.8455625 -0.7013823 -0.7847557 -0.26709983 
-0.24809144 -3.0456057 -2.2339737 0.7639312 -1.6188498 -1.4984585 0.36638737 0.618691 1.3807527 
1.0885838 -2.8342812 0.44816786 -0.5998924 -0.22471802 1.1915474 -0.72249603 -0.40394863 -1.1421676 
1.0536649 0.46705002 -0.8034513 0.28920892 -1.0414265 -1.7695714 0.55177975 -0.2846795 -1.9000356 
-0.2161317 2.1674042 -0.4516932 0.14136916 0.44177273 -0.5309807 -1.2341604 0.64773494 0.8075434 
-1.1422486 -1.426115 0.4890828 0.72736615 1.9299296 1.0947758 -0.1803323 1.0597204 1.3030878 
-0.48369834 -0.94086736 0.70016825 -0.105227634 -0.5089385 -0.17892697 -1.7695146 -0.29268637 -1.0238237 
-0.19895364 -0.5430803 -0.883683 0.88034254 0.6350642 1.166701 -0.5982684 -1.3112189 1.7706431 
2.079259 0.8195064 0.76737595 0.055728115 -1.066565 0.29888663 0.07668394 -0.17838843 -1.3192556 
-0.74752223 -0.3810731 1.6358978 -1.0054597 0.19345152 -0.11605537 -0.57211107 0.6273665 0.04750776 
0.41687304 0.1326255 0.19830829 1.4721795 -0.31498015 1.8092029 -2.037125 1.9862806 -1.0214493 
2.3250072 -1.0082331 -1.5071467 -1.8558381 -1.0356463 -0.028992686 -1.0296352 -0.49543577 0.8626493 
-0.7176817 0.005889465 0.49199557 0.27702138 0.9633183 1.1159043 1.3869126 -3.7022452 0.49670422 
-0.7741721 0.83896524 0.3750658 -1.8540491 1.409153 1.8090799 -0.28898203 -1.1662484 -1.047853 
1.2864782 -0.7191025 0.5590736 -0.73605007 -2.0914967 -0.22279184 -0.31590718 0.8228243 -0.69754404 
1.1130526 -1.3660431 1.0917279 -1.800406 -0.6769713 -0.33334982 1.3925518 -0.04964997 -1.3637568 
0.6864956 0.20198089 -0.6066841 0.45608446 -1.5289471 -0.2521301 -0.31879315 0.23072754 -1.361911 
-1.3403412 0.4981585 -0.73162407 0.6307944 0.101207726 0.19390783 -0.94924754 -0.5078641 1.8704708 
-1.1335276 1.5736965 -1.1899426 1.032564 -1.2271111 0.4298739 -1.3020259 -1.0882756 2.5798705 
-1.3357637 -1.2366385 -1.4564666 -0.33454216 -1.7969807 1.7383585 -0.39471903 -1.4162698 -0.6557434 
1.1962562 -0.0050502154 1.1293892 0.4262108 0.14383237 -0.29566494 0.34678102 0.70924354 -0.80276924 
-0.10190451 -1.6843593 -3.2142494 -1.9393342 -1.007763 0.7551351 1.91446 1.3345996 0.55177003 
0.101434715 2.0799277 -0.0007042596 0.14591445 -1.686759 -1.2121683 0.082149826 0.7404777 0.2735017 
-1.0728585 0.49913213 0.74180746 1.402697 1.4037404 -0.57601726 1.4814283 1.1813879 1.9470253 
-1.226033 -0.6047414 -0.20761588 -0.17346692 -1.8720957 0.8751968 0.4675412 0.27056754 -0.23219611 
-0.53251296 2.013949 0.18033026 1.1622245 -1.2666597 0.26127926 -0.56077665 -0.06542349 1.4700795 
1.3139936 -0.3940063 -0.82410944 1.0659465 -0.90409 -0.49793273 0.2411429 -0.75776756 -0.024882644 
-0.1387884 -1.5767063 0.09240659 -0.63471866 1.1415678 0.40791753 0.055179786 0.15449473 -0.2955742 
-0.5388711 -1.0861251 -1.753833 -0.8513529 0.6377946 -0.15395579 0.7793475 0.2398743 -0.59348994 
-1.1416706 -0.7227043 1.2827787 -1.7091467 0.027898287 1.1760151 -0.72079384 -0.041199565 -2.0932908 
-1.2608273 1.0608327 0.38356903 -0.32369828 0.60399526 -1.003379 0.9927571 2.9052627 -0.5360197 
1.2414371 0.91942453 0.16654938 1.3955381 0.21308176 0.6320341 0.42092228 -1.2487786 2.284573 
-1.4934236 -0.045716636 0.39480722 -0.0008470732 -0.33697727 0.13986225 0.5386073 -1.0331339 -0.5226038 
-0.28654426 -1.5874178 0.6765884 -0.11394318 -1.3217801 -0.30870432 -1.5297196 -0.91033757 0.36109522 
1.0489011 0.5686685 -1.3764992 -1.6880372 -0.47979537 2.3341303 0.5476013 -1.0267493 -0.94063306 
-0.88384736 -0.7225233 -1.6241913 -1.9873893 0.6757331 1.2705805 0.22521855 -0.23868757 -0.22869907 
-2.0245345 0.13844152 0.7668752 -0.49617237 -0.49500242 -1.1014516 0.5484906 1.3600646 1.258964 
-0.6432102 0.11891976 0.8097556 0.19004981 0.9440771 0.762265 -0.22984593 -1.0946507 1.0916276 
-0.47452518 -1.427688 0.36366332 -2.0385659 -1.2243589 -1.0307126 0.055210285 -1.0308715 -2.0862443 
1.8747787 -1.6426679 1.8844919 1.9076554 0.4793396 0.0708872 -0.5614622 0.08625608 0.16127309 
-0.68611264 -0.6195277 0.4532439 -2.0706105 0.21223263 -0.35560915 0.8675744 -0.027907765 0.65465707 
-0.121766776 0.26101482 -0.29471216 -0.52215403 0.7712958 0.4405067 -1.7887897 -1.795345 -0.71541697 
-2.1939878 -0.22138204 -0.5350176 0.5241783 0.34910786 0.4290757 -0.9449607 -0.68343896 0.23400195 
1.8169715 -0.17388964 -0.33892274 -1.263409 -0.26227456 -0.012001459 -0.16232248 0.8776717 -1.0982138 
-0.38626614 0.18189195 0.86362034 0.1538519 0.8542072 0.16870548 0.24663103 0.7593141 0.5592026 
0.12411101 -0.18371898 0.31822094 1.6136208 -0.31466776 0.6046704 1.9235234 -1.5695311 0.08683163 
0.38811046 -1.050293 -0.46407184 1.0004861 -0.19597416 0.9310473 1.6126287 -1.0909252 -0.108148284 
0.4758634 0.36405256 0.8365245 -0.8244689 -1.3155775 2.4281566 0.50620186 -1.7040087 -0.033584915 
0.69801396 -0.36660612 -0.064986676 -0.6512985 0.8753565 0.77378964 -0.5943399 -0.3382952 -0.6900899 
-1.144427 1.4807192 -0.22458157 -1.1246753 0.59918755 -1.5603689 1.3229796 0.76828754 0.62077934 
0.22409043 -0.5509328 -0.83330226 2.0172904 -0.32134122 0.42984864 2.7223659 -3.885619 0.040755894 
-0.54415786 -0.25033227 -0.12326837 0.22638716 0.33203685 1.3423259 -0.24185269 0.2558012 0.02497291 
0.7306383 -0.68468773 -0.49495178 -0.68439525 -0.934404 0.0687396 -2.304256 -0.3439757 1.4368001 
2.5108967 1.0605718 0.52676994 0.446216 -0.13719995 2.5911922 -1.1456691 -0.99088615 0.5057438 
-0.6448542 -0.6765516 0.5519177 0.78290325 -0.8956863 -1.4762111 -0.16558135 0.519139 0.4986596 
1.3252645 -1.2964324 0.6208747 0.887857 -0.39804718 -0.556285 0.0963577 0.40275493 1.2463502 
2.6132042 -1.518246 1.410309 0.17659128 -0.25292075 1.0620672 -0.49922925 0.34952316 0.50535977 
-0.24046081 0.76061016 0.35105985 -0.18231651 0.52868885 -0.010927086 0.18645595 0.6003865 -0.09294267 
1.0449792 -1.2668644 1.1189958 -1.2134644 -0.40461683 0.6180207 0.051313926 -0.59558314 -1.3474803 
0.013756801 0.18540795 1.5937684 -0.21413557 0.11317262 -0.8609598 0.013765516 -0.14664045 -0.17508931 
-1.9178567 -0.7163928 -1.2044497 -0.65581506 -1.2490885 1.3779389 -0.6082216 -1.5016332 0.2199193 
0.39749688 -1.294771 -0.53963834 0.5496334 -0.9307122 -0.15554664 -0.36611497 -1.5890155 1.0945601 
0.05712994 1.068915 -0.24061824 0.8750673 1.6019715 1.7760696 -1.4068125 1.7141092 0.63131654 
-1.400619 0.5409608 -1.260639 0.35965812 0.30245796 1.0094529 0.08942304 -1.5248128 0.6089925 
-0.040994756 0.0010863335 1.573049 -1.0294023 1.256158 1.300841 -0.5903025 0.9681416 -1.0712055 
-1.5137762 -1.5662469 1.2017516 -1.1573783 0.935581 0.66164726 2.024337 0.8709611 0.39524087 
0.05744748 -0.15119065 -0.4959644 0.14219819 0.083209954 -0.61390686 -0.97197425 0.9156318 0.18849 
-0.5141361 -1.1418535 -1.1665225 1.0712751 -1.864621 0.7416656 0.9128594 0.0052532586 1.1187147 
1.0473309 -0.03972264 1.6787498 -0.25611112 -0.16194531 -1.6405716 2.0200524 1.4380058 -1.9435806 
-1.2651517 -1.2437044 -0.133126 -2.3138185 -0.99323595 -1.5642004 -0.58886504 -1.0728377 -0.21573906 
1.0587522 -1.5849453 0.27196258 -0.07870524 0.87164354 0.47839496 1.1198307 -0.254249 -0.365652 
-0.3302716 0.44892773 0.04423758 -1.2263829 0.035454966 1.391224 0.3166561 0.031981494 -0.27896446 
0.77630633 0.42038825 1.5512466 1.3773104 0.40391582 -1.2203864 -0.41606164 0.30810583 -0.35670352 
-2.0360668 -1.8832889 -2.5072286 -0.7013217 -0.43948957 -0.09663038 0.60689276 -0.5787745 0.47460455 
0.23550065 -0.93687314 -0.10491474 -0.81713694 -0.17426354 -0.97327286 1.0997709 0.25224984 1.1110393 
-0.55035365 -1.4359785 0.9108895 0.84740806 0.88441914 -0.43760645 0.03117998 0.42286932 -0.4908298 
1.0339873 -0.89928126 1.0666355 -0.8403245 -0.7515277 0.085340686 0.038927395 0.24141708 -0.69264823 
-0.18165849 -0.15621103 -1.1695268 -1.2044035 -1.6382712 -0.85356516 1.0601512 -0.7101269 0.80522704 
-0.6387849 -1.3070775 0.41151595 -0.9758836 -1.1026462 -2.2713997 0.11805334 -0.8571585 -1.8598802 
1.3355997 0.19821467 -0.8765763 0.36669743 -1.3897518 -0.97611773 -0.07458543 0.45920384 -0.24714567 
-0.7061759 -1.4705869 -0.23462783 -1.2636052 -1.6444664 2.7564974 -0.35859963 0.2286583 1.9412966 
0.57179505 0.9666076 -0.37135017 0.6319857 -0.2585823 2.0235305 -0.14332695 -0.13117966 0.6426267 
-1.0652288 -0.44329518 -0.555816 0.4764119 0.0850036 -1.2144306 -0.3476782 1.0825727 0.32264322 
0.10893485 1.3401792 -0.49438888 -1.3343176 0.32427323 -0.6906707 -1.5911932 1.0891138 -0.34901664 
0.8569222 0.6589431 0.66129065 0.66575813 -0.029911919 -0.037559755 -2.1846018 0.24486071 -0.44211683 
-1.5980474 0.34291396 -0.0769019 -0.52396685 -1.1172175 0.48648277 0.6639393 0.0035920464 1.9751189 
2.8677616 -0.012086451 -1.4010801 -1.1525618 1.6728414 1.1123632 -1.0696907 0.9859443 -0.6483938 
0.34068573 -0.21533883 -0.6909021 -0.62688357 -1.2460036 0.22531073 1.476096 -0.076680295 -0.30615857 
0.8738549 0.44856268 -0.49658006 0.6083113 -0.2918035 0.5361636 0.35874298 -1.0771406 0.7898269 
0.64051765 1.0605613 1.2275629 0.4842368 0.9027648 0.17362605 1.308818 -1.0571102 -0.8762335 
-0.7703078 0.38628858 0.30970246 0.04713796 -0.62109244 -0.85552907 1.5446942 -2.2196097 1.0717573 
1.5033419 -0.15265758 0.3044365 0.5604762 0.77445567 -0.70836276 2.4760196 -0.51938355 1.4577518 
-1.065207 -0.83517504 -0.7740869 -0.4863604 -0.93676937 -1.1130909 0.5019648 0.24303092 0.20119964 
-1.0183115 0.20722415 -1.2321011 -0.49849457 -1.4193372 0.5153658 0.07072742 -0.15920854 1.2774245 
0.4401029 1.2285497 -0.075345576 -1.2788514 -0.5096375 0.43340135 -0.2437531 0.09972943 -0.46434698 
-1.1253568 0.0346788 -0.7869736 0.10106687 -1.2949014 -0.75480694 -1.290655 -0.7130189 -0.604428 
-1.1846237 -0.97096777 0.20315646 0.85814977 -0.075032115 -0.06907225 0.2335339 -1.0494044 0.72247326 
-1.3890566 -0.077922046 -0.16635689 -0.48932463 0.3882782 -2.447436 0.727166 -1.5226364 -0.8039666 
0.43452096 -0.6189999 2.010907 0.33607382 -2.1615746 1.585872 -1.9731548 0.9910785 -0.50867254 
-0.8147321 0.934803 0.36226153 0.6236111 -0.19269858 0.43348238 -0.0022396788 0.5663287 -0.48383838 
-0.9701873 -0.34434837 0.7621064 1.2929914 1.1633348 -1.9277505 -1.2098061 1.0112016 -0.3908068 
-0.28383866 -0.14795808 0.57504 -0.9863718 1.086398 -0.60397357 0.6339918 -0.10991851 -0.06363741 
-0.14847048 -0.03136514 -0.6070359 -0.5758566 -1.1206961 1.2725474 -0.80719197 -1.4445407 0.3355105 
2.580006 -0.99122864 -0.55239934 0.35049033 0.061203916 -0.53112316 -1.1200217 0.8672645 0.1486448 
-0.36168823 -0.38038018 1.3101401 -0.24410716 -2.082133 -0.8801367 -0.13546155 0.30814692 -0.31559056 
0.18561023 0.19157207 -0.7525983 0.19682556 -1.875782 -1.2374104 1.2797129 0.41566256 -2.913207 
-0.41682062 -0.408419 1.0747325 -0.17766179 -0.4696085 1.5018957 -0.28977793 0.9394138 -1.1335768 
0.42256877 -0.1684841 1.0481045 0.40500665 -1.9405272 -1.5067388 1.1096352 -1.5356325 -0.57063806 
1.1249923 1.4660908 -0.55407876 0.1640321 0.59399396 0.20704484 -1.5654465 1.2286658 -1.3294914 
1.1635464 0.20741111 -0.4690049 0.42958948 1.1876365 0.88032603 -0.36205292 1.2967703 0.21359064 
-0.73376656 -0.85861677 0.2640044 0.80665827 -0.50695825 -0.8227477 0.697159 0.3457257 0.9040133 
0.30688646 -0.73611283 -1.000009 -0.94570625 0.14113235 -0.44693002 0.22522035 1.1629809 -0.89690864 
-1.8779683 1.4172609 0.3777881 -0.7868262 1.7972292 2.0656292 -0.9893789 -0.43025726 0.087782055 
-0.3870546 -0.4547823 0.07490229 -1.0120887 0.2562709 -1.3554137 -1.2688007 1.069364 0.9050144 
-1.3495555 -0.39254397 1.3993933 -0.46468276 0.41419813 -1.2597663 0.43684202 -0.95171094 1.7588135 
-0.41876942 -0.6176799 -0.111542456 -0.062673084 -1.0666012 1.7808801 0.16633672 -1.4972985 0.42824274 
1.2975392 0.0681012 0.37396502 -0.14947796 -1.0782218 -0.5749407 -0.17024215 -0.7412465 -0.3495182 
2.0232294 0.4177805 0.32259783 -1.9932034 -0.3556495 -0.57386756 -0.06380354 1.457162 -0.41813245 
-0.10467579 -0.27740857 -1.4819999 0.8443603 0.0771713 -0.35991782 -0.31752643 -1.4541026 0.80957544 
0.58758706 -1.4815317 -0.2577355 -1.0784687 0.8850112 1.0697749 0.22815023 1.1662514 -1.6013848 
-0.42089048 -1.3616337 0.19698322 -0.027938724 -0.663156 2.0014725 0.9115399 -0.081164494 0.22738816 
-1.5832995 1.048831 -0.25688207 -0.0036744853 -0.18897505 2.0183372 -0.4765347 -0.5886018 -2.0310647 
-1.459596 0.40503323 -0.499506 -0.016385963 -0.19017881 -0.21508403 -0.6583834 0.5350567 -2.9622242 
-0.67076266 0.018569808 0.091020204 1.1119131 0.59587526 0.47484982 1.1585902 -1.8483938 -1.282776 
1.5513309 1.1342926 0.8286419 -0.07059881 -0.10612999 -0.4643242 -0.26139295 -0.29467726 0.47734988 
-0.5847647 -0.44466838 -0.1894988 -0.3632671 -1.0050545 -1.3534487 0.4558233 1.8170115 -1.4483542 
0.21592937 0.31619078 -1.3531696 1.0293111 0.37389937 1.8031904 -0.69682896 0.16587311 -1.1031923 
-0.433053 0.543643 -0.73296064 1.3617811 -1.7458881 1.6868502 0.48520625 -0.6950374 -1.9506576 
-0.4628955 1.1932421 1.7008977 0.9471029 1.315936 0.38685355 1.4196653 1.1877244 0.43424392 
0.41744217 1.0772586 0.41324922 -0.093928084 1.1492572 -1.9283895 -0.779458 -0.3575809 2.0778832 
1.3369832 -1.1941274 -0.12560096 -0.56846434 0.6349719 0.07527478 1.0219151 1.4353421 -1.0397803 
1.1534152 -0.16558725 -1.3182064 -2.2713492 0.49685553 -1.873447 -0.8340893 1.2859606 1.8269995 
-0.8816121 0.17957318 -0.021495556 -0.06660605 0.68540424 -0.5677839 -2.5196092 0.10461481 1.0286016 
-1.2355102 -2.3233256 -0.18908015 0.5857318 -0.9460602 2.2821474 1.1009291 -0.9978361 1.0560129 
1.0169247 -0.049610473 1.1288171 -1.4287381 0.4203057 -0.008434156 -0.4049894 0.4801524 -0.6689473 
-0.29275644 1.1442788 -0.66306025 -1.3602661 -0.5945502 -0.3455085 -0.6502827 -2.4400585 -1.0363725 
0.81684244 0.54764026 0.20551741 1.4932384 -0.2509967 -0.17638963 -0.17785078 -0.04720669 -0.7340364 
0.81510127 0.4689547 0.44345957 1.661505 -0.34874243 -1.4099524 -0.5412093 -0.07732543 2.1845248 
-0.85153913 0.9104321 -0.51948905 -0.81814617 0.198502 -0.3578546 0.49003547 1.3105721 -1.0007374 
0.087450884 0.44113192 0.1571884 -2.1002452 -0.6431991 0.50498354 0.20734355 0.7002321 -0.11964206 
-0.17729428 1.0806916 -0.007347506 1.2381829 0.5438207 0.97458285 0.6403952 1.5775148 0.9719854 
0.38995138 2.1328065 -0.49332267 0.15441962 -0.58470356 -2.257292 1.1043442 0.48221922 -0.06403941 
0.8261075 -3.4792144 1.6811488 -0.37706423 1.3706521 1.4703388 -0.14902471 -0.015315042 0.5463352 
0.47717455 -0.17625621 1.2599729 0.06667388 1.4111855 -1.3004086 -0.17784178 0.47872496 0.22323713 
-0.8017024 -1.5748593 -0.06043315 1.5153747 0.48565844 0.4368277 0.62280065 0.18380967 0.9842653 
0.52917063 0.5728039 -1.0665586 -1.3885366 0.9526876 -0.51298255 -0.91755265 0.98138404 -0.32127684 
-0.23736352 0.12357848 -2.0890167 -0.17248318 -2.2919621 2.0807776 0.39051694 -0.026188403 0.9561801 
0.5907593 -0.0005278538 -0.73346096 1.9781202 0.32062548 -0.09597236 -1.1305377 0.11805737 0.024711283 
2.4426641 0.870827 0.5232746 0.5671828 -0.069724575 0.6774672 -0.45912728 -3.0888243 -0.7036965 
-1.3740215 0.1389837 0.49942425 0.02929522 -0.3114169 -0.5283665 0.54904747 -0.91873103 -1.0004394 
1.7795078 0.59400016 0.9753334 1.2137203 0.09510607 1.0166757 0.42885983 1.099681 1.0437032 
1.1907266 -0.36081538 0.52077186 -0.6686983 -0.08710551 -0.33616742 -0.9188256 0.97696805 -1.0725251 
-0.12658447 -1.4042518 0.46527198 -0.8820842 0.54522395 1.5337511 -1.3119304 0.89921546 0.07477806 
2.0414586 0.42434677 1.6876863 0.46789098 1.4458346 -0.385471 0.13414317 0.26832983 0.10660842 
-1.9079698 0.8720713 -0.36619425 -1.3455356 1.0716866 0.06511253 0.16765474 1.0096998 0.06276485 
0.6464784 -1.4693891 -1.3499744 -1.1003752 -1.2463003 -0.7062316 0.08576613 1.1035904 0.70931464 
-0.57521296 0.14661095 -0.248958 -0.27346203 -0.3008473 -0.974398 -1.2502543 -2.356863 -0.17081271 
-0.093229845 0.07866716 -2.734737 1.0911311 1.5864252 -0.67744994 0.35292324 -2.328637 0.97432244 
-1.0757859 0.9261704 -1.2201009 0.3345489 -0.456392 0.1813758 -0.20997167 -0.6197371 1.537712 
-0.47616878 -0.8122936 1.0394148 0.26039124 0.009035275 0.074638486 0.06494144 -1.5724567 0.2980463 
0.49544486 1.473357 0.04112075 -0.14495236 1.7772725 -0.73430425 -0.71996576 -0.3119296 -1.3742996 
0.6101975 1.366064 1.9610115 -0.6199125 0.39998192 -0.42709568 0.45729178 0.39782435 1.1259817 
-1.1550715 0.44624802 0.9735255 -2.5593488 0.24072814 -0.93760616 0.05030462 1.1319222 -0.989916 
1.1894754 -0.3391721 0.2833209 -1.6912687 -0.27890494 0.34861234 0.241242 1.3959349 1.3699834 
1.4545879 1.2785739 -0.93684226 1.4976941 0.13831814 -0.4387023 1.6826006 0.602969 0.9189075 
0.3893044 0.29722074 -0.044066537 -0.55627185 0.46917588 -1.7131324 0.73153615 1.3248115 1.5136577 
0.012937583 -0.5694359 0.28911415 1.1955462 -0.94360125 2.3102791 -0.3016059 0.21610026 -0.7260956 
0.15705968 1.0917945 -0.36069587 -1.0960524 1.9033505 -1.2584424 -1.0243442 0.42778093 -0.15934816 
0.31469527 -0.8182985 1.8184211 2.3422272 -1.0426364 0.23261654 -1.3861336 -1.6077467 0.6477092 
2.542066 0.6270422 -0.06909288 1.5639514 0.45119035 -0.11329173 -0.2851325 -1.4812727 0.557068 
2.494138 -0.7657352 0.67425925 -0.4489087 0.2403795 0.1264365 -2.0792 -0.05502334 1.9057534 
0.82967496 -0.92186224 0.97264254 -1.1162841 0.9418207 -0.7983822 1.1169747 1.1083125 0.6322951 
-1.1222388 0.17790069 -2.220958 -0.057297178 0.1264026 -0.37500763 -0.30486783 0.59820276 -0.07759704 
-0.53530806 -0.60402215 0.5170342 -2.1986623 -0.79928964 0.8343871 -0.99571884 1.0881826 -0.45458257 
-0.35533485 -0.15540312 -0.28759935 -1.2907493 -0.20002939 0.9695564 -0.25526923 -1.0243856 0.4448065 
1.1006988 0.0040224516 -0.02781704 0.7215437 0.545257 -1.8352731 0.06488259 -1.8262006 0.42903113 
-1.369261 -0.5700459 1.4676753 0.42133963 0.89655215 -0.026442077 -0.4603982 1.5305446 0.16655979 
-0.5617156 1.5405496 -2.355062 -0.48780262 -0.57594943 0.06697708 -0.6225856 -0.3776679 0.68063796 
-0.01657663 -1.0309818 -0.8355727 -1.8646673 -2.9775524 -0.92859864 2.48005 -0.02723917 1.1434523 
0.897985 -1.2071583 1.1119095 -0.83304906 -1.3394964 -0.6637171 0.5933141 0.9324025 0.4079734 
1.0673819 0.09043365 -0.7686198 -1.0252805 0.6697626 0.46381062 1.1189082 -0.8141001 0.6232434 
0.22649963 -0.14049734 -0.1197548 0.08872771 -0.8554036 0.48051256 -1.1972783 1.0466151 0.6449148 
-0.77280957 -0.6629449 -0.38018033 -1.5044748 -1.9067621 0.041829947 -0.9601772 -0.075085126 1.0387291 
0.2090677 -0.9199011 -0.86850744 1.101183 0.17108448 -1.9673048 -0.20162353 -0.5693538 -0.43595186 
7.546492e-05 0.10693284 0.8570165 -0.17805648 1.6132687 2.6179008 1.091464 0.45120984 -0.94332534 
-0.97067696 1.0324131 -0.5763825 0.28975216 0.38679042 1.6152055 0.21768495 0.3376212 -0.12568706 
1.2905918 -0.23329127 0.09062343 -2.2940278 -0.817077 -1.0391395 -0.02523979 0.5697268 0.15588172 
2.330079 -2.2319548 1.0475448 0.2579222 1.0216761 1.3551204 -0.6438324 -0.9430172 -0.49630374 
-0.08947639 0.93665296 -0.7352759 0.14610809 0.9811425 -0.56486446 -0.2717657 0.1587358 0.30994716 
1.1563783 1.8427941 -1.2577902 -0.9438688 -1.2276745 0.53699857 0.35694876 1.0005289 1.2046502 
1.5437095 -0.39953172 1.0751547 -0.001483033 -0.0665629 0.32206976 1.1645706 -0.10644412 -1.5969759 
-0.14090782 0.042367414 -0.4574617 0.11923853 -0.99826956 1.4669083 1.3679289 -1.302308 -0.05219565 
-0.07978823 -1.3093113 0.16941546 0.18812631 -1.104631 -0.43866977 -2.755374 -0.68843585 1.0980297 
-0.13794044 -1.0768075 -0.6624603 0.366627 -1.6724943 -1.3724753 0.48319077 -1.5054365 -0.2007462 
-0.607678 0.36454934 -0.39679202 -0.35967463 1.3394965 -1.5430653 0.42820236 0.53021324 -0.12140168 
-0.09800758 1.1290575 1.8980339 0.44580194 -0.3632499 0.02517572 0.96125466 0.45742068 -1.7638656 
-2.4765577 0.46289262 1.0674009 -1.4134963 0.52605283 -1.0028405 0.7161959 0.93070227 0.28750846 
0.16564229 -0.04119562 -1.070973 1.8028158 0.30887777 -1.8123821 -3.143243 0.04790288 -0.58854437 
0.091043845 -0.0007918332 -1.4112501 0.61194867 0.08171818 -1.4859475 -0.5662398 0.10739855 0.9041183 
-0.40741932 0.6139401 -0.45030704 0.43784574 -0.84051627 1.7293094 0.13100645 -0.2692132 -0.9671369 
-1.8860791 -1.0038295 -1.6953238 -1.3837235 -0.28420225 0.0547772 -0.48956105 0.096615516 -0.6885756 
-0.24584675 0.8020255 -0.7234515 -0.7980592 -0.10149664 1.6830971 -1.3041624 0.037674233 -1.1903229 
-1.7367394 -1.0068293 3.259616 -0.6163766 0.5953676 -1.6675195 -0.7465997 -0.29327247 0.066674545 
1.3393254 -0.89107716 -0.5796011 -0.3901012 -2.0007906 0.8632837 -0.09540299 -0.79580253 -0.3114504 
-0.6635675 -0.85456294 1.2364305 -0.70570695 -0.58411634 -1.4701942 0.10029147 0.6775365 0.38972938 
0.58429146 -2.5517468 0.2737203 -0.06553194 -1.1023246 -1.1059686 -0.1264553 0.8893459 1.552113 
0.030816412 -1.0963193 -1.6013483 0.39397177 1.7031494 -0.584122 0.12527423 -1.0106722 -0.4137143 
-0.80511963 -2.4275076 -0.5863424 0.08632226 -2.0082853 -2.5950966 0.26568338 -1.2043061 -2.5508912 
0.3037732 0.73080045 2.096588 -1.2152059 -1.7987337 -0.35222498 0.6422042 -0.0317921 0.07725602 
-0.22639643 0.2507358 0.025812311 0.7511264 1.5072207 0.22057842 0.9972284 -0.74827856 1.4770293 
1.1277689 -0.6909373 0.41710672 -1.0265357 0.28039032 -0.3592418 0.24338636 -2.5061889 1.5289309 
-1.1236421 -0.4885831 0.12950857 -0.061810173 0.29192668 0.5712276 0.99875295 -1.1378047 -0.6392602 
-2.2880466 -1.0439814 1.0145619 -2.2265024 -0.9266429 -0.731694 -1.1456884 -0.8751226 -0.5771036 
-1.930546 -1.0334693 0.037802573 1.1290857 -2.139467 0.15566215 0.7396766 1.6241951 0.12130324 
1.6151626 -2.7903569 -1.729606 0.033841804 0.7133392 0.014332639 -0.78746915 1.861131 1.1473011 
-1.7421939 0.06458079 0.08926432 0.32529944 0.621107 -1.4719701 0.6382761 0.14226489 0.18586531 
-2.2556338 1.1959292 -0.08293014 0.41970992 0.56288433 0.1289215 -0.7930594 0.863196 0.2208068 
1.6487364 -0.5869478 2.1685176 1.7645082 -0.6998361 -1.0914049 -1.3863852 -0.7182065 -0.84645456 
-1.049162 0.822965 1.1451652 0.8178735 0.06954554 -1.5709105 -0.3521093 1.3395872 0.43589246 
0.25605717 -1.289634 -0.326968 0.9111306 0.89412165 -1.653827 -1.9266942 0.37480864 2.339058 
0.88263917 0.27698705 0.15956862 0.8188888 -0.47050446 -1.4281307 -0.46760985 1.085787 1.5646167 
-0.39626148 2.1698747 -0.15062095 0.27132306 -0.29261205 0.32092127 0.77193 0.17783532 0.42181548 
-0.9497299 -0.05402896 0.53164345 0.5156824 0.55330956 -0.45432594 0.32250723 1.030593 0.54454553 
-0.77985114 -0.8871734 1.1028186 0.30357486 0.74538285 -1.3501551 1.0630071 -0.4681391 -0.34695247 
-0.6347115 1.5177152 0.02890867 0.0010641058 -0.005508101 0.22396626 2.3579693 -2.2468355 -0.079576366 
-1.0395793 1.2179114 -1.047795 -0.23060662 0.5983929 -0.5587881 -0.5011098 0.44634435 0.6445868 
0.88329583 -0.74703234 -0.57202834 -1.26241 1.3878207 -0.31519455 0.2848987 0.23491761 -0.7667509 
-0.8590755 -0.7855422 -0.95715624 2.5951338 0.25121933 0.29953578 -0.7853542 0.13486777 1.2979041 
1.4205264 0.42911956 0.6153239 -0.53948784 0.7836601 2.5637405 0.0028843465 -0.3779208 -2.8480163 
-0.65028363 -0.5441394 -0.71462584 -1.0039587 -0.11868129 -0.36471722 -1.2554224 1.1997002 1.5927866 
1.2644469 0.72230744 0.87236893 -1.3903475 -1.1636006 -1.1775087 -0.8588849 -0.91881746 0.27415344 
0.038372714 -0.3352459 1.370534 -1.390695 -0.57358015 1.1155303 -1.0159463 2.5050752 1.0039135 
0.00691649 1.1238413 1.457495 -3.2848835 0.6346483 -0.24574532 0.09616325 -1.222366 0.5624999 
-0.5135795 0.10076525 0.07809012 -1.4037908 -2.5276399 -0.6253899 -1.2866944 -1.4492112 -1.6700667 
0.037312828 -1.5748115 1.4923708 0.88339496 0.6556905 0.026805297 -0.83784866 -1.2458574 -0.13044502 
0.6496935 0.32828683 1.1240278 0.030129945 1.8099521 -0.09543734 0.20808198 0.13402395 0.028955799 
-1.9409462 1.2463398 0.72091496 -0.27536345 0.55005056 2.159496 1.020473 0.22062293 0.4777235 
0.7119691 0.56553125 -0.9460118 1.2011429 -1.6790853 -0.66748357 -0.5496301 0.8049994 -3.2108889 
0.81087476 -0.03712739 0.31351903 0.036851373 -0.27017933 1.3911822 0.68047506 -0.1577963 0.8896039 
-0.5968933 -1.8847989 0.14361216 0.9667376 -0.59974664 -0.08214073 0.44983634 -0.4843707 -0.53090656 
0.6085246 -0.7283205 -2.1795752 0.720293 -1.1202071 -0.68078613 0.23095262 1.0974268 -0.73131096 
0.62464625 2.0992506 1.7644757 0.4381541 -1.3949039 -1.1166211 0.7557801 -0.38956755 -1.7356149 
0.027758624 -1.4872913 -0.32384798 -0.09112627 1.3448149 -1.0682967 -1.3966409 0.106508836 -0.5142179 
1.426065 -1.0399568 0.6814961 1.3596694 0.3463857 2.1726165 -0.992645 0.34018642 0.6844157 
-1.1335809 -0.21725538 0.34333867 -0.584914 -1.4108552 0.22897656 -1.4840462 -0.32721993 1.9231365 
-1.9048136 -1.8933262 2.1357882 1.17594 -0.57895464 -1.6919925 -0.015481674 -0.074093506 -1.6181117 
-1.6980017 0.7906171 0.5883872 -0.44361547 -1.6368594 0.38813218 0.99183774 -0.3856783 1.729563 
0.18009363 -0.124904886 -0.25865257 2.328494 0.119589925 -0.18026282 1.2303742 0.28072497 -0.21471573 
-0.37538683 -2.4472277 -0.8780891 1.6383085 -0.43523553 0.0155416075 0.052959107 -0.29634675 -0.16261844 
-0.69748914 0.8531418 1.6370262 0.22873446 0.58228385 -0.75706726 -2.757567 -0.83712876 1.8602124 
-0.6672422 -0.2965516 1.1484993 0.7866056 -0.7854411 0.618771 1.6787903 0.17905748 -1.1294789 
-0.40333268 0.83831614 0.45544004 -0.9253915 -1.0118375 -0.55209917 -1.6982336 0.91260415 0.38958833 
1.435945 -1.1432352 1.1350393 0.1862213 1.4814655 -0.7928465 0.60209525 -1.5400993 0.5579925 
0.014589402 -0.7863671 -0.392412 1.4146268 -1.3936284 -1.7361975 0.7448981 0.14573662 -0.65998626 
-1.0519 0.35971478 -0.35604137 -1.0660632 0.3600652 0.8490132 -0.43955487 -2.3720133 -1.610778 
0.63501304 -0.5355109 -0.4581343 -0.86651105 1.6963676 0.8952574 0.6061569 2.4844944 0.012829422 
1.1927404 1.0080794 1.8876977 -0.16023895 -0.0931834 0.44077814 -0.65688443 -0.6441739 1.5190892 
-0.52947015 1.5253092 0.4894211 1.0896856 1.789393 0.49456853 0.8535701 -0.04206199 -0.704478 
-0.29137793 -0.18334721 -0.4813375 0.30576658 0.028525915 -0.18042289 -0.11611182 0.55780405 -1.9527382 
-0.26928535 -0.53808236 0.8942462 0.4998509 1.6449679 0.11351592 1.2373347 0.8654921 0.9081628 
0.40108863 -1.204873 0.81210953 1.5506692 -1.5072491 0.7367238 0.21961726 -0.4839226 0.071295254 
-0.5616571 -0.5119795 -1.2447563 -1.4338753 0.57898223 0.028590096 1.380366 -0.07766455 1.2238425 
0.9621039 -0.6081848 -0.27447832 0.586892 1.6298583 -1.7642301 0.01620801 -0.9345593 1.4401385 
0.36403695 1.0560248 -0.34744602 -1.399963 -0.42231837 -1.35347 0.7430339 0.40881863 1.0544217 
-0.12086912 0.434845 -1.5359396 -0.3662803 -0.5003092 -1.0584097 -0.42825496 0.1921606 -0.486583 
-1.0812185 2.4753115 0.63306975 0.03323954 0.54988456 1.1023719 -1.2076674 -0.19324024 -0.7702509 
0.052216887 -0.16279106 0.290887 0.409137 -0.573123 -1.1123954 2.1104498 0.30943972 0.7397369 
0.48456207 -0.81960857 2.0082302 -1.9494865 0.3739649 -0.56234473 -0.7594253 0.41016933 -0.67319083 
1.3522553 -0.42522064 -0.18072192 -0.3471067 0.70826876 1.2987355 -1.6643505 -1.1071218 0.967139 
-1.0510231 1.477158 0.119001284 -0.06537768 -1.2183583 0.26365682 -0.33199793 1.4323469 0.67990476 
1.2821912 0.92240024 -0.23326497 -1.2850865 -0.3307787 0.05785848 -0.20023991 -0.1839057 0.15254277 
0.4580872 -1.523915 -0.7529759 0.31804556 0.4207655 1.0638508 -0.2440484 -1.4140229 -0.21996102 
1.9061937 0.6057689 -0.92918974 -0.56419224 -0.76526296 -0.6977889 1.0343587 1.0493602 1.4516103 
0.30911112 2.0159366 0.6788288 0.43634677 -0.33657458 0.7262612 -0.49097344 -0.670729 -0.1814751 
0.77032775 -0.14652191 -0.2965229 -0.26617384 1.270233 -0.6259424 -1.5088626 -0.31934944 1.4572208 
-0.98902255 -0.91589266 -1.9744638 0.19708572 0.12395217 2.4336083 -0.6154759 0.031080868 -0.05713653 
-0.10175526 -1.4574372 0.6046865 -0.11470788 -1.6030161 1.2671567 -0.73875606 -2.0259268 0.005212772 
-1.5707744 -0.35881233 -0.24621835 -0.09140651 0.9865964 0.10334643 0.4642624 0.5256118 -1.7416892 
0.7235059 1.0345788 0.55973226 -0.48516276 2.597189 -2.5579793 -0.960317 0.6561267 1.5374346 
-0.9224792 1.0596479 -0.21499923 -0.49259543 0.40631256 1.618187 0.22673899 0.067569226 -0.76743555 
0.12716931 -0.45858413 -0.040543992 -1.0168467 -0.3356174 0.74537146 0.25886086 0.4140793 -0.105261095 
0.79210025 -0.15704541 0.50806844 0.5717976 -0.007052769 1.147743 1.3551294 0.40594843 2.0170937 
-0.16371359 0.43230915 -0.52350223 -0.61411184 2.0720448 0.014941455 -0.91843367 0.72745615 -0.73991144 
-0.89777285 -0.6302439 -1.1502228 -0.27385098 -0.23974188 -2.776896 0.8396859 0.59398836 -0.27654213 
-0.1920929 -1.9676267 -0.43550894 0.8207993 2.6464648 1.8566269 -0.31948286 1.1864811 -2.6554563 
-0.39236993 0.9605139 -0.06623469 -2.6286778 -1.4432287 0.08233485 -0.22420639 -0.76597726 -0.8702268 
1.2762185 0.28274834 -0.81960535 -1.1396735 1.1217551 0.015579696 -1.861632 1.5431072 -0.15743342 
0.35052606 -2.0151746 -0.028328309 2.218476 1.2924526 -0.690285 -0.83089614 1.4069461 -1.2534992 
0.8760927 -0.6522193 -1.9047811 -0.5940523 0.1386459 0.62592274 -0.08141215 -0.05837586 -0.32716683 
-0.24095374 0.6247717 0.59131247 0.66043013 1.7428718 0.04154426 0.96325994 -0.26942047 1.5070739 
0.2864262 0.38830712 0.108885735 -0.019359456 2.1674995 0.3610447 0.2535295 0.60053086 -0.46443868 
-2.0840468 1.4992148 -0.1335571 -0.2951312 0.31179377 -1.9539148 -1.2521814 0.2946938 -1.9104103 
1.5716087 -0.78200454 1.0470806 0.97670954 0.07871321 0.59009796 -0.7439148 1.054941 -1.0314399 
-0.12623486 0.27333692 0.047489397 -0.72700465 1.7007849 0.8416705 0.020232841 0.69419783 1.0346904 
-1.205182 -1.4346915 0.75418216 -0.37340617 -2.1220694 1.6350371 -0.339447 -0.75308895 0.90067947 
0.7079785 -0.8422586 0.010680581 -1.104072 0.19826062 0.12768653 -0.7861134 1.9042375 0.08942456 
0.054380987 -0.88223106 -0.30555302 1.7102774 -1.1736159 -1.0204345 1.2293972 0.2872062 -0.34280202 
1.35301 -0.54480493 1.0532296 0.3994453 0.77787024 1.0103661 -1.2196465 1.3150363 -0.48210657 
-0.61707413 0.28404465 0.0682037 -1.1676599 -1.0094949 0.26108298 -1.1935072 -0.181227 -2.7979748 
-0.816997 -1.8529338 0.5946993 0.20677292 1.3924948 -1.4349682 -1.875696 0.37931797 -0.19734453 
0.26174372 -1.2996206 0.7489264 -1.584354 -0.45944244 -0.71649426 -1.3859706 0.62563396 0.36375326 
0.55153245 0.59959227 -0.11980737 -0.45721835 0.52275795 -0.7946047 1.2838186 1.1609749 0.47402513 
0.05250263 -1.3835276 0.24527988 0.7390771 1.1143056 0.54590374 -0.49413 -0.4193271 1.1441199 
0.54720205 -0.16545899 0.34174678 -0.67396814 0.16848345 -0.52007353 -0.5541383 1.6943986 1.5239438 
-0.35224015 -0.802394 0.30019417 1.1871247 0.30140796 1.1263827 -0.4902731 -0.032597408 -0.18072614 
0.29656422 -0.303703 1.0374172 1.3371527 -0.35682237 1.1519005 0.34749818 1.9716313 1.0737796 
-0.4258024 0.4629077 -1.8431447 -0.18490013 -1.4874738 -1.33599 0.07418986 0.93234926 1.6948894 
0.64719725 2.2309124 1.6775873 -1.8733622 0.28654766 -1.2754426 2.122222 0.3894553 1.6850016 
1.0088294 0.37551317 0.5437581 0.3370321 -0.6488112 2.034581 0.472623 -0.047169395 0.9763133 
-0.20645826 -1.1244836 0.21613878 -1.2447634 -0.57333654 1.4669212 1.977532 0.37066317 -0.5038163 
-0.5299843 -0.21434204 1.4034283 -2.1518438 -0.48755524 3.2086577 -1.5530636 0.2755457 0.4710005 
1.0708209 -0.6816134 0.1041592 0.7929698 0.012270776 -0.00059390604 0.5529628 -1.8183126 -0.08831888 
-0.08218525 0.6762768 0.4694518 -0.034404747 1.0748491 -0.7311308 -0.37651554 0.89453185 -1.1528491 
-1.3336692 -0.8082578 -0.288975 -1.5234033 -1.274786 -0.4332025 0.6141931 -0.19618846 0.7021996 
-0.6459366 -0.86009187 -1.2148738 -0.55301684 0.3440085 -1.2795565 0.1569999 -0.07771039 -0.19440083 
0.42502123 -0.89470476 -1.5107201 1.3857217 0.26751754 1.2320697 -1.9900476 0.58638537 0.93471 
1.6851598 2.3258257 -1.538783 -0.34675473 -0.08734153 -1.2260612 -0.54709417 0.4769324 -1.0291092 
0.10755825 -0.22786613 0.032998372 -0.25750765 1.3503153 0.66253495 0.23196875 -1.5591233 1.7203668 
-0.43033388 0.7822649 0.9805094 -0.2493667 -1.8157786 2.776938 -0.607554 0.19250007 0.87198323 
-0.63995385 0.13651143 -2.406497 1.1911073 0.13073747 2.253349 -1.2600482 -0.93476295 1.4906411 
0.29172543 1.2670857 0.6103152 -0.59546083 -0.30969632 -0.086557984 0.7896148 0.9445964 0.41996178 
0.81312287 0.003550114 -0.4016425 -0.8227743 1.2737788 -0.8802746 0.23764965 -0.8867038 -0.45924598 
0.0076982873 -0.33149466 -0.73361206 0.21988657 1.265055 1.7695729 -0.500593 0.6751632 -0.1672827 
-0.6568108 1.4787028 -0.19392398 0.31896758 -0.4310747 -0.694757 0.24047846 -0.19131458 -1.6124054 
1.746088 1.3561321 -1.2047621 -0.53749365 -2.6424055 1.2567936 0.46193534 1.348981 -1.0477488 
-1.1140348 -1.0691047 0.7083072 2.927378 -0.060624 -1.5391912 1.1367123 1.2805306 0.14048293 
1.9162971 1.17917 -0.85665953 1.7329643 0.68019235 0.078375384 -0.509893 -0.12232908 0.5591129 
-0.43574154 -1.1553311 -0.33297256 -0.47975057 -1.0434616 0.84535253 0.26225486 0.052658465 0.041590344 
-1.2879341 -0.2539725 0.7473285 -0.793039 -1.3835882 1.244661 0.5529655 0.13356031 -0.5251315 
-1.060204 0.077615984 0.627187 1.378045 -1.7365109 -0.61336374 -0.6815965 -0.59156847 -0.23089679 
0.08243814 0.6484549 -0.30925825 2.071529 0.67367864 -0.048160084 1.150319 -0.39129344 -0.9111424 
-0.8686449 1.3914657 1.1759366 0.012516481 0.5955491 0.1320478 -1.9299514 -0.08880722 -1.0069932 
1.9485499 1.522202 0.27437216 -0.56328017 1.1957287 0.33131984 -0.35085502 -0.8218615 0.822094 
0.7881268 -0.7136256 -0.9520375 0.24413505 -0.3192494 -0.5670111 1.143769 -1.102113 -0.303296 
-0.67003834 -0.5910053 1.7825853 -0.84914625 0.5102822 -0.4799124 1.3040183 -0.017724399 0.37364623 
0.37313902 0.35047242 -1.1546191 -0.5024546 -1.0747936 -0.44409102 0.614965 0.0122812465 -1.7356731 
0.44990972 0.5101529 -1.1690631 0.11864312 -0.10762996 0.70020586 0.59070206 0.06329195 -0.51961523 
0.6089882 -0.015054349 0.8374097 -0.2462438 0.25949195 1.8073448 -0.70479554 0.19852921 1.0059979 
0.50017035 1.1465595 -0.6319943 0.9605398 0.028385827 0.84488976 -0.40713915 -0.11638022 0.4102724 
1.0972627 0.097610295 0.46512857 -1.5981565 -0.5747025 0.9316156 -1.1657506 -1.5735586 -0.13162984 
0.043489352 -0.19955975 0.32674694 0.067941755 -1.2158072 0.7020069 -1.0290934 0.9331346 0.19985776 
-1.2188717 0.34232992 -0.8415708 -0.47182873 1.5105951 -1.8413154 -1.0397284 0.4186655 0.8705096 
-0.541537 -0.09578706 -1.2672416 1.3397051 1.3449131 -0.75177956 1.4638458 -0.16356201 0.5008612 
-1.1893967 -0.39178842 -1.0822085 1.4556559 0.37256205 -0.94847226 0.98409915 -0.18149415 1.2349001 
-0.3329948 0.6871768 -0.33086404 -0.23075001 -1.4565955 -0.8582252 -0.29541638 0.040269833 0.27091792 
-0.061265178 -0.6132251 1.2057266 -0.73714316 0.26299623 1.3574249 1.2585633 -0.7029773 0.7252116 
-1.034647 0.4028816 1.0785941 2.6394553 0.04353123 1.1009728 -0.75684476 -1.218998 -0.009652649 
0.86935073 0.100393906 -2.0773838 -0.56875426 2.5390308 -1.2291064 -0.6662316 -0.25465187 0.48425967 
0.83165735 0.84611857 0.57650816 -1.1575885 -0.3803057 1.6046264 0.4478315 0.53950995 -0.5424176 
0.5391773 0.6924913 -2.4740024 -1.0041516 0.2642855 1.0955807 0.6383312 -0.31846043 -0.08123386 
-2.482848 1.2949841 -0.87241066 0.6207814 -0.48067975 0.29926687 -0.94528675 -0.62365055 -0.08452072 
-0.40167478 -0.1074609 1.8800236 1.988079 1.6051604 -0.5942011 -1.2640622 0.01143272 1.0860898 
0.2357283 0.027879536 2.0082695 0.36299896 1.2736907 0.9295535 -0.4692451 1.2939106 -0.7383532 
-1.1070805 0.30814072 0.47100824 -0.014498336 -1.3169863 -0.8571685 0.69371736 -0.5294728 2.2876961 
0.09909978 -0.21308422 1.2690151 -0.8519023 1.2156215 0.58288616 1.0821387 0.48634377 0.378785 
-0.6370761 -0.35198906 0.5392822 -0.7890959 -0.8891392 0.33488378 -0.8704799 0.580389 0.2975407 
-1.0116295 1.4122374 -0.8928408 1.2492033 -0.65126544 0.33701798 -1.8867446 1.3191924 -0.067216806 
0.048889097 1.0159659 1.4945576 0.7812766 -0.31751552 -0.4772396 1.5426532 0.84950995 -1.9553096 
-0.15488635 -0.5195175 0.8911078 1.1131101 -1.0598912 0.39496532 2.079655 -0.09677941 -0.52084637 
-1.0746511 -0.2776006 -0.8469368 0.44734958 1.4068211 -0.960425 1.6787877 1.1047273 -0.8891285 
1.1020911 0.2285112 -0.42709485 1.3781147 0.29098666 -0.45533508 -2.2863045 1.1992698 -0.080737725 
-1.7248225 -0.14597994 -1.3700528 -1.3844993 1.7978929 -1.3932524 0.37812135 0.19004957 -0.13532683 
-1.5409224 0.37596014 0.26702258 -1.4281577 1.0506364 -1.5987152 1.437516 1.2325715 0.9261581 
-0.59071976 -0.92921627 -0.11619211 0.12512049 -0.7443922 0.96277094 0.116129376 -0.9910314 1.1135318 
1.380283 0.41881162 -1.3341576 0.06647756 0.2505797 0.57664895 -0.49524477 0.030329686 -0.28160033 
-0.3840874 -1.2575046 0.4851852 -1.2701389 -1.0823565 -0.6647993 -2.9312267 0.2664885 -2.082117 
-0.9105106 -1.2902383 -0.28710052 -0.9368039 -1.6773413 1.7433301 0.32542303 0.82481825 -0.6652652 
-0.25069454 1.0646813 -0.50860846 -1.1121876 0.46819183 -1.3343422 -0.85832417 1.1759841 -2.275555 
0.509088 -0.45061657 -1.3190376 -2.359524 -0.68659496 -0.91199964 -0.009808981 -0.70365924 -0.28189984 
-0.64480114 -0.07937716 0.57821345 0.7876915 -0.9049333 -1.5756971 -0.4202222 -1.5209159 -1.1014469 
1.3109521 -0.83983094 0.36691022 0.5142089 2.1083138 -0.6249551 0.38617492 0.21728198 -1.6539108 
0.55782914 -1.4166768 -1.1870476 0.030741094 -0.42815608 1.5246397 -0.50818706 1.4637758 0.55310637 
0.24325985 -0.8927916 0.100293025 1.2001209 -0.61561406 0.25806427 -1.1889267 0.33774185 0.25826597 
-0.57690966 -1.0176114 1.3079878 -0.41566363 -0.091576695 -0.6188317 0.19436559 -1.2653335 0.6060099 
-2.3757782 0.43622345 0.1509647 1.0628752 -0.07176086 -0.5401152 1.0871785 -0.37222788 1.1026765 
0.4413182 -0.51922387 1.0439978 0.28594854 0.01956657 0.113225035 2.1667442 -0.54700845 0.36444226 
-1.0106914 -1.341224 -0.41987485 -0.7401861 -0.025662191 -0.24670002 -1.1542042 1.0062073 -0.28002813 
1.5528857 -0.44189984 -0.28508133 -0.73557454 -1.1358619 0.1774181 -0.3493092 1.041931 0.8574995 
0.19347914 0.91016436 0.026893009 -0.9555174 0.3453675 0.62495935 0.8756431 -0.98844874 0.7400341 
0.701596 0.32424223 -0.09944219 0.060395632 0.22462697 -0.0646559 -0.19346555 -1.3912864 -0.40510288 
-2.9367106 0.23765038 -0.5923583 0.26248556 0.022189615 -0.03179916 -0.31114885 -0.07415822 1.2085428 
-0.27579364 -0.7055496 3.5603695 0.2434462 0.08671861 1.5335656 0.79002714 -0.00023614024 -0.06030988 
-2.4871907 0.4473491 -1.5672761 0.942213 -0.77348465 1.36684 -0.8726238 -1.1719381 0.7037544 
0.467737 -0.25483933 1.742674 0.91142094 1.1382213 -0.71161073 0.017875856 0.04486991 0.05068344 
-1.0949519 1.6072651 1.0989724 0.05394395 0.19636844 1.1110886 -1.3488269 0.5791722 -0.92963755 
0.1323567 1.196757 -1.0444819 1.1682519 0.23143646 -1.3545777 -1.7544291 0.40679875 0.020694716 
-0.22596008 1.0266273 -0.69472384 0.84867746 0.7155259 -0.95463735 0.56940454 -0.7837895 -0.4898707 
-0.17715088 -1.3674532 1.7632788 1.0988479 1.2207937 -2.367137 0.81639856 0.5498137 -0.24226034 
0.42943722 0.9847525 -1.8260713 0.9933126 0.71502244 -2.8776996 0.4967603 -0.34520426 -0.33245647 
0.9093729 0.39813435 -0.39625314 -0.78545076 0.53394055 1.1151706 -0.7199188 -0.86269826 1.108231 
0.17362258 -0.61626035 -1.3521776 -0.85356635 -0.8778516 0.84324193 0.8490002 -0.67306954 -0.37787965 
0.9710542 -0.20780364 -0.36142305 -0.9519276 0.5289941 0.60260427 -2.456249 -1.0623707 0.11003478 
-1.0386654 -0.675544 -0.5562454 -0.8630054 -0.66217285 7.913103e-06 0.8126686 0.02601536 0.106658235 
-0.37631068 -0.6886852 -0.21164829 -2.041346 1.1326329 0.62839776 1.6435007 0.13244255 -1.3059713 
-0.45907244 0.22576082 0.5021906 0.2776554 1.6151522 0.13424335 0.76405525 0.48411694 0.14631411 
0.049791023 -1.1201493 -1.4802154 -2.4656188 -0.5071975 0.24927513 0.51788366 -2.0752213 -0.23881654 
-0.9653712 -0.5711831 -0.9128892 0.3413851 -0.29651424 -2.063033 0.650986 -0.42383358 -0.33021048 
-0.180548 0.46285498 1.7752203 -0.17837554 0.7922989 -1.1928893 1.6893816 0.4807162 1.5535588 
0.11306491 0.64330447 -0.32939202 0.0935273 -0.16325858 2.199544 0.33709565 -1.7770733 -1.4956186 
-0.5446237 1.9234313 -0.0134597225 -0.47650355 -0.8748935 -1.4834868 -0.5722272 -2.60931 0.48639768 
-0.5880344 0.8980165 1.4651815 0.17913729 -0.8269107 -0.47907606 -0.6156992 -0.5004461 -0.28248855 
0.57042813 0.94058573 1.5592531 0.31586882 1.3444464 1.592289 -0.7355382 0.41830587 0.55027324 
0.17536491 -1.645071 -0.58730835 -0.5163769 -1.1409105 0.8515188 -0.03874947 -0.6982062 1.0544759 
-0.51648605 -2.1694632 0.13531998 1.1694455 0.46547312 0.3850007 -0.007987727 1.2781725 -1.4505254 
-1.0864729 0.9744589 -0.09551087 -0.9144238 -1.1887653 2.1036572 -0.6175913 -0.26878947 0.010833694 
-0.15046212 -1.4709227 -0.5301643 0.56765085 -0.19858682 0.33838636 1.4643363 -0.3523057 -0.78640705 
0.34781954 -0.63815886 0.49572974 -1.0272831 -0.7764301 -0.30228987 -0.6530316 0.71598434 2.0887272 
1.058341 -0.4325729 0.36515585 0.62369746 1.0195774 0.55958337 -0.2149936 -0.48917773 -0.24288271 
2.1387603 -1.1183587 -0.035964176 -0.5297463 1.1929841 1.9451717 0.3558393 -0.37696785 -0.6639864 
-0.59691006 -1.0319259 -0.73603076 1.0085186 0.81559235 -1.569445 0.33497864 0.060508903 0.76818 
-1.9174993 -0.21373278 1.4145576 0.32953456 0.4764851 -2.1734776 -0.09040704 2.1019192 -0.114075616 
0.43269542 1.464601 -0.11225941 0.09704301 2.2419677 0.26521587 1.1656494 0.15832491 -0.90211135 
-0.7263042 0.09978185 0.4654993 -0.5673872 0.015443912 0.30011135 0.6024327 0.46949136 1.0043344 
-1.3834358 -0.6512351 1.0757571 0.6165957 1.8709868 -0.13162537 1.5728705 -0.19184145 -1.8458728 
0.95572054 0.18814789 -0.40096173 -0.0024246336 0.62308884 -1.4831227 -2.268184 -1.318939 -1.2524633 
0.7726266 0.6113425 0.063486345 0.8323355 0.4219682 -1.2172569 0.03159424 1.0246329 -1.4965183 
-0.033643115 0.34122628 0.24109104 0.28536767 0.24999627 -1.7986896 -0.5894778 -1.7686323 -0.50731385 
0.22363871 -0.21213694 -0.1617483 0.7192695 -0.577462 0.92492616 1.2177566 -0.43601564 0.07582578 
1.9378422 -0.5542525 0.45464396 0.3265107 -1.0539727 -0.5983268 0.71751565 1.1608326 1.32761 
-0.035207137 -1.2192899 0.8954899 0.30475405 -0.04947857 0.69594985 -0.045110323 -0.40846527 0.563671 
-1.9983729 0.77956444 -0.44253373 0.330491 -2.0665693 2.8545375 -2.065175 -0.67778826 -1.5697311 
-1.3431183 -0.9043055 -0.9605526 -0.2832659 -0.46366933 0.2658735 1.1090424 1.8164811 0.5593612 
-0.35782504 0.72244585 0.27394724 1.752753 -0.34018078 1.5407137 -0.18348788 1.453461 0.8436916 
-0.46995682 -1.1092734 1.2119546 1.5312417 -0.1525164 0.48320836 -0.28388333 -0.22179529 0.12214742 
-1.1445304 1.861577 0.6585381 -0.05761896 0.32512718 0.35868132 0.2114874 0.019288419 -0.88641644 
-0.86568123 -0.4962975 -0.7431942 -0.4870708 -0.4709962 0.495128 0.24287875 -1.1505693 1.1527206 
0.033311605 -1.6060549 -0.80009216 0.5560481 0.27911845 -0.75187296 -0.7159349 1.5319828 0.5764452 
-0.9107742 -0.48867813 0.79962486 -0.66616744 0.19804919 0.71749306 2.1242685 0.9233011 -0.74470484 
-0.15747352 1.6173468 0.26122382 0.40595338 0.10746343 0.38225257 -0.6452773 -0.7457824 -0.34448123 
-0.30841437 -0.02017551 0.97579 -0.8205656 0.8721694 -0.506634 -0.866867 1.1233758 -1.5394319 
-0.38196766 0.04350367 0.6648084 0.36886227 -0.6141725 -0.66648215 -0.5015492 0.5767544 0.3365703 
-0.3895829 0.813362 -1.1705567 0.86282676 -0.93502593 -0.84823793 -1.3458232 0.7482754 1.745462 
-1.2123878 0.27940837 0.2185401 0.12875375 1.5323532 1.5942203 0.8846712 -1.1078696 -1.1107695 
0.6825304 -0.7559438 -2.7942119 0.72496265 0.47591865 0.23938894 -1.5773078 0.452056 2.7127104 
-0.30026203 1.6008949 0.53898984 -0.3302487 -2.0011094 -0.028480558 0.9029655 1.8412635 0.52824855 
-0.52516705 -1.7769698 -1.1347858 -1.1137098 -0.16763276 0.14906338 1.0363921 0.21038795 1.8852803 
-1.2809736 -1.0429564 -1.6021074 0.3349715 -2.6075048 -2.8968968 -1.0860422 0.5799906 1.0301613 
0.8344961 -0.8073237 0.77685136 0.9760492 -0.5356298 0.4796671 -0.09901905 -0.88764596 1.2970371 
-1.4263104 -1.2176046 0.07510847 -1.9439472 -0.40867308 1.874437 0.07494639 -0.7902464 -2.3343642 
-1.1396332 -1.266341 0.29291403 0.09918982 -0.6353618 -0.33870983 0.55313456 0.85798556 -1.3001848 
0.2871316 -0.938832 1.8122709 -0.91149676 -0.8603775 -0.3058532 0.3977311 0.037655614 0.6774018 
0.627695 -1.3597503 -0.5359299 0.10096448 0.6489184 0.38891503 -0.9694983 0.52517366 0.029562166 
0.75679713 0.9519151 -0.478959 0.48007497 -0.5977386 -0.9145153 0.64651316 -1.0812706 -1.3237253 
-1.2156409 0.1396374 0.30609334 0.4199701 0.80247474 -1.1159154 -0.3129314 0.5965561 0.71331656 
1.8219049 0.051529832 -0.5829349 -0.08948481 -0.21686243 0.242605 -1.9226177 1.0123641 0.22861353 
-0.7158256 1.0337666 -0.83242923 0.9760007 1.1688865 0.18474911 1.4357597 -1.2631575 0.5707464 
-0.25612658 0.59468645 0.8812722 -0.2038522 1.2159976 0.7472268 -2.3166277 -0.77187073 -0.8627253 
0.14706463 -0.25279126 -0.12534441 0.85505605 1.160142 1.3598225 0.985832 0.83601964 0.2704397 
0.8672894 -1.0375319 0.3821663 -0.086732015 -1.0477238 1.0338221 -0.5022661 0.8504144 -0.6861266 
0.20947213 -0.58303726 -1.3384962 0.1359951 -1.170037 1.7884052 1.1068856 -0.28049976 0.7135636 
-0.49790666 -0.88633865 0.20569667 -0.94910157 1.2660133 0.66309464 2.4673338 1.6940689 0.24427599 
-0.6764457 1.1925846 1.7773312 -2.2552 -0.08764493 2.0555267 -0.09427498 0.99300534 -0.7992029 
0.41296172 0.6258071 -0.9354455 -0.11681026 0.16150929 1.32771 0.00011041817 -1.2766591 -0.4158075 
1.3500792 -0.72419053 -1.2479758 2.1034439 0.38755473 0.09666721 -1.5801655 0.073148206 -2.4623797 
-0.38476518 -0.7637192 -0.545761 1.1706287 0.30053058 -1.6511493 -0.21828343 -0.25716805 -1.4635031 
1.3120352 -0.64507145 0.3154199 2.336402 -0.4033904 1.8089641 -1.3305931 -0.5432951 0.29185 
-0.33163467 -0.84006286 -0.5200255 -0.30145878 -0.7604004 -0.07917821 -0.112641476 0.70396656 0.5225468 
-2.207465 -0.48907113 0.6415152 -1.2311083 0.24634875 1.8558917 0.26708257 -0.1268979 -0.07508473 
-0.14775679 1.5247111 -0.14361009 0.8060839 0.14461221 -0.69910526 0.854681 0.101408914 0.6120349 
-0.6331636 -1.4258649 1.0381372 0.011475164 0.22486523 1.0809872 -1.0660081 1.5635294 1.3409885 
1.3989466 0.052825592 -0.65844685 1.8949149 1.4467058 -1.5015318 -2.450311 -0.76867896 0.15044972 
-0.00838895 -0.56802726 1.0805414 -0.88325584 0.07922908 0.10571461 -1.8961134 -0.87869304 0.28997838 
0.24858767 -1.4277877 -0.020412423 0.38240632 -1.3772546 -0.98234785 -0.261656 -0.7213119 -1.2548379 
1.9264874 -0.8317175 1.0659583 -1.8910743 0.7994944 2.2697978 0.35755536 0.83572406 0.3641497 
-0.37467927 0.67928976 -2.0758915 0.018431183 -1.3516645 1.1927595 -0.47354898 0.2763893 -1.0969251 
1.692906 -0.3126891 0.10277244 0.7706083 0.65153754 -0.050444636 -1.0163014 1.3186903 -1.2520006 
-0.8321885 0.5025426 -3.5938709 -0.984952 1.4698507 0.88335687 -0.39079827 1.0790467 0.5156415 
1.6859976 0.9229066 0.95519304 -0.3870027 2.0146039 -0.34081897 -0.34624556 -2.0522327 -0.25575104 
-0.15890463 0.9759959 0.16357148 2.0528026 1.8187772 -1.169182 -1.2841594 1.1087303 0.32185447 
0.8401882 -1.1446673 0.5051769 1.6017083 0.47930577 0.5044986 -0.8981987 0.016312974 -2.205967 
-1.6681548 -1.8099548 0.86994946 0.40891352 -0.54963773 -0.5725297 0.80325776 -1.6072773 1.0802704 
0.5090555 -0.4554929 1.2442822 -1.5649941 0.18152954 0.22077894 -1.9135509 0.48218843 -1.3230655 
1.0203385 0.45948592 -1.2876364 1.3605629 -0.13930912 1.0908269 -0.64340854 1.6207056 -0.852958 
0.48521507 -0.99262947 0.48349866 -1.9463584 0.2827756 1.468619 0.96940833 -0.48079887 -1.1942499 
0.40590048 -0.5430805 -1.0826281 -0.21126963 0.6904299 -0.9285271 -0.57679045 -0.5577221 1.4337353 
-0.16265135 -0.016482435 -1.4545822 -2.2831347 0.08117309 -0.70767796 1.7462215 -0.6419884 0.67667866 
0.7475029 -1.839288 0.57571477 0.19273686 -0.9561504 1.1605197 -0.26859552 -1.8859385 -0.2663962 
-0.61009896 0.47693762 1.1545056 -0.34325328 -1.404445 -0.923283 -0.2804846 0.12026016 0.7863072 
-1.4345975 1.0520232 1.2926497 -0.79124475 0.28253794 -1.1263975 -0.5435607 -0.32688624 0.19545212 
-0.80001205 0.7712212 1.6735219 1.1606374 1.0189013 1.3198394 1.7769777 0.033787 0.77968454 
1.4633505 -0.46089786 0.35207298 -0.5323024 1.1235033 0.70239276 -0.68077666 0.11924306 -0.5170815 
1.0994574 0.41599154 -0.34441727 -0.29719585 -0.8470006 0.9524784 -0.7508189 -1.9244056 -1.1506852 
-0.78009295 -0.39283574 1.3159007 0.5737471 -0.3457985 0.72249067 -1.6172205 0.9304856 -0.8779326 
-0.60317075 2.7986271 -2.161212 -0.13834453 -0.73336625 -2.0683131 0.22649843 -0.85535 0.30821124 
0.64128864 -0.50932586 -1.1702249 -0.8454023 0.16204433 -1.6999267 0.5783871 -0.5806653 -0.9745714 
0.5108604 -0.2153921 0.1687841 0.062241293 -1.1312592 0.20009172 -0.44767776 -0.86818653 -2.135197 
1.2544307 0.60642236 -0.5741864 0.46804532 0.6050258 0.918737 0.3691021 -0.7470307 0.033685558 
-0.390898 -0.29095745 -0.0662095 1.0038075 2.1616662 -0.06823785 -0.09483931 0.32283792 0.868096 
0.29364103 -0.90770257 -0.44601575 -1.3808012 -0.22136633 -0.62909573 1.4453211 -1.0882037 1.5702727 
1.829678 -1.4740398 0.16475843 -0.07343126 0.10660019 0.54651666 -1.2462724 0.59328336 0.48109102 
0.63259983 -1.0049732 -1.9524548 -1.3304458 -1.478168 -0.9832637 -1.1926824 -0.938048 0.62190187 
0.74965596 0.7357956 -0.31259862 1.5278393 0.20401993 -0.031243246 -0.10666222 -1.2908916 -1.2811761 
0.84640795 1.4369138 -1.3356531 -0.38001803 0.57685417 -0.2435985 0.52093714 1.4384824 1.3835976 
-0.20570338 1.2183414 -1.263827 1.5103832 0.37630638 -1.1905508 1.7160242 0.869192 -1.8303653 
0.35695896 0.7124887 0.9253854 0.13228233 -0.5672236 0.5362866 -1.0964888 -0.24084459 -0.7232317 
0.4063811 -0.59467256 0.17094082 0.60822093 1.8794954 0.661437 0.91813344 0.70995176 1.5038414 
0.58032334 -1.4459559 0.54039264 1.4912812 0.9439273 -0.43257952 -1.5486466 0.95927125 -2.7616718 
-0.38550976 0.40525925 0.94692576 -0.28850195 -0.5062694 1.4579246 -0.3108651 2.1847768 -0.46872732 
-0.3396829 -1.1710095 -0.5899356 0.09068025 -1.790394 -0.9361455 0.53857845 -0.101979256 -0.9076357 
0.725235 -0.14445306 0.1656078 -0.41285744 -0.9034554 0.36174968 -0.40012395 -1.5063696 0.58864605 
-0.5783696 1.9905441 0.1401022 0.9326076 -0.04486456 -0.44488555 -0.30987608 -0.82608336 2.2012765 
0.85145336 -1.7294012 -0.36165792 -0.7114995 -0.61135864 0.15350004 -1.0077765 1.7529645 -0.7835514 
0.4651419 0.76874644 -0.37603822 -0.008307803 0.98438746 -0.31949404 -1.0444236 0.048888184 0.28149548 
0.15923963 0.23727684 0.1868738 0.7773229 0.8992358 1.1640043 0.54586583 -2.4465756 1.4640663 
-0.49489242 -2.2751238 -0.5146173 1.0351808 1.5892438 -1.5736909 0.3811218 0.6429714 0.6328381 
0.4027541 -1.5955119 2.6899397 -0.5718942 -0.5834816 1.9538299 0.75661236 0.34594056 1.1539707 
-0.3934738 -0.04649664 -1.4295799 1.2577851 -0.73934776 0.081840605 1.3484064 0.98426026 -0.895931 
-0.6444958 -1.2343843 -2.0335696 -1.583479 -1.5283731 -1.3032852 -0.06292137 -1.6975774 -0.00070151273 
-0.44511226 -0.9492802 0.7547015 1.7441568 0.9153517 0.89054614 -1.1405813 -1.1465582 -0.43458223 
-2.1193013 0.0148595655 0.2558668 -1.8007503 -1.3761914 0.6550486 0.05049671 0.25323656 0.06283242 
-0.61339915 -0.43368632 -1.8389189 0.35110566 -2.7846222 0.023304904 -1.452303 -1.0423713 -0.51801497 
-1.6218878 0.08114065 -0.20633921 -1.93696 0.5578663 2.200936 0.20870076 -0.37093925 0.61211604 
-0.35374483 -0.6411087 0.8036157 1.4963168 0.14240916 -0.14224179 1.3643134 -1.1577023 0.21613683 
-0.9301817 -1.5700203 -0.014167576 0.6902333 0.62973344 -0.3828168 -0.715452 -0.92011434 -0.16360565 
-0.39163685 -0.07781549 0.5221797 -1.0992955 -1.2077543 -0.26485455 0.6911927 0.2653647 0.14704312 
-1.9347565 -0.051876172 -1.1853298 1.0877751 -0.24064265 2.1443205 -0.4972676 -1.1902115 -0.29907784 
-0.03848625 0.97495955 -0.8683998 2.179684 0.6102116 1.0565677 0.22553243 0.4055689 -0.2489309 
1.439151 0.4926209 -1.1254219 -0.095782205 0.5597379 0.6611038 0.5659675 -1.7106136 -0.7433494 
1.2434177 -0.25563303 0.019396268 -2.5178778 1.006032 0.5308127 -0.46442917 0.85700595 -1.3854668 
0.3091293 -0.754897 -0.06977852 -1.6388113 0.38270372 1.077873 0.48271415 0.008725752 0.8988091 
-0.28453246 0.53994864 0.12584859 -0.9352546 -1.2879748 -1.1221637 0.7345043 0.0940501 -0.3001697 
1.9985788 0.5594136 -0.8867053 -0.7241706 0.52371407 -0.28322443 0.57609564 -0.9009255 0.30719095 
0.77240765 -0.4124614 0.9212316 -0.23696917 -0.58908904 0.7630812 0.2739862 -0.02781548 1.3904362 
1.2204982 1.4123303 0.32088286 -0.78731686 0.78986424 0.31449607 -0.7609321 -0.10486164 1.8518132 
-0.6007639 -0.5559451 -0.3714973 0.25442252 -0.9747248 -0.15687603 -0.5215919 1.646601 -0.76533407 
0.4466451 -0.04256974 -1.5229613 0.42069614 -0.14686894 0.49218374 -0.5743105 -1.2245373 0.8444521 
1.4736755 -1.1988353 -0.93767715 1.1747836 -0.53575337 1.531438 -0.31781828 0.5726388 0.44213173 
0.51378566 -0.40464756 0.041299194 0.19220129 0.23373666 0.20810124 0.05666322 -0.037139356 -0.06766509 
-1.0386424 1.1501776 0.71762 -1.7113516 -0.3428708 0.41996345 0.3773953 0.38880593 0.09828016 
0.5763007 0.8685928 0.49120468 1.8083922 -2.4335532 0.10974106 1.341926 -0.86005086 -0.5720724 
0.8147666 -0.5007592 1.0806308 -0.77239466 -0.49759227 -1.4203751 -0.8491249 0.4771694 0.78139997 
-0.06472403 -0.3808275 2.1428683 1.1106776 0.12124358 -0.09520295 -2.2596385 0.16602279 0.1327445 
-0.4944437 0.954339 0.4866053 1.6014501 -0.5458759 -1.1102539 1.5250756 1.7825456 2.4873023 
-0.029227288 1.8610989 -0.16166154 -0.90402824 1.949294 -1.8910271 -1.7143048 -0.09308129 -0.054347266 
-0.8012591 0.35509625 0.3665548 0.7619538 0.70909894 -0.26073673 0.5440583 -0.51927817 0.7987885 
-0.601019 0.92260015 -1.9264647 -0.64673305 1.8531432 -0.58096176 -1.0819619 0.81323284 2.5937839 
0.3665088 0.185902 -0.96989083 1.047189 0.64415675 -1.2571065 0.454608 0.48849145 0.06633951 
0.19064762 0.096806295 -1.6413534 -1.1155101 1.0320879 -0.6316457 0.48041135 -0.2827476 -1.3986464 
0.51573277 -1.5888948 -0.018894998 -0.42605388 0.895973 -0.5178213 1.8439194 -0.5482428 0.7233774 
1.3708555 0.022609986 0.2687034 1.0512736 1.2533516 0.12616254 0.07854088 -0.57284003 -1.3727374 
0.8949601 1.426545 -0.59930795 0.3924738 0.80588806 -1.1426332 0.7349746 0.6773867 1.2339141 
-0.6573606 -0.70817655 0.29209173 1.9308825 -0.09763945 0.48314315 -0.90701056 0.52444607 1.5460631 
1.2417107 0.21853156 -0.36579219 1.6957742 -0.8980171 0.6551955 0.51099586 1.6035501 1.620177 
-0.67341524 -0.045648955 -0.19676027 0.26835987 1.3387808 -0.3958267 -0.002619942 0.42949316 -0.24038917 
-1.2998861 3.485873 1.6901852 -0.161728 0.5107811 0.91920364 -0.6445768 0.8136308 -1.0340575 
0.11702533 1.6642386 -0.5332209 1.3950728 -1.9532473 0.61132574 -0.36578524 -0.96994466 -2.5132914 
1.8863666 -0.8278308 0.7138152 -0.56038105 0.16083206 0.13345057 -0.7370145 0.47503647 -1.6907817 
0.19102173 -0.27368993 0.17335072 -0.053838044 -2.2693605 -0.41960257 0.047480594 0.8859975 1.9837912 
0.26452208 1.1898516 -0.032779228 -0.9135515 -0.91605943 -0.9530681 0.41362634 -0.16928783 1.8454071 
-1.168517 -0.33441788 -1.3440247 0.91567713 -1.1835464 -0.53342265 0.27068263 0.975449 1.0693454 
0.8999035 0.1981411 -1.3639146 0.21961512 -0.10703283 -0.5120952 -0.9214386 0.5366338 -0.95340407 
0.34160295 0.14098245 -1.615732 1.1123513 -1.2147622 1.1830409 0.015122119 0.7518864 -0.900693 
-1.0420606 0.47410566 -1.3720533 -0.98743653 0.14822195 0.105766825 0.2753529 0.4069397 -0.21466284 
-0.110794 0.3815192 0.61738664 -1.9714043 0.029198326 -0.29799977 -0.1687831 0.48296756 0.9387803 
1.7646524 -0.08195584 0.43729606 0.6467002 0.06379514 -1.9791547 1.2372372 -0.60706425 -0.63738996 
0.6929909 -0.1686948 -0.30921513 0.5088108 -0.3212055 2.4148164 -0.57761323 0.7778508 -0.44119102 
-0.64409167 1.1620528 0.9532235 -0.39055288 -0.9580532 -0.4930821 1.0615087 0.30381757 -0.4648441 
-0.4166558 -0.18541238 0.76719534 -0.20535176 -0.8037425 -0.85725 0.054620054 0.39813328 -0.8893267 
0.60107404 0.53352225 -0.11865049 -0.45002648 -0.06273716 -0.90406734 -0.68114287 1.0612884 0.8618219 
-0.4018334 2.1331935 1.1570785 -0.7778941 -0.63590133 0.30411363 0.24256012 0.18626228 -0.55625045 
-1.147781 1.5885023 1.9229828 -0.26856095 -0.79926676 -0.4834025 -0.51576215 0.37345195 0.30733702 
1.9541723 0.53470206 0.3225079 -0.16671854 -1.202215 -1.9751323 -0.105130464 -0.52319974 0.91109633 
-1.3626175 -0.4197572 0.4539673 0.35659507 -0.5516274 0.5361481 0.942131 -1.5253786 1.8539877 
0.37758026 0.09454226 -0.6481952 -0.77260345 -0.85633993 1.0404038 0.2828193 -0.121147014 -1.3371521 
-0.11508217 0.12139897 -0.83490473 -0.6361968 -0.25637296 -0.1942534 -1.6717117 -0.53823066 -1.4076142 
0.34551427 0.90310764 -1.165361 0.84064204 -0.9912838 0.48872194 0.43178692 -1.4230613 1.4251177 
0.30972558 0.19865227 0.1749323 -0.8054088 -0.38616276 0.40476766 -1.1614811 -1.055097 0.2706118 
0.6021767 -0.9518885 -1.1183596 -1.2325405 -2.0641022 1.347634 0.7024224 0.72747487 0.36147934 
0.24988435 -0.7505367 3.0847993 1.1673301 -0.20332208 0.5656244 -1.1387823 -1.5134271 -0.1500634 
0.5097914 -0.64113504 -1.5099998 -0.32896456 2.1872969 0.28012717 -1.0515498 -1.5995761 -1.112041 
0.607424 0.029125167 0.23028609 -0.878067 0.18965027 1.8310505 0.1601072 -0.40953314 -2.3091435 
-0.21773343 -1.073711 2.2058983 -2.5100555 -0.30818334 0.59614515 0.9774917 0.09058841 -2.2128832 
1.1043986 1.0588119 -1.4746118 1.9308846 1.5593132 0.8089974 -0.27551553 -0.82545954 -0.9499908 
-0.35001612 -0.3280999 -1.010335 0.016546272 -1.1376122 1.4547789 0.5194859 2.0021963 0.88078433 
1.7184088 0.22261418 1.4295627 0.35966957 1.6420684 0.20552076 0.73669624 0.80096513 -0.6070964 
-0.70862097 -1.0109355 -0.24372669 0.89482147 -2.9395406 0.777346 -0.8966422 0.7202105 -0.44175863 
-0.21012598 1.186996 0.397521 0.6760517 1.1097025 0.25977516 0.0577163 0.09385041 1.4816693 
-0.13930681 -0.77935183 -1.0190266 1.2762562 0.77987957 0.38664165 2.1417544 0.5718883 -1.8044201 
-0.5045792 -0.09893146 -0.66218746 0.90964895 0.31212625 -1.2511183 0.18037596 1.1677204 -0.75553197 
0.22242793 -0.68526536 0.46372557 0.10379562 -0.37154323 -0.39645544 1.4773315 2.085482 1.3708051 
1.8114142 -0.2787613 -0.31268725 0.4308387 -0.98539984 0.83925426 0.051922265 0.23787975 0.9153186 
2.1511412 1.3936489 1.4339665 0.9920127 -0.54458654 -0.35314792 -0.25121018 0.5389585 0.22333477 
-0.808347 0.21530077 1.319297 0.75164497 -1.131546 0.32167244 -2.0087054 -0.60042197 -0.3647494 
1.4696493 -0.43426466 0.001117778 1.4645065 1.3631524 -1.0363462 0.599147 -0.31041044 0.858368 
-0.7037538 -0.9422594 1.4830116 -0.06794758 1.2362236 -1.3182217 0.21287431 0.32027993 0.4323116 
-0.08275857 -0.08759018 0.6566952 0.78457475 -0.41795516 -1.3031967 0.30433816 0.17276576 -0.10037374 
-1.4997914 0.6406785 -0.120439224 1.5053698 -0.30873948 -0.7311358 0.7127163 -0.50854445 -0.62908804 
0.29916763 -1.6340036 0.5674967 -0.28424454 -1.3516322 -0.63762265 2.3623018 1.6346475 0.5660251 
1.2716631 -1.111708 0.5390619 0.93252057 1.5604409 0.14990307 -0.46226525 -0.24319994 -0.39227456 
-1.0242053 0.57868177 0.15976942 -0.3262543 -0.62658054 -0.701974 0.22492567 0.08599804 0.40256813 
0.2509416 0.8528874 0.31716532 0.24242932 -0.06656286 -0.2952142 1.3773496 -0.12510361 -0.30358526 
-1.4883482 -0.58274335 0.86296195 -1.334588 1.030388 -0.11192386 0.4099958 -0.054363266 -0.7903687 
1.3885453 0.1345137 1.2387768 -0.4085166 0.203465 0.7315738 0.01538458 0.8462306 -0.79267734 
1.3879179 1.2030839 1.5482118 -0.91733944 -0.28970888 -1.6394292 0.7897385 -0.94364053 -0.8639109 
-0.4011493 -0.7895801 0.58015317 -0.9585671 0.39165756 -0.47184327 -1.7453636 -1.0747528 0.80047756 
-1.2162832 0.23992561 0.14633925 1.2978232 -2.6047401 -0.6004062 1.0803127 2.4932756 -0.6324805 
0.78133214 0.85387784 0.61011374 -0.08059411 -0.37590122 -2.0221539 0.64929116 -2.40823 -0.50605786 
-0.3582341 -1.4725561 -1.4075762 1.1525624 1.4358596 -1.0768446 -0.2596785 -0.11491701 1.0548576 
-0.112797834 -0.3444027 -1.6460977 -0.510623 -1.0035856 -0.86232704 -0.39244586 -1.4779425 0.93490607 
1.2769262 -0.2740619 -1.8841901 1.0067325 -0.67344356 0.7572958 0.3828195 -0.26494077 -0.63718027 
1.2525928 -1.2003697 0.9088201 -0.5381906 -1.2932591 0.4171912 -0.37640125 1.2561562 -0.14469476 
2.252822 0.41366115 -1.1379961 -0.64254755 0.98383844 -0.47520933 -0.82221055 0.56142473 -1.3349777 
-0.11835358 -0.6973973 0.9885426 -0.2851097 -1.6848806 0.70554435 -0.035708006 1.5422019 -1.0375074 
-0.783898 1.8682768 0.048870113 0.6647419 -0.106819525 -0.32750115 -1.8812718 -0.9903598 -0.32270065 
1.1999022 1.4824399 0.67720824 -1.2356077 -0.8295323 -0.1815019 0.123360395 -0.5802096 0.36827257 
-1.0149374 -1.7116002 2.0469341 -0.6677457 -0.15538877 -0.22505495 1.3044428 -0.8257266 0.053640693 
-1.9723837 -0.1826095 1.2231977 -0.09566803 0.66333777 1.4827958 -0.54016054 -0.18071955 -0.26871222 
-1.0592811 0.050505754 1.0378999 -0.67614204 -0.3406753 -0.36936507 0.23090237 1.4944992 -0.07425479 
0.50525606 -1.5652868 0.4067909 0.14789067 -1.5651977 -0.215663 1.7090573 0.87258637 0.49557704 
-1.1417406 -0.1266148 -0.44326743 0.06296384 0.047561668 1.5277625 0.82314265 1.0554426 0.58856654 
0.16755612 -0.22582121 1.5575695 2.724027 0.14443368 -0.2981679 1.6002241 0.020453762 -0.6528886 
0.78514296 -0.5429218 0.25294867 0.7367742 2.14601 -0.67892605 -0.5342756 2.0972412 0.40913326 
-1.415391 -0.19099042 -0.2112257 -0.03801433 -0.9269241 -0.29989183 -0.80879897 -0.40338913 1.6497886 
-0.71256846 0.56361127 0.048724607 0.7363316 -0.3402264 -1.1147795 0.9050663 0.7909417 -0.22297412 
1.0409 1.1442857 0.8484715 0.4708332 -0.39667213 1.4711903 0.33671698 -0.060003553 0.1135336 
-1.350413 -0.5647159 0.83502764 0.59334064 2.3140757 -2.2844775 0.53660536 0.49644065 0.47710365 
-0.43295878 1.0666212 1.5587101 0.19581331 -0.007215323 0.24151301 0.5524888 0.5905789 0.28513446 
1.1339859 -0.11378774 0.71895653 0.34461376 -0.3106037 -1.8049787 0.44509187 -1.4337301 -0.42293507 
-0.040613256 1.0562977 -0.35019478 0.55162215 -0.9593274 -0.8541332 0.8297152 0.109240875 -1.5776654 
1.2663195 -0.3706988 -0.83725977 0.90684426 0.43627733 0.64528906 -0.6421438 0.1306841 -0.18605673 
-0.9921423 1.8044876 -0.34160957 -0.34917974 0.051539324 0.4031284 0.6180889 -2.1549876 -1.4651914 
-0.66718465 1.5835153 -1.3272531 0.2739424 -0.049217414 0.17807044 -0.19669798 -0.29613698 0.711273 
-1.1086818 0.4456193 0.6695436 -1.1055493 -0.107529186 -0.82113296 0.022929853 0.22044107 0.7809547 
0.630191 1.4231122 0.09173905 0.84387463 -0.08892372 -1.0840352 0.6054242 -0.53571326 0.55051494 
1.2640638 0.22159846 0.8066222 0.24508913 1.9970902 -0.5075979 -0.3196477 -1.4893911 -2.6872647 
-0.18318748 -0.24735391 -0.77658564 -0.060008038 -0.73000187 -0.34841383 -0.26440984 -1.8366476 0.75500655 
-0.5804577 0.012851014 -1.2911358 0.3956223 0.5876515 -0.6548322 1.5289544 0.6909885 -1.6039786 
-0.7297702 -2.9193785 -0.55197906 1.2664751 0.18490955 -1.0739001 -1.4051656 0.14027138 -0.015447519 
-0.90007776 0.78238213 2.6492538 0.24927044 -0.76963526 -0.118118145 0.8142245 -0.70786566 -1.8022219 
-0.9628938 1.3020447 -0.668697 0.16711548 -0.8853228 -0.17760925 1.9026824 -0.2446573 1.0560541 
0.11977655 -0.83669484 0.2205959 -0.100242555 -0.60540617 0.10591472 0.6012803 -1.2373662 -1.3594663 
3.0520535 0.07657079 1.5826173 1.0121742 0.5563881 1.5501742 -0.05610481 0.6879096 0.8010493 
-0.008640915 0.72103345 -0.67299217 -0.18711656 -1.0832537 -0.4791572 -0.3977138 0.57311153 0.18936907 
0.32477954 1.0594748 -1.6650659 0.1500252 -0.47953203 1.3492463 1.5259494 0.794155 0.35758567 
1.5178902 -1.0731051 -0.6860552 -2.1903877 -0.037326258 0.29910982 -0.14999773 -0.65777296 -1.1803447 
-0.32883114 0.26099268 0.77803296 -2.107027 -0.6898822 -0.25478694 0.31546277 0.38624248 -1.4892486 
-0.7567552 -2.1338692 0.3362646 -0.8136122 -0.31668776 0.65584475 -1.1503372 -1.4039615 -0.5007587 
0.81783706 0.5092917 0.67016315 0.09376789 -0.7079422 1.7292187 0.48719046 1.6317345 1.141256 
-0.3236764 0.68158937 -0.28018352 -0.56097203 0.15448666 0.52527076 -0.15872069 0.15867898 -1.2460688 
-0.8375166 -0.73557305 1.0568361 0.5339037 -0.48729768 0.26165837 1.796713 0.93070227 0.7934364 
-0.49147868 -0.7749098 0.84321904 -0.9032601 0.24061067 0.2806021 1.3253819 -1.6100911 0.08130247 
-1.2117761 -0.11275942 -0.63590986 1.6422559 -0.28376243 0.6460804 0.91886497 1.3628225 0.9147382 
0.24570318 -2.0926301 -0.33138803 0.88140434 0.061165575 1.1534848 -0.47643024 0.59755105 -0.74237716 
-0.84192497 -0.6863287 -1.129612 0.14393087 -0.6900554 -0.5815607 -0.30223462 -0.33146873 -1.4300051 
0.73410666 -0.15686768 -0.027348436 0.5763655 0.65217215 0.4969694 -0.85191816 -1.2529442 0.77020895 
0.87190866 -1.0487828 -1.8480524 -1.9696337 -0.8114349 -0.15363377 -0.6617078 -0.43968073 -0.6559588 
0.9501205 -0.85011744 -0.13022846 -0.43955562 0.9439559 -1.989937 0.17865957 0.8411879 0.8828875 
0.88264835 -0.17880148 -0.25462037 -0.26423222 1.8741989 -0.43171722 -1.0373217 0.50937855 0.68400925 
-0.6633066 1.8253721 -0.50168955 -0.63310665 -0.20018755 -0.008929607 -0.039720517 0.55152214 -0.12844592 
0.015773391 2.1486065 -0.19956914 0.4961483 1.5212582 -1.5085224 0.2767753 1.1183342 0.28499657 
0.7786975 -0.014280917 0.93749315 -0.6632831 -0.9741018 2.0424256 0.53493774 0.15195225 -1.1075205 
-0.33273768 -0.7640839 1.0823516 0.38527367 0.32625347 0.13010931 0.6447981 0.34549177 0.24912398 
0.049016144 1.3227919 -0.15010293 0.9261943 -0.057936188 -0.705376 -0.08362252 0.48874786 0.4194899 
-0.055575516 -1.5539805 1.0625478 -0.19845095 0.030381497 -0.19051167 0.7975148 -0.09571016 0.67143077 
-1.8009812 -0.41240236 -1.2593329 -0.23350956 -1.5394435 -2.0146077 -0.7250346 -0.66281176 0.7807848 
-0.7000995 -0.5846348 -0.31267405 -0.2919445 0.8274152 0.17980155 0.27160427 0.28462702 -0.1506788 
1.0284116 0.66907734 -1.9239424 -0.03913206 0.08922399 0.35222694 -0.497862 0.33786455 0.62969404 
2.4480882 1.7771312 -3.660969 1.4059385 -0.092997044 -1.2887913 0.9206378 -0.4061311 -0.452056 
0.36919948 1.2545416 -0.061425332 1.1836228 -0.39220828 -0.71796006 0.67865336 -0.40361032 -0.08130277 
-0.20803869 -0.2418609 -1.6153784 1.1813028 -0.27059135 -0.36827785 1.0125985 0.479552 1.4641703 
-1.3320915 -0.6827462 -0.4080979 -1.2882615 1.0256817 -0.20435002 0.7466969 0.9677058 0.1939901 
0.3551613 1.2653548 -1.1226349 0.5711114 -0.55854106 -0.11977516 -1.0908812 -1.6272627 -1.67296 
-0.475435 0.36718893 -0.5808783 -0.18538782 -1.3997645 -1.9357635 -1.2422909 0.13940504 -2.164144 
-0.46113297 -0.17486411 -0.4558508 0.22508538 0.26740578 0.6105971 0.3889107 1.7181014 0.34198457 
-1.5167826 -0.18152316 -0.37990463 -1.2131194 1.377059 -1.0945975 0.35977942 1.0385041 -1.0018108 
0.21045552 0.25720832 -0.28175583 0.38518795 1.0671285 -1.3277909 -0.23778807 0.95220166 1.9471995 
-0.4024565 -1.536724 0.8674652 1.9160814 -0.93682665 -0.4013408 -0.78873056 -0.113732725 0.4435217 
1.2516726 0.2109176 1.5587958 1.0742139 1.1002765 -0.6974976 -1.5131475 0.85107183 -1.4411211 
0.8223484 1.8559477 -0.45189515 0.9035439 0.037571415 -0.3205868 0.50506014 -0.6945235 1.3465135 
1.2577633 -0.710845 -0.5917672 -0.23768 -1.3144494 0.33508664 0.35254207 -0.55786663 0.41059372 
0.66085595 1.1032207 0.025438903 0.02312961 1.8445911 -1.2570962 0.84040576 0.8512948 -0.3028766 
0.44411546 -0.117924534 0.14387025 1.3735161 -0.10867515 -0.4883979 -0.21119969 -1.3344989 0.8419864 
0.5061084 -0.17148794 0.6836126 0.4406354 -0.4233703 0.94894797 -0.4278231 -0.8090055 0.3009512 
-0.07782816 -1.4287561 -0.8675842 -0.08677332 0.2003692 -0.9550101 -0.33372444 -0.21037866 -0.48835814 
0.58738565 0.0018989004 1.1699113 0.81366146 -0.53058964 0.99634004 -1.1106998 -0.4043144 -0.97178775 
-0.21036592 0.09003033 0.72726846 -1.7739478 0.22771242 0.8807612 1.4306474 -2.3703163 -0.48678592 
-0.6182585 1.5093155 0.40574175 0.21954405 1.2555413 0.36933643 1.3553214 1.4395244 0.2287984 
1.754549 -1.2283072 -0.43515462 -1.0591668 -0.18746038 -1.0379143 -0.3383071 0.7742653 -1.7204928 
-0.8576038 -0.55990535 -0.13539797 -1.0047557 0.72542495 -0.20487535 -2.1564093 0.58821225 2.2281995 
0.19221948 0.12787957 0.6586731 0.33583033 -0.7668577 -1.0612415 0.24599993 -1.5911913 -0.31192255 
0.7282028 3.3247647 -0.51512676 0.052798204 -0.1744258 -0.044835493 -0.93965745 -1.3224186 -1.6258692 
0.1337373 -0.0051329895 1.1937327 0.42211726 1.1986547 2.1077049 1.7588702 -0.38625574 -0.79343224 
0.20325759 0.5916172 -1.0180029 -0.7864297 1.0166028 -0.6808959 0.5984279 -0.93410444 0.30715388 
-0.26763776 -0.8531538 -0.22647847 -0.8200889 0.011841055 0.24717999 -2.17289 -1.2262493 -0.11348246 
1.9571925 0.91015893 0.8008478 0.072114035 -0.5226312 0.46657085 -0.95074904 0.29408184 -0.33589938 
-0.55469936 0.22520223 0.33369756 -0.9515803 -0.17093223 0.5802442 -0.22851606 1.4983118 -0.812187 
1.097286 0.95261395 1.5805056 1.3572131 -1.2290642 1.0843428 -1.9027314 0.17734823 -0.9611585 
1.7815527 -0.77440524 1.0649004 0.10764429 -1.3929254 1.7101915 0.3940203 0.06824131 1.0816036 
1.0615487 0.6763381 1.1257175 0.31891066 -0.34704688 1.0527377 -0.9025072 0.6635166 1.3831193 
0.818976 1.0517982 -0.47542268 2.025014 -0.13784248 -0.07625317 0.8386484 -0.35944796 0.053858 
-1.0667472 -1.3809203 -0.011030317 0.28764558 -0.44157407 1.2089605 -0.6730956 -2.5301073 0.062114477 
-0.048191052 0.85329735 -0.33322895 -0.16057608 0.2886524 1.0977907 -0.7142342 -0.85039747 -0.4190297 
1.0393686 -0.094811544 3.5965679 2.039099 1.0587436 0.16629313 0.42594093 -0.51240385 0.88246906 
0.41183147 -0.33232504 0.119746506 -0.23811164 -0.72463363 1.6900616 0.28031695 0.41751033 0.25116557 
0.84457195 0.72771925 -1.7083508 -1.5957385 -0.91118217 0.3458267 -0.8784636 0.4361169 0.17668311 
1.9561824 -0.0028541626 0.86631495 1.3435955 -0.5918409 -0.71203774 -1.4954334 0.30217785 0.74115205 
0.4528828 -0.6694 -0.394166 -0.96466976 0.058379047 -0.31065997 -2.5004797 1.0984992 0.22948767 
-0.49208367 0.70527744 0.38035646 -0.7086208 -0.07387492 -0.33333343 -0.8756181 1.6737351 0.69433206 
-0.93778145 1.1940075 -2.1680496 -0.33108452 1.0104824 1.0011668 -0.5881753 1.6795932 -0.62737966 
-1.5043893 -2.0568416 -1.0771556 -0.67516327 1.112474 0.13702527 -1.4213718 0.99228936 0.6577679 
0.5520641 0.45631224 0.21602833 1.2368137 1.0821145 -0.61875254 -0.863476 0.21662423 0.7724629 
1.3068331 -0.12020663 -0.5398671 0.04857208 1.1558186 -0.48379424 0.23266727 2.2101798 -0.29098114 
0.43119562 -1.8004909 -0.6221136 -0.60446674 -1.5217466 0.90003514 -0.56421304 -0.33906457 -0.323392 
-0.18323986 1.1424017 0.6189847 -0.13936587 -0.21359375 1.550335 0.30723622 -0.32597157 -2.2476487 
-1.2019416 0.2753894 -2.028277 1.6767249 0.6723606 -1.4506387 -2.1492138 -0.47079775 -0.3976742 
-1.4173383 0.24018982 -2.2877567 -0.87977326 0.25539854 1.8135735 -0.8352048 0.27350375 0.8093887 
-1.8564281 -1.2408756 -1.3696272 1.3455541 -0.56847984 1.4808528 -0.4753348 -0.92916375 -1.4277987 
-0.080294155 1.4443643 1.0412544 -0.15339395 -2.1542242 -0.1571065 -0.4900424 -0.021191908 0.65259427 
0.34140423 -0.008409589 -1.7141206 2.152712 0.45236787 0.39230824 2.2681184 1.2934247 0.8065817 
0.3054948 -1.0804384 0.04976457 -0.65365005 -0.04974644 0.7613796 -0.87553984 -0.7188067 0.8949166 
-0.39557493 -1.8128294 0.80488324 -1.8593849 -0.5142658 -1.2218243 -1.7320201 0.11111691 -1.2321724 
0.6702512 0.75992924 -0.36107698 0.25637656 1.2004576 0.2551386 -0.03938601 -0.8279648 -0.000633277 
2.047502 0.99009204 0.2950066 -0.3549491 -0.87905705 0.36046055 -0.3309472 0.4963873 -1.2055912 
-0.28713036 0.3011896 -0.9239613 -0.6419374 0.8918679 0.21603292 -0.25000188 -1.3187385 0.118152 
-0.5886792 1.3428866 0.18909298 -0.4966674 -0.36655936 0.22572416 0.30363214 0.47549477 -0.51961344 
0.95695806 0.6179056 0.057764005 -1.4705523 -0.9160833 0.12653233 -0.07987496 -0.5172803 -1.8078666 
-0.08815224 -0.30494958 -0.289069 -0.3804425 0.39943287 0.43187577 0.29332057 -0.24081156 0.41992712 
-0.9252588 0.14566849 -1.0602435 0.3554189 0.7687115 -0.007105812 -1.5122403 -0.11907324 0.73661315 
0.37251872 1.2272018 -0.8698534 -0.1189079 -0.9065616 -0.31396088 0.031941384 1.5603125 0.009040002 
1.0233761 1.3887365 -0.64145386 0.41765615 -0.9403944 0.31770518 -1.4086449 -0.83184093 0.17559154 
-1.3325361 -2.0542212 -1.0378041 0.19136198 0.027357742 0.49837717 1.434539 -1.7735133 -0.7524666 
-0.4034585 -0.56255525 -0.33765605 -0.25132084 0.89480656 0.12780751 0.23956737 -1.2278388 -2.2697468 
-0.2533577 -1.8033845 0.8899115 -2.3659348 0.5984307 1.587281 -0.3115594 0.41901585 -0.50697064 
0.6671966 -0.13005832 -0.7428904 0.47969106 0.8419005 -0.026251392 -1.364102 0.15539059 0.2626234 
0.3198365 0.6101909 0.022492984 0.61912185 0.772448 0.24153914 -0.44370118 -1.2180799 -0.5791451 
-0.702084 0.15763022 0.09837255 -0.8456941 -1.1202416 0.40011442 -0.8715969 0.8867562 0.51972365 
-1.1221019 -0.03242465 -0.39665067 -1.5039217 -1.4937711 -0.79603803 -1.1229085 1.1271929 -0.2263084 
-0.8093622 -0.3697708 -0.56916934 -0.16651481 -0.6342588 -0.15953244 -0.3823846 -1.4051574 -1.8333409 
-0.12427359 -1.6681635 -0.18496576 -1.3954428 -0.76014775 0.5893954 -0.02908259 0.52085406 0.11862166 
-0.027805505 0.463961 0.70132595 -0.50381976 0.35784084 0.29824522 -0.8241783 0.4418961 -0.6441337 
1.5917773 1.8046291 0.4544041 -0.15514016 -1.1363487 2.300362 -0.90403104 2.0619056 -1.6621863 
0.32381296 0.19162995 -0.30524263 0.36733496 1.6521034 -1.8966886 1.5447866 0.38440204 -0.77670074 
-0.22531839 0.044730082 1.5498972 0.5468772 0.55005854 -1.2225293 -0.25856858 0.32064372 0.99745107 
-1.3432395 1.4051408 1.3382881 0.1290443 0.53619486 -2.6262827 -0.42078978 -0.79799426 1.7833815 
0.1895046 0.3997873 -0.55453897 -0.4546037 -0.016729109 -0.2294942 1.0541481 -1.2715492 -0.725092 
0.032380864 -1.6973432 1.7505203 0.47689492 0.4841253 1.0267569 -1.2125489 0.05090005 0.7639741 
0.80776995 0.48576337 -1.0373402 0.9767275 1.6353606 -0.7352844 -0.33916393 0.19205286 -1.140843 
0.45217612 -1.0402209 -1.2829224 -0.42748114 0.3303045 -0.55240655 0.9891391 1.4360201 0.4071965 
-0.7107548 0.4927441 -2.1491172 1.4156538 -2.4410138 -0.08561265 -0.73325145 -0.12322648 1.6602021 
-1.8903271 -0.868577 -2.1566753 -0.92536366 1.324059 0.9660462 -0.03190639 1.0030195 -1.248681 
-0.048927236 -0.8810111 -0.35463405 1.2604228 -0.510461 -0.21859248 -0.2546004 -0.5878027 -0.76764345 
0.3899311 -0.17871258 -0.38524863 0.9681559 0.65876436 0.8678195 1.0217814 -0.9634562 0.6089147 
-1.3306764 0.41973096 -0.31734282 0.266837 -3.0371373 -1.13742 0.7020924 1.25946 -1.186572 
1.3629149 2.0937226 -0.8144668 -0.691753 -0.5938349 1.6481478 -0.41956663 0.009828994 -0.656521 
-0.91408217 -0.75163925 -1.5044994 -0.3680611 1.6596769 -0.960854 -0.13211112 -0.2334143 2.144064 
-1.3446181 -0.8167047 -0.34069678 0.6043815 -1.2279885 -0.631723 0.49060798 -0.28083795 0.8308443 
1.1911411 -0.23070018 -0.45941108 -0.4067281 0.5619488 -0.0012626617 -0.09016102 0.4128801 0.3038788 
-1.1787353 0.32263237 -0.8411023 1.6751671 1.4796052 0.4082142 0.25257516 -0.48907867 0.3563441 
0.11788659 -0.27974102 1.3241477 1.5413686 0.40108144 -0.38376236 0.1816668 -1.2442033 -1.1769545 
0.47628698 -0.96205205 0.82423675 0.22685066 0.5730514 1.0593394 0.0551943 0.33772194 -1.4781022 
1.5524813 -0.75048584 -0.23754445 0.7287628 -0.10131871 -0.3559074 0.7849459 -1.1952889 -0.008152793 
0.64945716 1.7140542 0.062100455 -0.6498937 0.5109152 -1.3439302 -0.13033722 -2.0606396 0.18900514 
-1.8433995 0.8018908 -0.5090986 -0.2117835 -1.4028019 0.049007032 0.30043447 0.4650248 0.4390115 
-0.6791079 0.39030358 -0.72026795 -0.73253417 -0.5506607 -0.22161758 1.2277222 -1.396351 2.0214758 
3.5928736 -1.6043452 0.66506356 0.17545532 0.7571879 -0.6272962 -0.11566971 1.7045838 -0.7941701 
0.84555393 -0.6438312 0.23269565 -0.17415328 -0.17390734 0.34738386 -1.4358684 0.32168162 2.040697 
0.34216502 -0.41620103 -0.6459124 -0.5742673 -0.38769212 -0.9343665 0.011485737 1.0665283 -0.19775544 
-2.1231625 0.25151265 0.3279127 0.44214046 1.0438702 -1.4587806 -1.163534 -0.43166757 -0.8247348 
0.60481554 -0.19116291 1.4299589 0.13692358 0.87962973 -0.78281194 0.09911253 -1.562184 -0.5183463 
-0.7259569 0.040114693 -1.1107272 0.33730954 0.49087882 -0.030859483 -0.9848057 1.0035187 0.2801867 
-0.46734503 0.8761487 2.5364583 -0.45754454 1.2798004 0.41073254 -0.1422853 0.32445452 1.1035973 
0.278588 1.8837742 -0.17305382 -0.10123024 -0.055543408 1.9695038 -0.40648413 -0.7274959 -1.0484014 
1.658156 0.7108015 -0.40904537 1.9975396 -1.3156834 -0.49591458 1.4248574 -1.2656921 0.26732126 
1.6284306 -0.38145813 0.80847377 0.27167347 -1.5427992 -0.8356677 0.5594737 1.3290721 -0.87369394 
0.78751326 1.8124895 2.034712 0.49035075 -0.0181118 0.7477038 0.11862084 -0.35563418 0.05649975 
0.06071093 0.7642882 -1.3336893 0.36816537 -2.670745 -0.7103045 1.8154541 1.8404005 1.2401907 
0.6750714 1.3840348 0.8358442 -1.5325575 -1.7430558 -0.19957164 -0.023039095 -0.6917301 -0.3742636 
-0.001160988 -1.0388637 1.766495 0.039676774 -0.1862043 -0.7084104 1.060532 -0.7083515 -0.3941579 
2.2499099 -0.4127303 -0.58111876 -2.5577137 -0.69401497 0.4792064 -0.117393725 0.46435553 -0.1425039 
0.17187604 -0.55000913 1.5293152 0.9172141 -0.07487512 0.21417834 0.9216253 1.2795902 1.0500298 
1.7662417 0.20548636 2.1641662 -0.8620036 0.81046104 -0.5496782 -1.0150925 1.1095701 0.76842743 
2.3319197 -0.12161864 1.2939262 -0.8994893 1.2453148 -0.5510026 1.8730975 -0.77972454 0.7199843 
-0.2473864 1.0993574 0.09362421 -1.968357 -0.16850394 -0.02114876 -0.5660657 0.83150864 0.55430895 
0.17866422 0.9035275 -0.8064208 -1.4126929 -1.0250245 1.5334004 0.8000984 -0.4184159 -0.1721348 
2.001084 -1.5261543 0.2590593 -0.9072762 -0.12061276 -1.373951 0.30930278 -0.5866998 1.7007992 
-0.59138364 1.7598349 0.06338462 0.3750107 0.58210593 -0.33468026 -0.4751528 1.3751882 1.4034488 
0.17422386 -0.0027951356 0.08482412 0.9964492 -1.7352338 0.34180376 1.6511353 -0.19680999 0.0866224 
0.58654547 -0.088990934 -0.31591612 0.85427034 -0.070881024 -1.1770952 -1.6054834 0.3379053 0.36792877 
-0.4617131 0.10820352 0.82381684 3.4652345 0.1309487 0.05333074 -0.916972 2.2738843 0.68595487 
1.0005099 0.53800124 -1.007312 0.2936798 1.869637 -0.021918474 -0.099397615 1.4313996 1.4197392 
-0.51997167 -0.3670442 -0.26649076 1.1737262 1.5700947 -1.0042406 -2.3018105 1.2596012 0.31627682 
0.25724033 -0.18020427 -0.71949214 -0.8851371 -0.10219463 -2.2800226 -0.1393198 -0.33062336 -0.74948263 
1.2315054 0.49182877 -0.079726696 0.9796433 0.97895825 0.46566814 0.5214992 0.71008056 -0.9351385 
-0.94347006 -0.11046932 -0.2773998 -0.9221923 0.38177115 2.7668989 0.67563605 -0.9072704 -0.67300904 
0.25041476 1.4178337 -1.3921556 -1.3945789 0.90820134 -0.7044397 0.460826 0.62958103 0.638807 
-0.64663094 1.6971813 -0.043029983 0.06157044 1.603104 1.39699 -0.6668528 0.6361979 0.69034034 
1.0346446 -0.0027835113 -0.6329747 -0.68162906 1.6163546 -0.5481644 -0.71836674 -0.09904841 0.6560492 
-0.11777868 0.22164617 0.19142541 -0.67361945 0.7833411 -0.33144212 0.3486531 -1.1563984 -1.0496835 
-0.83355856 -0.29016966 0.94024813 0.43744364 -0.01832707 -0.47563356 0.49208552 0.2144016 0.1502721 
1.9125856 -0.89424014 -0.40395227 -2.104394 0.6748407 -0.92273456 -0.8936685 -0.34260315 1.2874945 
0.18697616 -0.9623992 -0.84896106 -1.6717916 0.06916944 -0.48294708 -0.8200242 0.29058015 -0.27642554 
0.8393183 -0.16236056 0.96689075 0.99392045 -0.90969855 -1.5005219 0.3394183 -0.5562747 -0.018645763 
-0.8670359 0.18383306 -1.3433999 0.8468141 -2.4442465 -1.9331262 -0.92618805 0.5928802 -0.73522276 
-0.33446428 0.54748285 1.3203458 -0.29155377 1.362098 -0.1298204 -0.18615705 -0.2131738 -1.0950779 
-0.9109231 0.66207415 0.5800616 1.3799778 -1.191937 0.2188532 -0.81437063 0.30157098 0.44658306 
-1.2523075 0.2536176 -0.0037818912 -1.4635384 -1.4944125 0.91795707 1.8198282 0.96496505 0.5849676 
-0.048613198 0.13137588 1.6913238 -0.26584503 -0.60597813 -0.17788646 0.12677038 -0.12651542 -0.95570034 
-1.3839811 0.30498794 -1.2698631 -0.049136836 -0.66553473 -0.7270259 1.946612 -0.7027239 0.020081189 
-0.45889646 -1.7615843 0.3091227 -1.409355 -0.09872942 -0.5347736 0.6585254 0.31048292 -0.35673636 
-1.1785777 -1.6172123 1.2839468 0.040084865 -0.477179 -0.9768515 0.5528616 -1.1134571 0.46147025 
2.9598825 -0.17039438 -0.8531666 1.5199307 0.27896357 -0.46102563 -1.2290032 1.9327222 0.70180166 
1.4277188 -1.1816288 0.93883014 0.17383333 -1.3285091 1.1609467 0.41744485 -0.4275209 0.55886626 
-1.4325583 -1.7743773 0.9335438 -0.034788694 0.51380825 -0.6048158 0.35315356 0.55666715 -1.2497698 
0.36914912 0.84206396 1.3139223 0.65611315 -1.3218138 -1.4757202 -1.371426 0.14036831 0.1727077 
-0.5249934 -1.1884601 1.7509342 0.3533831 0.31925324 1.0231386 1.2189 0.85321224 0.027922528 
0.26249877 -1.5118083 0.6477333 -0.62375665 1.1764324 0.9024055 1.269651 -1.369298 1.2140033 
-0.71019197 2.1603432 -0.012780061 -0.6209781 0.3706759 -0.5623908 -0.37704355 -0.783378 0.40075377 
0.47724605 -0.30606994 -0.8965766 -1.149517 -0.9291001 0.040291302 -3.148799 0.6738808 -1.1772182 
0.40624312 -0.07652767 0.3019885 -0.7702581 -0.11730407 -0.27605268 0.6410341 0.6015038 -0.76979715 
-2.265699 0.30178785 1.4292533 0.62007934 -0.19803259 -1.0214913 -0.009361304 -2.2903285 -1.6905226 
-0.24027716 -1.0814145 0.24730392 0.52553004 0.6084305 -1.5847888 -0.9055512 -0.54029405 -0.049868815 
0.37467718 -0.59218824 -0.19489089 -0.9241478 -1.1179483 -2.129385 0.34295076 0.32172707 -1.1921399 
0.16347185 -1.2031583 -0.2119191 0.5588486 0.32065278 -0.12188657 1.0379603 -1.0380406 -0.3320174 
-0.4799889 -0.3158168 0.049114164 1.4207976 -1.7739465 -2.2906926 -0.4982146 -0.32496923 -0.5984369 
1.2231364 0.98272353 0.25057846 -0.7440216 -0.7189088 0.012803155 -2.4761724 0.14948007 -1.144098 
-1.5245895 1.0345873 -0.87240785 0.74298304 0.84712267 0.48998407 -0.72087383 0.9832318 -0.07741816 
