0.6954732 1.348218 -1.4430928 -0.5783879 
-1.9777093 -0.37945712 -0.1243547 0.1172086 
2.5144882 -0.7932468 -2.8204663 -1.07248 
-0.34510323 0.13932365 0.4337035 -1.0249971 
-1.9320606 -0.7239988 0.51711327 -0.34426048 
0.587673 1.1308494 -2.4337072 -1.2781762 
-0.5395567 -0.61892414 -0.9352558 0.2721117 
-1.0822458 1.843335 0.44979212 0.15899922 
0.14783065 0.8722679 0.09869148 0.16820034 
-0.67923754 1.6830915 -1.2576569 1.30968 
-1.4958819 0.11580454 -2.2004037 0.58517444 
-1.0630006 0.18054962 0.23735785 -1.0660343 
0.33904427 -1.7277379 -0.6052023 0.25809017 
2.1790426 -0.18676016 -0.6283197 -0.899823 
-0.8152291 -1.2566168 -0.4640869 -1.2465751 
-0.59577674 -2.133908 0.10318471 -0.66669375 
-0.79383737 0.12028934 0.9930851 -1.067922 
0.3213184 -1.3275095 -0.18054278 -1.1671602 
0.77763855 0.86784863 1.5873884 -0.5115098 
-0.75482357 -0.8475207 -0.24845318 -0.19646966 
-0.3294801 0.008745451 -0.24731936 0.3032213 
-0.040170114 -0.40652096 0.7032555 -1.1795732 
-0.9815761 -0.38142207 -1.2827893 -0.046683326 
-0.7483935 -0.95125043 0.32687545 1.1279734 
-1.1246603 0.3773035 -1.8298218 1.3042209 
-0.7384342 0.04112698 0.48996013 0.3830748 
0.8081541 -0.73843294 1.2449384 1.8005536 
1.3001088 -0.767632 -0.91485566 0.4467427 
0.63219154 -0.6057375 -1.8497882 -0.21364559 
0.51855165 1.4622175 -0.03725931 -0.30983537 
1.1744714 -0.29925734 0.6214772 1.5680162 
-0.84968793 1.6344097 -1.0102683 0.3219735 
1.7300099 0.8362258 1.3227217 1.0192809 
-0.81767565 0.9306883 0.41493395 -0.1342149 
-0.29591987 -1.4553493 0.19960211 -0.61050314 
0.8501774 -0.20233114 0.6983077 0.5881577 
-0.51072073 0.39163265 -1.1842451 0.305389 
-0.070812516 -1.059348 -0.26557788 -1.578762 
0.32417867 0.8133349 0.30811122 0.20059977 
-0.3277921 0.8891043 -0.32806316 1.0443822 
1.2118421 -0.85220796 0.2604785 1.0319325 
1.9005623 0.5701833 0.2337948 0.3315752 
1.2214473 0.42542434 0.18786968 -0.9240373 
-1.0965 -0.74750614 -0.8194879 1.2806363 
0.30052197 -1.1737918 -0.3875556 1.0017389 
-0.6967963 0.83691406 0.7004144 0.7712289 
-0.4596567 0.5537258 0.01006806 1.0649989 
0.7862993 -0.6907215 -0.3290768 -1.9187943 
0.31790748 -1.0054883 -0.24419986 0.09477116 
-1.5906755 0.4527402 0.8844333 -0.6600034 
0.38074955 0.3314759 -0.059586048 -1.5453283 
0.35737166 0.24628325 0.79344195 -0.79996336 
-0.61226094 -0.04304439 0.9546909 -0.765428 
-1.2274318 0.0058675427 -0.69809186 -0.61347055 
-0.75487196 0.39163998 -1.2315313 -0.27364892 
0.7229731 -0.1265453 0.12559481 2.017591 
-0.49375686 0.83936894 1.0701001 -1.7053527 
-1.2258229 0.5338756 2.4055598 -1.2754644 
0.80389315 0.58838296 -0.3450547 0.6968432 
0.40843108 1.6697334 0.634801 -3.1943612 
0.76334584 0.13158622 1.2830136 0.23215513 
-2.2083323 1.0583152 0.024621071 -0.23594359 
-0.8444424 0.2966155 -1.9891096 -1.1806841 
-1.0113724 -0.24632823 -0.8309778 0.47564146 
0.30809677 0.48235032 -0.8927759 -0.021574423 
-0.66036344 -0.0011978191 1.2141774 0.45253378 
-0.005577105 -0.41791195 1.6521444 1.7331531 
-0.063414186 0.16124414 0.66196 0.4073114 
-1.0973558 0.0057632523 0.53737354 -0.5194195 
-1.336029 0.24742848 -0.41705847 -0.8097406 
0.89131695 0.30094832 1.0350972 -0.37965545 
0.021395264 -0.8664947 -0.12912208 0.7225674 
1.0218077 2.2149308 1.9807857 -1.2262592 
1.7361397 0.43203583 0.8625361 -0.5730102 
-0.63976365 -0.40873903 1.5168989 -0.13205847 
0.66612434 -0.36428815 -0.6134628 -1.6982509 
-0.7846968 -0.773293 0.10918318 -0.5640432 
0.9696452 0.37152514 0.32361862 0.1778182 
0.5090612 1.0327954 -0.7611761 1.5557586 
1.7021672 0.37284797 -0.30592918 -0.10568298 
-1.77896 0.47688904 -0.9194932 -0.67196524 
-0.8952618 -0.49504247 1.2776276 0.14719893 
0.18895797 -0.24248508 0.68287015 -0.27555892 
-0.9544822 0.4813515 1.5853531 -0.238564 
-0.4889317 -1.7527045 0.63266116 -0.24964702 
-1.3813123 2.3933213 -0.85905135 1.7934521 
0.14693783 1.0785365 0.16852081 0.15768886 
0.6746028 -0.08838465 0.4279641 1.0257612 
-0.86135584 -0.11283411 1.1427392 -0.32823387 
-0.045971416 2.383964 0.7192649 0.93969876 
0.7509825 -0.52124363 0.7261603 0.4189431 
-0.19556595 -0.30350652 1.0473919 -0.9795482 
0.7685262 0.73696804 -0.6880134 -0.2662837 
-0.63126266 -0.46050048 1.6958331 -0.38590685 
1.4833667 2.6729188 0.12415176 0.09264985 
0.7681813 2.158353 0.22375241 -0.9573377 
-0.76455814 0.9965776 -0.02783756 0.3287598 
0.21456878 -0.02312648 1.0019327 0.96572036 
1.2724195 0.61431044 -0.4442422 1.0941402 
-1.3309863 -0.22967468 0.3477379 1.2619857 
-0.76577973 -2.5714593 -0.3334524 0.809074 
-0.46500087 0.20713085 -1.6316079 0.6738537 
0.270182 -0.47524488 -1.3640991 -1.6319714 
-0.21982056 0.5967732 1.0352783 0.2004857 
-0.5668176 0.32556027 -2.6451056 -1.1806085 
0.901914 -0.5435686 -0.2651787 0.65454066 
0.36611328 0.28882074 0.8520685 -0.1248281 
-0.048036713 0.44366723 0.004812281 0.91507787 
-0.37126994 -0.037623182 -1.2511282 -1.2448354 
-1.6978617 -0.13089113 0.27051747 0.9693397 
-0.28308252 0.7624313 0.49114794 -1.2558945 
0.024782829 1.7370203 -0.08961031 -0.79102874 
0.82194614 -0.5770763 1.740569 0.155329 
-0.25760496 -1.1107255 -1.2640355 -0.17998134 
0.10846632 -0.42687693 0.11924094 -0.66639954 
1.9737157 -0.89237 0.25472227 -0.8995563 
-2.789894 -0.6524228 -0.0808764 -0.50186896 
-1.4996153 0.4663525 0.4703512 1.0482749 
-0.5356937 -0.81592625 1.2942249 -0.73002267 
-0.7808848 -0.5358668 -0.85572296 0.7116671 
1.1736152 0.9547583 2.476105 0.3019629 
-0.4670857 -0.47546878 -0.5146757 0.0030763382 
1.1128517 0.8610944 0.22153364 -0.10351236 
0.7765343 0.13387473 0.6638868 0.3787474 
0.0109903645 -0.6614279 1.698937 1.6310968 
0.18460973 1.1689185 -0.10848367 -1.0095975 
0.0264596 -1.485183 -0.1418367 0.13344571 
-0.95197684 0.06101362 0.5393759 -3.4891315 
0.5338528 0.2010575 -0.0021819647 -0.6669251 
-0.14078146 1.1022635 0.18091212 0.49459395 
2.8768225 -1.3659918 0.52888155 -0.9622262 
-0.21713048 -1.2294143 -0.18857832 -0.5527464 
1.1359001 0.83772904 0.79225504 0.26503056 
-0.03771893 -1.3421006 -0.48464856 0.4426579 
-1.9532435 1.0026832 -0.9209136 -0.19510949 
-0.9198103 0.55993605 -1.4695444 0.343515 
1.250728 -0.18797006 1.0824177 0.16472422 
0.1814445 -0.49707633 0.2822433 1.2680871 
-0.64221704 -0.24095273 -0.099903814 -0.28059855 
0.75432247 0.10698556 1.0207305 -2.5386083 
0.07989921 0.8697288 -0.14140606 -0.12221694 
0.73548406 0.6659269 -0.93982416 -0.92427266 
1.0875558 0.37034985 -1.0696378 -0.44247857 
-1.2719908 -2.3431559 1.039354 -0.54044265 
0.7879055 1.8129413 -0.969941 -0.20604092 
0.38654652 0.9662522 -1.4765924 0.7562487 
0.8932526 -0.36408517 0.5367462 -2.11821 
0.54594934 0.5780406 -0.048585605 0.14249426 
0.3169147 1.2897424 -0.00047357578 -0.72430885 
2.8427095 -0.5698962 -0.057486266 -0.62816906 
1.2434511 -1.1220648 -0.27690768 -0.7445779 
0.83969927 -1.3522205 0.6989886 -1.4325644 
0.1935753 0.9298242 -1.4182892 0.83923084 
1.3613645 0.09257541 -0.1460217 1.0417304 
-0.5826255 -0.2879452 -0.030159267 -0.5272239 
0.038086604 0.5761125 -0.030174877 0.03378469 
0.40346414 0.12128086 -2.1094866 2.074108 
-0.34642732 0.25207716 -0.30794877 1.1928456 
-1.5994005 1.3489064 -0.006319682 0.75055474 
-0.23502168 0.44195566 -0.006718769 -1.4898136 
1.6681263 -0.2313145 0.29292175 0.8910069 
3.5148032 -0.51955324 0.68819284 -0.61700964 
0.33129874 -0.05158793 0.016891625 -0.36620384 
-1.4838423 -0.09205559 0.02498373 0.31074792 
1.4727077 -0.24173415 1.4081427 0.6023285 
-0.4596203 -2.250668 0.3457434 -1.9273012 
1.5855209 1.5876694 0.083532795 0.25183165 
0.19926453 0.12059125 0.49372298 -0.3796183 
-0.9991898 -2.0354464 -0.4598268 -0.41111672 
-0.8823623 1.69919 -0.97540087 0.06831332 
1.0446659 -1.1209432 -0.38723463 -0.2241627 
-0.23737349 -0.41745588 0.54353297 -1.8482059 
0.32891312 -0.0058295084 0.53378564 0.7741365 
-0.18084252 0.3593187 -0.65836763 0.848307 
0.155216 -0.33049148 0.4252345 0.5123107 
0.5774641 0.26373178 -1.5057098 -1.1237762 
2.3071053 0.9458159 -0.9230476 1.702828 
0.93106806 -2.2375324 0.68150973 -0.14281917 
0.41441458 0.35542056 -0.45656636 -0.5025491 
0.81478524 -0.078532316 -0.82298833 0.16611421 
0.700091 0.5814508 -1.1664202 0.10226488 
0.34672576 -0.28434107 1.0271002 0.78775954 
-1.5593275 2.1686218 0.38784155 1.2211485 
-0.10183153 -1.4586741 -0.36574495 0.13563949 
-0.74479014 0.2176855 -0.7326018 -2.6067815 
-0.0077416715 0.009425775 0.5606771 -0.012807061 
-1.5457822 0.35121772 0.11905747 -1.0506059 
1.1868446 -1.0874304 -0.78721213 1.1864389 
2.021108 -1.2345622 1.0531223 0.09260491 
0.4245492 -0.7413989 -0.5432798 -0.56160647 
-0.51867265 -1.1333448 0.32415736 0.47204208 
-2.413177 -0.23327403 -0.39224005 -0.49026087 
1.1125351 -0.43007243 0.16670765 1.295385 
0.6317455 -0.30983928 0.7175443 0.5165838 
-1.067574 -0.39857855 -0.043173417 1.3669561 
0.084937535 1.1511527 -0.64256585 -0.9574826 
1.2014841 -0.9626319 0.26289892 0.86285156 
-0.4593871 -1.2403687 -1.0568956 -0.012111855 
0.9595925 -0.248345 -0.2361084 0.64541084 
0.7407582 -1.1907675 -0.26022774 -0.9287811 
-1.4754496 -1.0295315 0.90349734 -2.7090883 
-0.7456123 -0.37638816 -0.802669 -1.0756768 
-1.3732821 1.1199011 0.9200647 0.06572115 
-1.4560246 -0.36118248 -0.50746375 -0.036440372 
0.26720208 -1.6139768 0.013630722 1.2162449 
-1.1078821 0.77180004 0.37465233 -0.18446776 
-0.7334587 1.3571129 -0.25229394 -1.5670693 
-1.222032 0.84172076 -1.4606538 0.44222346 
0.086108476 0.0021987704 0.12697396 0.04396598 
-1.104361 -1.1829593 2.3405404 -0.9360685 
-0.0154426135 0.91219014 0.8348973 -0.92048407 
1.1381859 0.882596 -1.0320538 0.79000443 
-1.0737369 1.2730149 -0.86676127 -0.088897735 
0.357688 -1.670624 -1.1016545 -0.64039177 
-0.7661527 -1.0450617 -0.6142209 0.95302016 
1.9115653 0.64680475 0.8051413 0.3084758 
-0.062265582 -0.313537 0.10712384 -0.8789012 
-1.3668214 0.10592798 0.51324284 0.048649505 
-0.73547363 0.22100255 1.4875553 -0.26963204 
-0.99598515 0.53930837 -0.2218597 0.077305466 
0.8172179 1.5893168 0.048207186 -0.0027368758 
0.88862026 -1.3089161 0.7202067 0.34844062 
1.1465791 0.47579712 0.16231297 0.3542142 
-0.8393464 -0.39701197 -0.38804108 1.0924793 
-0.6431202 -0.9217792 0.27217436 0.93265784 
-1.3352633 0.95145327 0.14670911 1.1633976 
-0.47655195 0.5446188 -1.4120802 -1.7060083 
-0.17865485 0.08873619 -0.3170947 0.122374974 
-0.58757824 0.8592322 -0.069312595 -0.47432983 
-1.8551502 1.600767 -0.17657557 -1.9228094 
-0.669919 0.1991292 0.7653893 0.15717246 
-0.57129467 -0.9403982 0.49595252 -1.6535286 
-0.2656872 -0.85730344 1.0690562 0.6151017 
-0.29393458 0.13666041 0.9020809 -0.6442661 
0.81719387 0.54506433 1.6110569 0.38171774 
-0.16638388 -1.2657856 0.6204785 -0.44345254 
-0.6402643 -0.87483793 -1.0186996 -0.36438918 
-0.803125 0.47941437 -0.623225 -1.1551353 
0.4885087 -0.08666823 -0.4102321 -0.065583326 
-0.35142806 -0.077429265 0.42548352 0.26332244 
-1.3944086 -1.172792 0.589514 0.8960961 
1.0406471 0.60336816 0.99244404 0.61341375 
0.3053405 -0.37141705 -0.006444655 0.8547608 
-0.17124547 -0.3254284 -0.14294226 -2.5386791 
1.0199624 -2.7898266 -0.22660649 -0.49541867 
-0.68776536 -0.17607792 1.6885009 -0.878556 
-0.025255768 0.4691523 0.7205513 -0.8749189 
-0.09711941 -0.17367493 0.23579006 0.5658532 
-0.07868222 0.85436517 1.0441861 0.3971064 
-1.002343 -0.0787332 -0.26916766 1.2648776 
0.33744895 -0.5652392 0.111844964 -0.012602276 
1.5227083 1.0202101 0.876425 0.8540919 
1.2372272 0.84390455 1.2119157 -0.024640482 
-0.5510906 -1.6099108 -0.39242324 -0.6929078 
0.074547894 -0.8437917 0.72744447 0.86802274 
-1.5283933 0.48820695 -0.43572697 -0.2712379 
-0.86253285 -0.51244235 -0.63130355 0.29584664 
-0.37466598 0.84450763 0.44845882 1.1927359 
1.2439939 0.07150796 0.6931121 -0.011650317 
0.35557538 -0.010405311 -1.1170483 0.7897458 
-0.011489825 0.62406856 1.1819543 -0.39510807 
-0.04782948 -1.9487801 -0.19657533 0.6267749 
0.8359233 1.5342643 -0.07744939 0.33344567 
-0.8017751 -0.90783685 -0.735611 1.1219919 
0.18453427 0.54500633 -0.6391052 -0.9578344 
1.2453579 0.5332 -1.238763 0.9995958 
-1.1126935 1.3359317 0.16576888 0.025146063 
-0.04737429 -0.9108103 0.0019069235 -0.72038746 
1.0813707 -0.44991627 -1.3081033 0.703813 
-0.5383637 0.50558895 -0.84040755 1.5095123 
0.62707156 0.3449076 -0.5671758 1.4404072 
-0.29819685 -2.3712294 2.4157097 -0.5851074 
-0.8298941 0.52700907 0.4537328 1.7581835 
1.0658754 -0.2530495 -0.15118435 -2.3977387 
-0.58143735 -1.4398005 0.5927892 -1.0621808 
-1.0400221 -0.42064014 -0.088615365 -0.16932504 
-0.093582585 1.4165606 1.6681731 -1.1091735 
-1.331405 0.97889704 0.026864763 -0.2947505 
-0.4778825 1.882016 0.92104316 1.1756277 
-0.16997579 1.2001668 -0.86641026 -1.0785519 
-0.16884363 -1.553056 0.0003751868 -0.021548841 
0.66119254 -0.384283 -0.69702816 -0.99505645 
0.59511673 1.3288475 2.1150672 -0.25684708 
-1.1903179 1.779685 -0.5427201 -0.81696546 
1.1887497 -1.3735936 -0.13051572 0.33912063 
-0.65872973 0.7795987 -0.6337113 -0.37692985 
-0.3429798 1.9391567 -1.1447351 -0.090157434 
-0.6527645 1.5961021 -2.12915 -1.1485941 
-0.12572138 0.9501028 0.957668 -0.6981184 
0.23926589 0.4344624 0.4471297 -0.30123255 
2.1330879 -0.5372984 -2.3645294 -0.83875525 
-0.38449004 0.0977795 0.64955246 -0.5387446 
0.58982885 1.819193 -0.1031263 1.2516873 
-1.7587739 -0.11241337 -0.2053814 -0.35934427 
-1.0024674 0.47054788 2.2017915 -0.7198779 
0.8169219 -0.5236296 -1.089881 -0.003182093 
0.21126214 0.3417359 1.0572573 -1.8577088 
-1.3741722 -1.5947304 -0.87852204 -0.66922045 
1.0494623 1.9209841 0.89451724 0.9371864 
-0.12447542 0.48754767 0.70205855 -0.93646675 
-1.5354568 0.37924856 0.6189462 -2.3502634 
-1.4149076 1.8514582 -0.378852 -0.6459309 
0.70459896 0.20309922 2.144439 1.1163008 
-0.4415616 -0.03706717 -0.5582829 0.16555645 
0.08682607 -0.6209701 -0.09821238 -0.6246492 
0.1316283 0.97222775 0.5754829 -0.8526931 
0.2230544 1.2006065 0.29892844 -1.7897842 
2.052173 -1.2933758 0.39032882 1.8308381 
-0.62791145 -1.4543233 -0.4925432 0.31681266 
1.705557 1.0646455 -0.14357424 -1.3872969 
-0.47742558 0.58975804 -0.19685385 -1.4855084 
-0.8291391 0.24494588 1.9017444 0.31112754 
0.56951714 -0.825945 -0.11179678 -0.7370722 
0.018348055 -0.0011029743 0.037438963 -2.5007894 
-1.017615 0.5247429 0.9642506 -0.034192774 
-0.014210129 0.012011909 1.4037952 0.91928613 
-0.31608674 -0.95398873 0.5596391 -1.6645846 
-0.4230363 -0.06346702 -0.19073685 -1.7144591 
-2.0032985 -0.30658957 0.78499925 2.5113637 
-0.06257384 1.494545 0.1307705 0.12386307 
-0.6258053 2.0216343 -0.8104669 1.8790431 
0.18425003 1.4449542 -0.019211493 -0.22271113 
-0.28794476 -0.07654548 -0.05164376 0.72451454 
-0.20812991 -0.29553497 1.9759903 -1.856356 
-0.47931385 -0.55513483 1.0910426 0.822405 
-0.2192671 0.38472936 -1.7120057 -0.024475757 
-0.418 -1.7213099 0.6057031 0.51154786 
-0.70483816 0.50035274 -0.07515772 -1.1846303 
-0.7601892 -1.1597847 -1.0620615 0.056185085 
-0.9613756 -1.3023466 -0.06447642 0.79888153 
-0.68733937 -0.64198637 1.5604239 1.8810185 
-0.24493289 0.043918416 -0.6588912 -0.51239985 
-0.7595096 1.216773 0.023146532 1.13426 
0.019138228 -0.33045572 1.503828 -0.91395664 
-0.8855705 0.5172682 0.52379334 1.0684378 
-0.61488223 -1.0749967 -0.9122409 -0.85747606 
-0.97081065 -0.15231627 -0.19987307 0.21118775 
0.7217894 1.7062105 0.4767962 -0.19245163 
0.21788071 -0.28593692 0.7722749 0.38734165 
-1.5624356 0.18382743 -1.1779585 1.2687538 
2.3761656 1.118383 1.525783 0.38922855 
0.84095025 0.23522377 1.0945848 -0.689246 
-1.2536701 0.17967851 -1.5283207 0.7594061 
-0.97101325 -0.7550133 1.3771591 -0.6472931 
-0.43488255 -0.82924163 -0.20921944 -0.5395389 
1.0662478 0.56140244 0.21882503 -0.017848957 
0.0064748707 -0.58198684 0.5613436 0.17945345 
-0.5768288 0.5278644 0.7891318 0.6516976 
-0.9600939 0.52749985 -0.5169466 0.8380501 
-1.0059285 -0.34603104 0.8908372 0.24888992 
1.173887 1.6257229 -0.34493425 -0.32090202 
0.41428885 0.32431397 2.5648606 -2.047928 
2.506033 -0.78022885 -0.9654628 -0.18940885 
0.8495628 -1.906338 0.4369073 0.2749034 
-1.0995569 0.90791756 0.3130128 -0.877291 
0.036121972 -0.12910305 0.4906759 -1.4203901 
0.17848594 -0.4532617 -0.73198706 -0.99764466 
1.9899945 0.55304915 1.4504707 -0.92126215 
-0.9011759 1.0828351 0.66327363 0.25475597 
-0.30351338 0.9090317 -0.746626 0.4152687 
-0.5261359 -0.081125855 -1.0534679 -0.09901648 
0.41123128 1.0231537 0.4320255 2.0455446 
2.0481749 0.18245207 -0.7803763 -0.6771696 
-1.4183396 -0.070570946 1.0144707 0.43421614 
0.08029642 -0.44234967 -0.7928685 2.0783079 
-0.6499088 -0.020536192 -1.503578 -0.47886083 
0.45623288 -0.84055746 -1.1952631 0.69720674 
0.85076666 -1.4174962 0.7083111 0.88860416 
1.8001761 -0.5715649 0.87313366 0.86079293 
-0.5775039 -1.4312148 -1.6655723 -1.5811156 
-0.26597437 0.49325436 -0.68436354 0.3306809 
-0.490397 0.56438166 0.4276688 0.01787328 
0.16756645 -0.39427793 0.16224122 -1.3666937 
-1.4347088 -0.7395667 -0.02380153 0.1811309 
0.08970648 -0.5489565 -0.56817096 0.9741971 
-0.087536044 0.25652617 -0.095806606 -0.13936353 
2.075418 -0.9289918 -0.73987174 0.5919586 
-0.11916584 0.9192754 0.032416288 0.20277977 
0.11626171 -1.3699417 0.7908563 -0.22329038 
0.38894334 -1.094565 0.3037788 0.5415588 
2.914675 0.9189516 -1.0609901 0.6495866 
-0.0012491498 -0.42179728 -0.04998541 0.77724415 
0.5918524 -1.7290735 -0.5661147 1.632426 
-0.1630756 0.55685025 0.55517584 0.16949894 
-1.5286484 0.3347258 -0.4723911 -0.5017312 
0.717492 0.2838554 1.3072617 -0.13428289 
-0.74172455 -0.05949542 -0.82175523 0.8145509 
-1.4742509 -0.7037794 -0.25748482 -1.4017152 
-0.35080475 -0.34763917 -0.08362433 -0.2916921 
1.648864 -0.10580355 0.85351646 0.29577616 
1.4593495 1.5255697 -0.045725882 -2.54508 
-0.2907509 0.17433688 0.27785727 0.6514462 
0.046854686 -0.08224465 0.2045032 -0.033334605 
1.1576107 -0.98795176 -0.84590495 -0.22004747 
-1.0977052 -0.56478447 -0.8333349 -0.80493826 
0.5337037 0.53292716 -1.0589486 -0.054668486 
-1.2186741 -0.17640135 -0.7797645 0.545341 
0.9845483 -0.95525324 0.7256482 1.21979 
-0.27826107 0.28155562 -0.263249 0.425312 
1.3077103 0.2297748 -0.47139877 0.5820192 
-1.1419278 0.9945835 -0.21974535 0.36274365 
0.25319198 -1.5901057 0.54064345 -1.6548213 
0.45822486 0.0820317 -0.46212253 0.08900174 
1.7896259 0.17640342 0.56629705 -0.38296887 
-0.68846697 0.42429215 0.12899485 0.79310507 
-0.67344886 -1.139491 1.4380032 -0.3942536 
0.80150217 2.5039048 -0.573193 -0.41955462 
0.39189917 0.6250373 1.0950048 0.80278957 
-0.084881924 -0.13674214 -0.8874967 1.544988 
-1.0191696 0.5268729 0.6402631 0.79390484 
-0.5349666 -0.8004381 0.12098995 1.7624412 
0.5820913 1.1250322 0.21950091 0.20606229 
1.6857193 0.112253994 -2.6432593 0.040488645 
-0.40530342 0.038294338 -1.1146986 0.8358873 
1.0840445 1.5940512 -1.577096 -1.8751802 
1.1639193 1.0145222 -1.4176079 0.5007183 
1.8875757 -1.4768901 -1.7100896 0.75606006 
0.06787274 -1.6045449 0.062305436 -1.209558 
1.2827566 0.14211793 -0.28275532 0.2784505 
0.96518034 -0.13218811 0.15892912 0.8525174 
-0.3191779 0.71360373 0.076715715 -1.1349227 
1.5568018 -0.7956514 0.6767129 -2.0021727 
-1.4549328 -0.30568287 -1.7335451 0.5354409 
0.6124685 -1.4698626 0.60177064 -0.044253755 
0.011392639 0.7324675 -0.57236576 -0.5469599 
0.973565 0.5668021 -0.36671734 -2.136848 
0.10066004 0.35870922 -0.71908414 0.75595504 
0.5568384 0.9064651 0.34897617 -0.73657465 
1.9899675 0.42276534 -0.5820437 -0.9747601 
0.555291 0.52474296 -1.5561181 0.6102296 
-0.32880792 1.8488308 0.51676726 0.35763562 
-0.24366951 0.26155832 -0.08777327 1.8901951 
-0.3264467 0.79395884 0.5523421 0.7369308 
-0.026728904 -1.2415146 -1.2766178 -0.19237731 
-1.429229 0.6829004 -0.7765337 0.697817 
-0.83576345 -2.9611564 -1.761515 -0.45826072 
0.31367692 0.8557261 1.3663278 1.123452 
1.2184361 -1.7323905 0.55538523 0.86999583 
-0.43108314 0.62747175 -1.0696703 0.4013605 
-0.8911739 0.27123505 0.440644 1.3287542 
0.09041111 0.56872445 2.35108 0.638187 
-0.7869861 -0.56951976 -0.99042606 -0.24596904 
-0.52124506 0.41407886 -0.2598833 -0.18474054 
0.580671 -0.81179976 0.46814758 -0.2721249 
0.9657489 0.13846307 0.17264883 -0.3746745 
0.21573341 1.0365353 0.96936905 0.37703234 
0.90472543 -0.10337772 -0.7740834 -0.87824106 
-0.8462228 -1.8440233 -0.9578533 0.54157645 
-1.2671938 0.3721367 0.14952733 -0.14243811 
1.7168256 1.2731452 -1.4104263 -2.2301369 
0.71009326 0.98675483 -0.89710724 -0.62892455 
0.74221784 -2.3123212 -0.4444954 -1.2758062 
-0.64345723 -0.9054538 -0.44620538 0.80499613 
1.9712263 1.0418398 1.3050336 0.17685756 
-0.85467297 -0.7545454 1.2738546 -0.5443107 
0.46728244 -0.58206046 0.088333435 0.3342881 
-1.5886075 2.4922454 -0.43376374 -0.44229236 
-0.103933744 1.2575525 1.0130255 0.35549638 
0.15926431 -0.68322957 2.1689396 0.38010642 
-0.4067988 -0.091872565 1.759776 -1.5354905 
2.1530154 -0.94047004 -0.22955905 -0.69852096 
-1.0051652 -0.17422953 -0.39825666 -0.21093884 
1.3100452 0.16845074 0.24802859 0.82689154 
-0.7541995 0.38526168 -0.44146356 0.3392355 
-1.2943408 0.23109643 -0.9869595 -0.27913964 
0.22538377 -0.95633745 0.14679447 -0.5201967 
0.4631867 -1.5573121 0.5417811 0.5494636 
1.4614438 0.38213944 -0.14345938 0.10944172 
-0.89696485 0.16530837 1.3388023 1.9392667 
1.014204 -2.7349682 0.43632755 -1.5753438 
1.0592121 0.8180001 -1.7050843 1.1909634 
1.5719204 -0.53238785 2.654482 0.29946163 
0.5729652 -0.86967075 1.6611705 -0.9297278 
-1.8022455 0.40339664 0.91453946 0.21095985 
-1.8135109 -1.2185862 2.4610062 -0.05901437 
1.3124033 0.6068797 -0.31244242 0.4736674 
2.5400226 0.83040196 1.4945102 0.57509613 
0.7716797 -2.1822617 1.0489334 0.2603357 
0.05172882 0.651293 -0.92946076 -1.265145 
-1.0381535 -0.36593112 -1.8448025 -0.2398428 
-0.7383104 -0.40044832 -0.6683678 -0.18631366 
-0.59778464 -0.068455935 0.5183292 -0.15232074 
-0.25061303 -0.4594868 -0.07695634 -0.75676906 
0.14308327 -1.3985819 -1.1548214 0.3559551 
-1.2163485 0.5806774 1.4779724 1.0588074 
-0.14651233 0.24811262 -0.051938448 -1.7076198 
0.887735 1.0940611 -0.45286593 0.60024416 
0.94066256 1.0094897 -0.61869955 0.09862005 
0.0008867517 -1.6082556 1.2156383 0.66217536 
0.713696 -2.3289704 1.2098639 1.0666789 
-0.5673339 -0.09024322 -1.3361586 -1.4424871 
-0.8111185 -1.0558455 0.46663064 -0.39239463 
0.22649014 0.9227809 -0.43064308 -0.6016016 
0.698894 -0.1790263 -1.5324458 1.1871117 
0.6546881 1.0908669 -0.548879 -0.5366908 
1.4936177 0.1273357 -1.272832 -0.3409274 
1.5415934 0.3516909 -1.2009759 -1.1569102 
1.1696254 0.38832083 -0.22853284 1.0503829 
-0.39231437 0.47820207 -0.63144195 0.13840029 
1.2269889 -0.10995926 0.36038953 -0.9375171 
1.2298466 1.4760678 -0.33518824 -0.5633548 
-0.0064627603 -0.28277454 -0.8276782 -1.4651991 
-0.93076414 0.7484445 1.2823764 -0.15961923 
0.58807963 -0.123303205 -2.7238574 0.27935556 
0.20149688 -0.89004713 1.1180261 0.73034257 
-0.3611407 -0.9311628 -1.2133056 -0.3198682 
-2.0966299 -0.7897051 0.5239098 -0.32878727 
-0.7936327 1.513524 -0.3867883 -1.1127421 
-0.46492353 -0.7283344 -0.32577872 -1.7072796 
1.4547274 0.85291326 -1.0727024 0.8981871 
-0.49004245 0.6454214 -1.4175661 -0.41318437 
0.31345135 -0.9908962 0.69598585 0.95710355 
-0.37384617 -1.3315414 -0.21372055 1.4603972 
1.0628486 0.8437342 0.76388836 0.10897562 
-0.34985775 -0.081076175 -1.9999412 -1.676564 
-0.25042784 0.31431976 -1.5049086 1.3324422 
-1.3958716 0.2771498 0.29481626 -0.6077336 
-0.65244573 0.097880594 -1.9427587 -0.22048388 
0.80113643 1.8000442 -0.8176821 -0.889609 
-0.36399192 -0.6416747 -1.0561438 0.4459928 
-0.13209972 -1.2202417 -0.49862328 0.45282108 
-0.7730836 1.0762941 -0.05481906 -0.022505986 
-1.0210757 -0.42281014 -0.7724331 -0.55745023 
-0.97972214 1.5760034 -0.0017603269 -0.292159 
0.30769336 0.14622419 0.49841842 -2.9284034 
0.9961188 0.6630769 -0.7494433 -0.34934402 
0.51875484 -0.43415958 1.1683365 0.5332964 
-0.39095306 -0.7355991 0.9094068 0.48218465 
0.73062366 0.3031569 -1.0157536 0.50078243 
-1.0846883 -0.38660425 -0.46380833 0.007534298 
-1.1135712 -2.169124 0.024391312 -0.29731014 
0.29193646 1.2575946 2.4400077 1.759343 
0.9679074 1.8799796 0.6855009 -0.8276078 
-1.123268 0.53908014 -1.4545658 0.2363412 
-0.34015924 -0.17748249 -0.7391568 0.49509978 
-0.56513083 0.014467795 -0.7846341 -0.947501 
1.328656 0.48888278 1.4514848 -0.39791244 
0.82112986 1.2014952 -1.133781 -1.1879842 
2.0102224 0.2847136 0.2422005 0.69994235 
-2.0638237 -1.7918812 -0.012360662 -0.16862467 
0.39281383 -0.76485705 -1.7679237 -0.8639512 
-0.37710947 0.5928875 0.13963181 0.8661264 
0.9661602 -0.9739636 -0.12376144 0.8754917 
0.51410115 0.1277424 1.1055778 -0.07656089 
1.9882528 0.725008 2.1197636 1.0302973 
1.8104849 -0.754784 0.48659238 1.1303054 
2.03217 -2.7249217 0.08929902 -2.0175812 
-0.7342512 0.24462602 -0.30814198 0.38910386 
-0.693639 -0.19352329 -0.92388093 -1.2137702 
1.0834739 -2.2262514 1.2894279 -0.79996234 
0.45307225 -1.2686539 -1.9850115 0.39402688 
-0.9236763 -0.5347414 0.5040506 1.4576705 
-0.4961635 -0.41469908 -0.8760213 -0.17588618 
-0.9220566 1.3863026 0.53001523 1.5323416 
-0.7202024 -1.5676649 2.1155355 0.45030484 
0.12977599 -0.0729396 -1.7287656 1.1031867 
0.54093015 -0.020088764 1.4146261 -0.6816838 
-1.6209255 -0.86579853 -0.43936878 -0.33472344 
-0.16408315 -0.377886 0.16121398 -0.020686308 
-0.35101599 1.8819733 0.30840585 -0.7358407 
0.0165947 0.3897488 0.9676371 1.9521059 
-0.35713565 -0.25321555 0.70110863 -2.0371444 
1.2686408 -0.21361072 0.3634993 0.5583277 
-0.57924026 0.23288442 -0.8095872 0.6489893 
0.6808751 -0.25362432 0.21725853 0.9610692 
-1.1596582 0.6077214 -0.647027 0.29507288 
-2.0308611 -0.37752363 -0.037531942 -1.1940281 
-0.9197074 -1.548118 -0.9863304 -0.94375896 
0.8953134 0.068887584 -1.0171316 -0.2761441 
0.65327245 -0.38983795 0.87163895 -0.113977335 
-0.50923985 0.1294172 0.35608414 0.10749551 
-0.89424473 -2.132328 0.63838077 0.10775406 
0.37560755 -0.6677671 -1.2014549 0.5286943 
1.0238273 0.68267506 0.32726294 0.6090361 
0.91621697 0.8294874 0.6003158 -0.05497812 
1.17231 0.14931755 -0.06430778 -0.97759426 
0.6527465 0.03300204 -0.0875662 -0.80187225 
-0.5334581 -0.21871243 -0.7592512 -0.74909765 
1.593277 0.43554702 0.34067735 -1.3380558 
-0.52701306 2.0027788 -1.0912598 0.3687203 
0.8651797 0.11440039 -0.25088236 0.6437161 
1.1601094 1.6444825 -0.09952689 2.7938805 
-1.3915541 -0.047505666 1.8074502 2.4006262 
-0.21900712 -1.0826727 -2.127037 2.6106367 
-0.65508854 -0.10585106 0.2677121 0.17658505 
0.3429499 0.27631468 -0.12947038 -0.1469347 
0.67875373 -1.5432003 0.70391524 1.1919802 
-0.96034825 0.30706352 -0.90177065 0.4800566 
0.010882415 0.7485168 -1.8074309 -0.80669236 
-0.52425915 1.842478 -1.666358 2.542403 
0.90048325 1.4420309 -1.6404209 0.47259143 
-0.29844835 0.92214924 0.858128 -0.6330778 
0.19614449 0.9669813 1.7720535 1.4301722 
-0.55405205 -1.3813114 0.4781067 -0.20639522 
0.9509453 -0.0886448 -1.1005024 -2.890049 
0.47226524 0.52894706 -0.52292657 1.4528477 
0.29911494 -1.8602751 1.4790672 -0.96606046 
-1.537357 -0.37117624 -0.84896547 -1.4889317 
-0.7202948 1.6484056 -1.0276941 -0.044035688 
-0.16180547 -0.9415322 -1.7133996 -1.1778058 
-0.8075155 0.25079975 0.24819054 1.1660696 
-1.1452559 0.67175025 -2.2951674 -0.35542676 
1.1823732 0.9577882 0.95649886 -0.6631174 
-0.2628915 0.60591406 0.031441037 0.65455157 
1.3836062 0.509675 -0.1532382 -1.3153638 
-1.0492696 -2.270104 0.14577381 -1.3181442 
-1.2407476 0.8391365 0.29903018 0.7215161 
-1.9910094 0.49405554 1.1189914 0.17447986 
-2.3014667 -1.3737067 -0.92429185 1.064883 
0.14146098 0.5311518 1.461233 -0.7802632 
1.0034212 -1.088601 0.27500242 -1.3394002 
-0.36160976 0.9358869 0.44995165 1.5401686 
-1.661324 0.700084 0.5840638 -0.4375082 
0.38387734 0.038154125 -1.5397685 -1.4705949 
-1.034463 1.0852655 -0.23771755 0.25443304 
-0.31814066 1.9958304 0.773908 0.07017941 
0.43019795 -0.19906299 0.6619123 0.29953238 
-0.41325104 -0.30735853 -0.39980617 0.62070775 
0.34571537 -0.36347863 0.6772272 0.7648137 
2.0450532 -1.2074187 0.20242536 -0.79530406 
-0.18135074 1.3762579 0.45209825 -0.3716348 
0.26976836 0.11484224 -0.004661765 0.47469237 
0.91413397 1.6582773 1.124605 -1.2167519 
1.1084079 1.438081 0.7725023 -0.6663388 
-2.1946077 1.0633417 -1.0987535 0.20631903 
-0.20906304 0.9895951 -1.2859327 -0.43918985 
-1.7992102 0.58383566 -1.5911849 -0.15883392 
0.15572023 -0.3216532 0.38671535 0.6635926 
-1.8102235 0.96409595 0.1383645 -0.89434606 
0.75673974 1.2465248 -0.113073476 0.5455411 
0.03619385 2.0138707 -0.39486343 1.8505774 
-0.22615618 0.52287805 -0.21926326 -0.33758143 
0.64618677 -0.49981523 -0.16847253 0.7188174 
-0.81001025 1.2125851 -0.08057772 0.86880445 
-0.316434 -0.7829601 0.022140948 -0.57905555 
1.6886051 0.027662074 0.2998342 -0.75731516 
0.7648869 -0.31886485 -0.6317581 -1.5274409 
-0.5228558 0.7999201 -1.6114981 1.234816 
0.27868536 0.31884465 0.7795245 1.9562293 
0.17845118 0.54061854 -0.5845649 -1.3093514 
-0.04677855 0.82459897 1.2759547 0.9617443 
-0.59599304 -0.067907885 -0.42531773 -2.536407 
0.22499725 0.19323435 -2.0655932 0.17283718 
-0.05046206 -1.4181945 -0.6876411 -1.4265246 
-0.15331385 -0.42812648 0.32154876 -0.7067612 
0.5181667 0.49401617 -0.9305197 -0.1806494 
-1.3615242 -0.2198024 0.0014478947 0.6308956 
-0.50878394 1.6449018 0.95858324 -1.3355849 
0.7886289 -0.5330098 0.84080017 0.19666561 
-0.74600154 1.0101705 -1.6136378 -0.20869061 
0.06627336 -0.48276454 0.029171575 -0.6766549 
-0.22760259 -0.47538137 -0.90639454 2.3705714 
2.8515477 1.5779036 0.5804613 -0.3711261 
1.0420908 0.23722462 -0.1780937 1.0744989 
0.16000807 0.48248455 0.7896199 0.3465864 
-0.99148774 -0.023734203 -0.09094558 -1.0718362 
-0.60187215 1.2990746 -0.5402265 -0.99614245 
0.4846389 0.26330003 -0.75070125 1.9410824 
0.24766055 -1.375082 -0.39414823 0.19253953 
-0.38615885 0.71794057 -1.240001 -0.18489458 
-0.13820474 -0.3228505 1.3455721 -0.20770623 
-1.6491733 -0.374586 -1.591567 -1.1345023 
0.33171204 -0.75586087 -0.7205365 1.0969323 
-0.7042567 -1.1328382 -0.112304136 0.8394821 
-1.3520198 0.34226224 1.0450864 1.3620703 
1.0422094 0.9782047 -0.89791197 0.27809614 
-2.2093933 0.06926536 1.550881 0.81830454 
-0.20857817 -0.50135124 -1.2772326 0.1902457 
1.1273528 0.09614618 0.7007333 0.8249277 
0.52616537 1.9337229 0.30612874 -1.6311214 
-1.3698977 2.3276768 0.2667995 0.7072063 
-1.1406835 0.13027671 0.0764173 -1.1682924 
0.46202216 0.5347264 -1.8853211 -0.42938182 
0.6599204 -0.31471297 -0.5368978 0.6941559 
0.60095567 1.1434317 1.1055228 1.0924475 
-0.65523654 -0.56023014 -0.11076288 -0.44886872 
-0.82381403 1.1179082 1.433589 -1.1342294 
-1.2564039 -0.40630993 -0.19911316 -1.4204198 
0.76665676 0.35258257 2.7221 -0.7137812 
1.5285304 1.6419978 -0.23155868 0.009477529 
0.6336487 1.7252889 -0.8816332 -0.8865772 
-1.063453 0.8263002 -0.63441694 -0.52505887 
-1.0536091 -0.8822786 -0.6775909 -0.47232944 
1.4774727 0.91332287 1.6939247 -0.4206983 
-1.1093075 0.36142167 0.028888091 0.7698005 
0.8237057 0.26638138 0.940654 1.4293342 
0.40207002 0.7808209 -1.2361712 -0.13977319 
0.20278223 -0.20711099 -2.2636135 -0.80742776 
-0.47708645 0.18545757 0.1418333 0.2634191 
-2.4173067 -1.7438722 1.0360252 -1.3275987 
1.406885 1.5045677 -1.503336 -0.07700708 
-0.6979517 -0.36874413 -1.4526595 1.3512548 
-0.89566255 0.13686019 -0.74165326 -1.7771932 
-1.8016194 0.4098977 0.8751583 -0.90262175 
0.8766296 1.0615152 1.3372759 0.74943376 
2.3106494 0.8812919 1.3092973 1.3872199 
0.9170124 -1.0236851 0.29157722 0.3811483 
1.3142002 1.0481615 0.4730082 -1.1261288 
-1.1296531 -0.16844629 -0.5402711 -1.7153416 
-0.083206706 0.5206762 1.0345142 -0.72484124 
0.41586837 -1.8600715 -0.054653436 -1.9464755 
0.5694932 -0.20876631 -0.6320689 -0.0053573977 
0.7663608 -0.36891058 1.699414 -0.079290725 
-0.709071 1.4251156 0.12095788 -1.21309 
0.7820653 -1.4742943 -1.6209512 -0.9196486 
0.87877953 -0.63631433 0.30419165 -0.20225956 
0.14332989 0.68622255 -0.28789592 1.9752262 
1.568944 0.21563314 -0.6084502 -0.38728878 
-0.84177345 -0.5033064 0.7386272 -1.1690873 
-0.92399466 -0.36185223 -0.83368015 -0.184969 
1.4661127 -0.16829851 0.96958715 -0.25683883 
-1.3268301 0.9746028 -1.5175747 -0.2735953 
-0.7055029 0.09733214 -1.2638404 0.996595 
-1.2433065 -0.31248853 0.6956958 1.9190608 
-2.1775541 -0.004668352 -0.6714762 0.40951747 
-0.17032664 0.8389363 0.07789558 0.70420384 
-0.17539902 -0.9574257 0.30594367 -0.67879343 
-0.14712262 0.2993573 0.7565013 0.40153968 
-1.5833789 1.6332402 -0.7333374 1.1559385 
-2.2574327 0.47327408 0.9999604 -1.0442809 
0.11368357 1.3258313 0.8920674 -0.425185 
2.7365036 0.07615296 -1.0899425 -2.0506034 
-0.22130527 0.11159481 -0.86531186 0.1650479 
0.17652237 -1.82385 -0.57550293 1.5735091 
0.032947067 0.3111791 -1.311785 -0.79165745 
2.082039 -1.1787786 1.890312 0.93003047 
-0.7749931 -0.21916689 -1.2029083 -1.1701616 
-0.43595487 1.1559427 1.0774555 -0.12908489 
0.10423551 1.7521278 -1.1293465 1.0421506 
1.6534013 -0.54589826 1.4412767 -0.15661702 
-0.7958623 0.9094949 3.072679 0.83316386 
0.98033077 -1.6279193 -0.27090245 0.2272003 
1.6725175 -1.049311 0.3671584 0.68570626 
-0.19986506 -1.9602121 -1.2381145 0.548924 
-0.20117307 -0.6386541 -0.24775901 0.21058375 
-0.32242763 0.20219167 1.8787297 -0.46747297 
0.56502235 -0.064943425 -1.1136922 -0.1746587 
0.5452292 0.033831406 -0.23003867 -1.6786895 
0.22214682 -0.24419218 1.1192464 1.3882134 
0.5545167 0.019712484 -1.626012 -0.1646294 
-0.5451526 -1.7091649 0.16451997 -0.5364342 
0.57617056 1.0222545 -0.49584448 1.1542575 
-1.0939039 1.531771 0.39990276 -0.46607026 
-0.327467 -1.1037853 2.6086257 -0.6426539 
0.1210242 -0.85779685 0.3320873 -1.4369444 
0.076283105 0.7890047 -1.730895 -0.5333008 
-0.46025637 -0.43831098 -1.5770985 0.43743438 
-0.69984174 -1.2606678 0.8574222 0.98311543 
0.39195353 0.93609357 -0.8879763 -1.0987687 
-1.0048573 -0.01582869 -1.7506825 -0.25382477 
0.7186586 -0.46770638 0.8048017 0.04598514 
0.14170696 1.8293828 -0.22387487 -0.3540977 
-0.6500277 -1.173458 -0.63063806 -0.7663771 
0.43742013 -0.7449384 0.7052315 -0.794951 
0.5954901 -0.19900511 1.4139726 0.43317205 
2.4139707 0.41942057 -0.2949592 -2.4308417 
0.17772655 0.7898747 -1.0854622 1.0656586 
-0.4819263 1.333902 0.41179115 -0.34583107 
1.3431902 -1.3595293 0.77718425 -0.6275848 
0.38190055 -1.9445642 0.2847955 -1.241895 
1.2344356 0.004743255 2.8201542 -0.54440707 
0.659924 1.1910541 -0.27844065 -0.068285376 
-0.11244489 -0.17324871 -0.13268633 1.8038251 
0.82193005 1.9623983 -1.1791643 0.22330126 
-0.5589045 -2.6479275 -0.4495436 -0.34134376 
-0.71345234 -0.89927524 -0.46241584 -0.84088755 
-0.68040365 0.5015325 0.51124346 -1.4903449 
1.69004 -1.8961971 -0.9228958 0.4671165 
1.2218624 1.2746183 0.21411042 -0.4841024 
0.7964124 0.36848876 -0.3294978 1.4601244 
0.9783544 -0.16029842 -0.48372906 0.5021545 
-0.3605942 1.1727549 1.349162 -0.6309964 
0.096400656 0.394859 2.17597 1.0673752 
0.6027132 -1.1568859 -2.2704086 -0.8949712 
-1.2950453 0.65454954 0.004533153 0.2032636 
0.45905903 1.6317729 -1.4130607 -0.34072292 
-0.25290596 0.65765816 0.6417244 -0.30560488 
-1.1266896 -0.57268596 0.052045062 0.14169438 
0.6078165 0.14124124 -0.16439392 -0.64145744 
1.2600116 0.9499035 -0.9906999 0.20534697 
1.5319175 0.5408088 0.4638737 0.82792705 
-0.16178113 0.84597605 0.6739597 0.5684741 
1.209584 -0.41742364 -0.7585737 -0.92921937 
0.86890537 0.04095399 0.90682995 0.55532575 
-0.4495683 0.2529221 0.067227 0.53483725 
-0.7356585 -1.905363 -0.2425733 -0.33544964 
0.76611847 -1.6570381 0.75891757 0.7462152 
1.7919462 -1.678171 0.55853045 0.8841213 
1.4400523 0.69924945 0.56668687 0.9752376 
-0.51501155 0.13218124 0.0010751113 -0.42935273 
-0.6523952 -1.5419827 0.8002154 0.76550686 
0.2933788 1.2429736 -0.43705764 0.4812015 
0.15243888 -0.22391707 -0.24211752 -0.41943282 
0.38083544 1.309436 -1.1041493 0.29356995 
-0.14354235 -1.1892965 -1.4206934 0.8024978 
-0.7464242 -1.2093811 0.75869524 0.8831702 
1.3127778 1.6449157 -0.37612662 0.44093865 
-1.1496041 0.6586002 -0.4197534 -0.09401435 
-0.92342335 -0.36152646 -1.0851527 0.820445 
-0.7642947 1.943459 0.2684878 -0.11588805 
0.6959502 0.24841945 -0.88508815 1.4333097 
-0.41919786 2.174978 0.79199225 -0.95051223 
-1.0630871 0.81676054 0.012474077 0.7153361 
-0.5332558 -0.7729542 -0.33996522 -0.3577011 
-0.1386639 2.8328793 -0.41458327 2.3771632 
-0.86053634 -0.4717939 1.5572547 -1.6004784 
0.9236344 0.52413017 0.24126807 -0.057827625 
0.51274836 -0.9562075 0.41050136 -0.6357089 
0.940905 -1.9943986 0.7049272 1.010612 
0.34228435 2.3764343 0.9015442 0.96241206 
-0.14402425 -1.6088566 -1.4468106 1.0030102 
-1.3375401 0.306491 -1.508334 -0.906206 
-2.5694535 0.7380542 -0.6758016 -0.6235131 
-0.4459534 -0.5902595 -0.043474313 1.2918075 
-0.74567115 3.1761909 -0.5416027 -0.7365339 
-1.7206756 0.7071087 0.47616088 0.64377344 
-0.20875837 -2.572585 -0.31497422 0.55530703 
-0.13962997 -0.4999688 0.48080736 1.6371047 
-1.3994806 -0.2180586 0.70723695 0.6925963 
-0.2214655 0.81226504 0.91594654 1.5187999 
0.106746174 -1.389611 -0.2723217 1.9700291 
0.85795814 -0.2924294 0.77416533 -0.45045152 
-1.1256348 -0.12168479 0.12746023 -0.8441367 
-0.28726643 0.37309086 -0.032816935 -0.25682232 
1.248626 -0.03748345 0.66146 -1.4865851 
-1.6213552 -0.12343313 -1.6292517 -0.0871698 
-0.84394526 -0.5946115 1.7215244 -1.8710353 
-1.1824521 -0.444009 0.0073551005 0.55110997 
-1.5156386 0.38979796 0.52142054 0.25102916 
-0.8272485 0.004428292 0.3251949 0.40514806 
1.3699334 -0.15230712 -0.6408444 -0.08524573 
0.72606486 -0.12604523 1.6120903 -1.1014675 
0.6149483 -1.2507621 0.75538063 -0.09264237 
-0.6494596 0.7970569 -0.65458196 -0.023923462 
-2.8165748 -1.3698366 0.55104405 0.5975209 
-0.15367472 0.4000271 -2.7091763 -0.06227096 
0.18432173 -0.49643695 1.1344022 0.27308747 
-0.8278924 -0.70255256 1.4072037 -0.5603746 
-0.77087057 0.5222729 -1.5242456 1.0291777 
-2.5168574 0.20566277 0.15265638 1.2009488 
0.6051578 -0.37947887 -0.56012213 -0.8425978 
-1.4291334 0.49990967 -1.1524181 0.33179244 
1.3950741 -0.07682037 1.5088761 -0.69445646 
-1.096625 0.22919184 2.0923843 0.50851417 
-0.94327694 -2.0655854 -0.54110986 -2.0734026 
0.82508916 -0.90378463 -2.627886 0.53589666 
-0.7065015 -0.5926235 -0.69464207 -1.3422165 
0.5736451 0.559262 1.057672 -2.5096195 
0.18912546 0.85547936 0.9391937 0.48391855 
-0.21638791 0.06733733 1.1001511 1.027979 
-0.9400214 -0.9719356 -0.409492 0.60859084 
0.20712635 -1.1840918 -1.7896456 -1.2008104 
0.8166748 0.22489375 0.33630463 0.80470574 
-0.6870121 0.2719279 0.92200655 -0.67663676 
-0.106574625 -0.09316719 -0.6232383 -1.6439981 
-0.79524064 0.42439583 -2.585573 1.5037558 
0.09580116 -1.4191962 -0.24042834 -0.91492474 
1.0258559 -0.110858575 1.1006483 0.111908264 
-0.70812607 1.97056 1.2718507 0.6722835 
-1.9139926 -0.8098237 -0.9588801 -0.14384049 
-1.1988547 1.4534211 0.19132863 -0.17477235 
-1.1173168 -0.7180797 0.22556612 -0.18496607 
-0.4680666 0.025053706 1.3294296 0.5102237 
-0.10396626 0.34353834 -0.77183026 -0.20902537 
-0.036380418 0.2684346 0.10859634 0.07602421 
-1.4835987 -0.6959759 -1.1202039 -1.2309237 
1.239483 -0.41333485 -0.4045853 -0.6428715 
2.2437258 -1.9920146 0.8804504 0.66973287 
0.28017655 -0.82676244 0.5472795 0.22009492 
0.48256046 1.1196741 -0.44496468 -0.48842916 
0.726204 -0.3812339 0.7840664 -1.0805234 
2.2620924 -1.2037425 0.97590864 1.1372797 
0.16019723 0.8068375 -0.8310718 0.7531735 
0.48804927 0.7755196 -1.4180987 0.054859914 
0.6602837 1.1686008 0.603061 1.0343494 
0.27358434 1.3851751 -0.41882694 1.018356 
-0.50236636 -1.4479735 1.2053913 0.17602918 
-0.77793825 0.09729076 -0.048437834 1.7801731 
1.234531 0.21124552 0.44314143 -1.3186444 
-1.1430858 -0.05024595 0.2676562 -0.89091367 
2.2788906 -0.9401061 1.9562751 0.3169533 
-0.7109339 0.15950646 1.0876285 -0.3082178 
0.73144853 -0.49553424 0.617083 -1.0741292 
0.17598939 0.87216365 -2.4724023 1.4060856 
-1.4487957 -0.85234886 1.0681008 0.84113646 
-0.81718946 -0.015249401 -1.1131248 -0.26148027 
-0.87096125 0.3193642 1.1797456 0.46999002 
-0.20244192 0.5235386 -0.03514812 -1.743775 
0.17854242 2.0101461 -0.7057866 1.1032906 
0.9928171 1.6494564 -0.40946546 1.3035681 
1.6944894 0.6270424 1.4908881 -0.5233887 
-0.66307205 -0.2263159 1.1263373 -0.8734784 
0.718291 2.0315094 0.37689573 -0.50742376 
-0.13657919 -1.1881293 0.88485 -0.4684504 
-0.64429104 0.49784687 1.6761432 -0.85168797 
0.43705022 -0.94297737 -0.8900753 0.52143526 
0.07220144 0.51763153 0.85695535 0.73477846 
-0.10844933 -0.50991607 -0.43531895 -0.19365808 
0.37205034 -0.3470422 1.3879328 0.34424394 
-1.106609 -0.73315376 -1.1289862 0.5595541 
-0.55808556 1.0689592 1.6679786 1.1484511 
0.61317945 -0.0017664132 -0.43881297 -0.2448316 
0.6888429 -0.06832129 -0.9166995 -0.32766756 
-0.03453483 -0.63028246 0.6953682 -0.7791865 
-0.0071489434 1.9988122 0.24332453 -1.1015719 
-0.23278315 0.50414497 0.46973982 0.2364626 
-0.18478504 1.068021 0.22478701 0.95348513 
0.9087067 1.1495893 -0.61733776 0.42776614 
-0.2424762 0.327914 -1.4538584 -0.03492103 
-0.4666791 0.45039758 0.62742716 1.1350262 
0.5235063 1.393472 0.7533322 0.42791274 
-0.43189675 0.72196996 -0.8281536 0.6501138 
1.3607323 -0.63670987 -1.4540865 -0.07237112 
-1.511308 -0.20017685 -1.846444 -0.57364106 
0.93540406 0.0838981 -0.8830761 -0.085359015 
-0.4977892 -0.15706594 0.47604567 -0.2629473 
0.52361417 1.3501463 1.7135328 0.33703643 
-0.40326592 0.46306396 0.40312442 0.6952158 
0.836954 1.6220042 -0.68755144 0.28013146 
-0.8119792 1.4357425 1.669897 0.46264654 
-0.1944831 2.0905688 0.070469 1.5572633 
1.150335 0.73180664 1.1324903 -1.2630194 
-0.868795 0.79460174 2.2878196 0.10390395 
0.33375254 -1.8854947 -0.67263776 -0.32235387 
0.3687225 1.5363253 -1.9910513 -0.7213906 
0.9509875 -0.2895644 0.42485273 1.3611976 
0.079244524 1.8503052 -1.0334253 -0.0138901975 
1.4676913 -1.8459811 -2.0928497 0.813796 
0.33469588 0.4133162 -0.69974625 -1.6019262 
0.8246125 -0.82447916 0.7175069 -0.6381827 
-3.029199 0.9699374 2.1258519 -0.550227 
1.3062109 0.42540744 0.33017808 0.33062303 
0.1993895 0.19694157 -0.0135895815 -0.885138 
1.1963726 1.0594422 0.4230235 -0.14413846 
-2.7350187 0.1297567 0.41206315 0.9562762 
-0.99865013 -2.4849296 -1.1540756 -0.69286084 
-0.09593174 1.4257712 -1.1627479 0.54227644 
0.73100454 -0.26917666 0.6539437 1.2257695 
1.7827588 1.2569112 -0.49312907 2.6597912 
-1.4059131 0.35142452 -0.13550128 -0.5596845 
0.26396173 0.8651241 0.36056033 -0.68748635 
-0.5166976 0.9371999 -1.054386 -0.5805518 
1.0057544 0.51249856 0.79391026 -0.64622366 
