0.71956295 0.14697917 0.2017453 
-0.020317005 -0.51070654 2.2673655 
-0.5738317 -0.8840244 1.1804267 
0.14558011 -0.88002336 -1.2045984 
-0.6198636 1.3084837 -0.99010295 
-0.09996438 -0.71235615 -0.72837967 
-1.554705 1.3809458 1.5793818 
-1.5063152 -0.45890367 -0.6848029 
0.5519346 -0.916713 -0.009699419 
0.049663935 -0.29597792 -1.0049398 
0.49199262 0.21036674 -1.3936644 
-0.7713692 1.1722661 0.2564346 
-0.11369336 0.021905864 -1.1807855 
-0.63455737 -0.1256357 0.09239028 
-0.08289087 0.49798542 -1.5696086 
-0.04110664 -1.6375797 -1.5035268 
0.2956203 -1.847296 -0.6607391 
-0.09909673 0.0013341177 -2.8864121 
-1.0433803 -0.9221969 -1.0818665 
-0.1951461 0.09506454 -0.1206753 
2.344634 -0.51533943 -0.07935337 
0.40559232 -0.9457892 0.28000376 
-0.5911691 -0.47162595 0.05062173 
-0.77853245 1.1868086 -0.4515954 
1.7424653 -0.31606987 0.73718524 
-0.5378263 1.4394791 0.23675826 
-0.6551743 1.0484525 -0.85861367 
0.20582542 -1.1304966 -1.6772994 
0.23165154 0.91767424 -0.4398971 
1.8268536 -0.3277148 0.8428496 
0.17850535 -1.3034786 -0.79492104 
0.23610827 -0.4684476 0.15388554 
0.9193249 0.200053 -0.07521442 
-0.30630577 -1.1882938 -0.29814017 
0.6439625 -0.7212655 1.2121043 
-0.7757668 -0.32476348 -0.8873304 
-0.21089478 -0.22737451 0.0055382773 
0.8731685 -0.12425871 -0.6315057 
2.3123739 -0.442753 0.13572049 
0.5194638 -0.7461231 1.4518162 
0.77407736 -0.51784277 2.2421649 
-1.4060485 -0.29871172 0.035319783 
1.0936007 -0.08409076 -0.57798034 
0.7252906 -0.032624524 0.23762093 
0.14005771 1.0588042 2.1986856 
0.6503368 -1.0989456 0.067415476 
0.50392133 2.5912855 0.2858492 
0.01062773 0.10717364 -0.8553163 
-0.5316694 -0.5271417 2.0667627 
-0.40758 -1.8050216 0.10737151 
1.5736871 -0.28574467 -1.0037519 
0.32240134 -1.0254555 -0.58543545 
1.1845113 0.8528401 0.33480966 
-0.5002211 0.4856382 -0.4003715 
0.35148972 0.06271795 0.29303366 
-0.1410461 1.1227069 -0.07468542 
2.5001693 0.3965153 -0.02186324 
0.8404163 1.2003442 0.31063786 
0.5600789 1.4516554 1.1181947 
-0.3640215 0.5291631 0.13240945 
-2.3516831 0.013434186 0.8225242 
1.5968766 -0.3009482 0.8349901 
-0.099423744 -0.31659284 -0.40073386 
-0.17812133 -0.550761 -1.0069133 
-0.2383089 -0.57447886 -0.83588755 
-0.15991063 -0.55274755 -1.6462709 
-0.02671873 -1.8095123 -0.16119379 
-0.8804174 -0.62661755 0.7648714 
-0.4566033 -0.5743343 1.7537248 
-1.3025498 -1.4725548 -0.7821034 
-0.20696354 -0.22852233 -1.1278242 
0.6755301 -2.528449 0.50722665 
-0.80244106 -0.37062624 -0.18890524 
0.26109356 0.80532634 -0.5921877 
1.936349 0.020719156 -0.5137771 
0.8027536 -0.4851014 -0.13888548 
0.3634934 -1.2228732 -0.04698076 
1.3552057 1.3523672 0.08253951 
-2.858885 -0.91014594 0.6617419 
-1.7774689 2.2506664 0.04740431 
0.5796133 0.24855196 0.94197303 
-0.39980823 1.1927694 0.51791537 
-1.0904542 2.3131258 -0.78691745 
1.2359582 -0.043746613 -2.6691086 
-2.051128 -0.04506128 0.050620742 
1.0413746 -0.8191494 -0.34913278 
-1.4731575 -0.32711768 0.28129175 
-0.31763175 0.4723955 1.030332 
-0.51826215 -1.603651 -1.1115401 
-1.640159 1.2864983 0.0098067485 
0.65113497 -0.8607023 1.0850339 
-0.6467275 -1.0197929 -0.44111407 
0.998642 -0.684677 -2.0586455 
-1.0982708 0.9359571 -0.38041025 
1.0651648 0.6549778 0.9746163 
-0.48421282 -1.2076881 0.6288358 
1.0435212 0.70711833 0.4152215 
0.7416169 -0.18008429 1.5663782 
0.52070725 1.131799 -0.54383206 
-1.5771117 -0.4342836 -0.45613745 
-0.7626188 0.12621084 0.6796015 
0.41334793 0.48744962 0.6701067 
0.073353566 -1.2641158 0.059022006 
-1.2624604 -0.5765622 0.565675 
-0.6397779 -1.1992818 -0.2736647 
0.5534676 -0.12194409 -0.4208866 
-1.359193 0.1633914 -1.5276345 
1.1811076 -1.3167694 0.08337998 
-1.3601462 0.49486756 -0.11764831 
-1.7044421 1.9611458 -1.2266737 
0.86621404 -0.25606787 2.3001173 
1.9234823 -0.15746245 2.1266346 
-0.80734575 0.03497544 -0.3230469 
-1.3360736 0.6957098 0.11375633 
-0.17667745 0.5151652 1.6256479 
-0.95915085 -0.84181124 1.2286628 
-0.6981457 -0.11746136 1.0641011 
0.7967131 2.66 2.228061 
-0.06914023 0.22539423 -0.1986232 
0.9048934 0.36722553 -1.7445928 
-1.508748 0.36616156 -0.6681454 
0.6691342 -0.49501598 0.45902228 
-0.8421883 -0.05515424 0.8973767 
-1.1655049 2.1755095 -0.4788687 
0.3863755 -0.23734592 0.12643865 
-0.19295032 0.66440606 -0.108740985 
-1.3554928 1.1863133 -0.41698813 
0.9121467 -0.95285094 0.19158848 
0.24540585 0.653633 -0.0899584 
-0.15265307 0.44776645 0.3624559 
0.5805294 0.6761783 -0.20645171 
-1.5699981 -0.29784298 0.23464152 
-2.2196708 -0.59150875 -1.2299783 
1.930257 0.012874967 -1.0960572 
-0.5520357 -1.6874381 0.33262867 
-0.76486295 1.514277 -1.3030943 
-1.5218391 -2.088355 1.3411654 
0.39931455 1.92108 -0.99327314 
-1.3701941 1.060467 0.7827569 
0.8392183 -0.023006603 -0.3177606 
-0.35592932 -1.2189443 -1.0684316 
-1.1663108 -0.67321086 -2.1182797 
-0.056723755 -0.5135812 0.97082216 
-0.12165639 -1.8938985 0.2914496 
-1.1206638 -1.1197207 -0.7900578 
-1.1062696 0.49258307 0.7486869 
2.2660072 -0.53546715 -0.81639284 
-0.8090611 1.1832646 1.2001476 
-0.86930823 1.0497067 0.68548036 
-0.41727108 -1.9940729 -1.2592363 
0.8069256 0.3610505 -0.54311395 
0.8689971 0.73876446 -2.9251783 
-0.94552326 2.5138307 -0.27347413 
1.0823861 -0.1830574 0.5770683 
-0.35294545 0.46074626 0.89073116 
-0.7925966 0.35669455 -0.85117114 
1.8205986 -1.5328726 -2.2957752 
0.48324093 -0.76319754 -0.3941727 
-0.23282586 -0.2482382 0.68536466 
-0.8836787 2.0776598 0.0685536 
1.5683665 0.25307056 1.273491 
0.23851012 0.41868368 0.50246555 
-0.1888554 -0.70738685 0.045113344 
-0.9028757 -1.5587395 -0.57688016 
1.0777999 -0.83831716 -0.36488274 
0.11575072 -1.1735127 -0.49805936 
0.21147138 -0.4397535 0.13290086 
-1.1135001 -0.81414 0.8573679 
-0.29248336 1.2476448 2.6506252 
-0.39768264 0.00428934 0.48542 
-0.24587922 0.40850404 -2.0722957 
1.2967399 -1.2789665 -0.038582202 
-0.9830225 0.86193 -0.87706596 
1.0141313 1.0758432 -0.38808545 
-0.14896 0.21520641 -0.7544508 
0.51270294 -2.130438 0.55464554 
-1.4234978 1.7085356 -0.0029052093 
-0.82913566 -0.730007 1.0432786 
-0.9132232 0.034261856 0.45392492 
0.9917849 1.3207318 -0.59092516 
1.4433548 -0.20540364 1.3245468 
1.0831083 0.49836117 -0.3528904 
-0.40905878 0.39977106 0.84492826 
0.5515588 0.70988035 0.7027456 
-0.36332414 1.2686065 1.5929283 
0.5444377 -0.18477607 -0.047355775 
2.1958075 0.6872893 0.47362885 
0.11791012 -0.29014668 -0.0022475813 
-0.29263446 -1.607166 0.24198939 
1.5814131 0.40854344 0.83667237 
-0.6895211 -0.45792282 0.8784263 
-0.67823416 -0.5910986 1.6531961 
-0.63741297 1.1003311 -0.16833569 
-0.49489188 -0.10538577 0.4343061 
-0.015650263 0.34624898 -1.5295829 
-0.007765565 1.9462456 -0.37890998 
1.2653257 0.7294072 0.42374125 
-0.9312037 0.2787393 -0.59836715 
-2.2660172 0.740107 -2.1312425 
-0.3515984 0.4072649 0.32690954 
1.1659377 0.7847608 -0.44690013 
-1.579111 0.5520995 -1.1038677 
-0.19489028 -2.0067348 0.49192494 
0.6322464 -0.35083538 1.4810518 
0.77209646 -0.42311537 -0.38696432 
0.783744 0.68670034 -0.5333346 
0.88911843 -0.9220493 1.2738986 
1.4515997 1.8009382 -0.55418885 
-1.342205 0.12141432 -0.70086724 
0.065233 -0.10087677 1.1216073 
-3.0326543 0.090592206 -0.3041584 
0.93721485 0.35996333 -1.1794428 
-0.65221876 -1.6169833 -0.7301199 
-0.5499099 -0.48218495 0.66645324 
-0.501556 -0.6360293 0.37109867 
-0.5407543 0.60279 1.3915284 
-0.36111087 -0.2382771 0.88533175 
1.2669382 0.48704448 0.023609942 
-0.23259915 0.44779328 -0.8523378 
-0.7290973 -1.3083544 1.513402 
0.9459939 -0.42300808 -0.8522965 
-1.1556542 -0.7608445 -0.5262223 
0.41438514 -0.56899214 -1.7567061 
-0.05037239 -1.587629 -0.933021 
0.08920234 -0.06450926 0.4785399 
1.781586 -0.22337775 -0.13861643 
0.41526312 0.6026932 -0.6240595 
0.2147099 0.40332118 1.0392325 
1.0835117 1.3222933 -2.1542072 
0.91486406 0.20511886 0.6913986 
0.7662737 -2.1813738 -0.7788271 
-0.16030271 -1.4034278 0.33753502 
0.5556688 1.8213925 -0.42402196 
1.521563 -3.0482857 0.24417505 
-1.6964358 -0.7607276 -0.22593006 
-1.0282205 -0.44334346 -0.45558286 
0.93336713 -0.03344968 0.3499581 
-0.8401744 -0.78628016 0.87303245 
-1.6153756 0.78798544 -1.746867 
-1.8048698 -0.805307 -0.8310093 
-0.15954709 -0.6189775 1.5182278 
-0.1750414 -2.1756532 -0.11553935 
-1.6737908 0.68708134 -0.3097536 
-1.0470952 1.5348982 1.0157243 
0.46578738 0.33766186 -0.80317265 
-0.87069106 -0.73338777 1.7173866 
0.6193865 0.49503776 -0.96359956 
-0.3925941 -0.38773382 0.01870572 
0.94075435 0.030759957 2.3081968 
-0.20614651 0.6677949 -1.7737862 
-0.59017175 0.22083992 0.57910484 
1.3517349 -0.19444932 -0.042143933 
1.7649686 -0.72853994 -0.42565948 
-0.38350183 -0.19441985 -1.342114 
-1.3363264 -0.86912936 -0.9482598 
1.1601197 -0.9275606 -1.0473095 
0.8624093 -0.95375234 -1.0421524 
-0.77569234 -0.016301373 0.49544504 
-0.40624186 -0.30271688 -1.5264249 
-0.40625557 1.83311 -1.7388088 
-0.8769054 0.7921991 -0.8113854 
-1.0698751 -0.09632113 -0.2866636 
-1.3762797 -1.0882457 -0.9890274 
-0.7524384 -1.5677648 -0.3278102 
-0.040015027 1.6224073 -0.7337593 
-0.7066153 -0.20904009 0.15761466 
1.4994056 0.47804388 -0.6397442 
-0.35073307 -0.094712794 -0.57463187 
-0.21664403 1.0002178 -0.90803105 
-0.867022 -0.35402697 1.2361283 
0.121911645 -0.43735707 -0.5593013 
-0.20114166 1.241707 -0.21496221 
-0.873849 -1.0288377 -0.6066022 
0.54954326 0.99086493 0.6390622 
-0.17996049 -0.6854682 -0.9160245 
0.88539505 0.14074472 -0.9369794 
-0.3549785 -1.0263005 0.18723615 
1.3891146 -0.1919885 0.08961799 
1.6007273 -0.6209849 -0.4173549 
0.6999504 0.06263292 -0.7251206 
-0.81335884 -1.536162 0.28549594 
0.5357584 -0.30892172 0.08164433 
-0.8526223 2.1733034 -1.0138524 
-0.120915644 -0.9169505 -0.6048448 
0.6000616 -0.073014684 -0.646211 
0.21563317 0.57925415 0.26719883 
-0.52021724 0.13409705 0.56836146 
-0.8773099 0.32854557 0.108145535 
-0.09882074 -2.8076208 0.16493668 
-1.0522175 -1.0867577 -0.5463212 
1.2374125 0.21660991 0.38629207 
0.6268388 -1.3886324 -0.950201 
0.008690997 0.7387911 -0.2986521 
-1.8595642 -0.4975129 -0.031584777 
1.4389304 0.91984266 -0.9968039 
0.3820803 0.17948996 0.8899414 
-0.11908754 -0.09946491 -0.056345046 
-0.7255502 -0.61546016 -0.8881842 
-0.9771324 1.5887899 0.4154231 
-1.3715072 -0.12932608 1.536816 
0.28974587 -0.45015365 -0.16310243 
-1.8869506 -0.25642243 0.50991094 
1.3546158 -0.85645115 0.276044 
-0.4034321 -0.13986944 -1.0176146 
-0.98079586 0.7097966 -0.78850746 
0.836942 -0.24180606 -0.80535537 
-0.9162665 1.5944325 0.54545677 
2.584876 1.0041642 0.13214745 
2.4650083 0.57192224 0.3012677 
0.5053098 -0.0036805947 -0.56754076 
-1.377087 1.7795644 0.03101658 
-1.0532708 -1.3780518 -0.415441 
-0.4941738 1.365279 0.83411366 
0.8836829 0.52408594 0.54750586 
-0.47046658 0.568353 1.1067654 
0.097936764 -0.5385902 0.10483092 
0.27048853 -1.0994941 0.20620245 
2.257107 -1.2537436 -0.60590345 
0.69470316 -1.3944564 -0.56954986 
-0.26019633 -1.7682897 0.373197 
-1.0712668 0.51037425 -0.18443249 
-0.38944858 0.44415364 -1.0238497 
-0.74678355 0.7631195 -0.1408646 
1.5031371 1.294593 1.0899866 
1.2378273 -0.37011498 -0.6965374 
-0.7520249 0.5454758 -1.5502517 
-0.18725578 -1.4104091 0.2702247 
0.5337804 -0.74961805 0.640231 
-0.79295033 0.6588954 -0.20856093 
1.0864742 -0.3759221 -0.92765653 
0.9581267 -1.0535735 0.2117316 
0.28101218 0.906492 0.06440364 
-0.47248098 -0.062269643 -0.620255 
0.8065486 -2.034037 1.0735713 
-0.9669029 0.7354682 -0.7671739 
0.058704168 0.42740402 -0.7404656 
1.2604903 -0.40723336 1.9835502 
-1.0419943 1.8530362 0.8560009 
1.1894468 -0.85019165 0.3227618 
1.6429207 1.2874007 -0.45449215 
0.4691307 -0.560233 0.1879966 
0.40766108 1.1273332 0.08404939 
0.013162602 1.753608 0.052251697 
0.4356768 0.11592373 -0.25460103 
0.11920005 -0.5373587 0.5629433 
-0.74649197 0.7912099 0.8074123 
1.4733894 1.0790596 -1.0518694 
-2.1808658 -0.50007755 1.4129792 
-1.0815545 -0.7964276 0.031537447 
-0.24484248 -0.7281581 0.15101635 
0.101477064 0.45102546 -2.2089908 
-0.46112156 0.27899098 1.7323536 
0.04117903 1.5840135 -0.1239832 
-0.9821332 -0.32381052 -0.46635818 
-0.6063672 -0.06647565 0.026333444 
-0.038498178 -0.25695217 -0.40826663 
0.8314772 1.3222678 1.4089476 
-0.8104314 0.10740622 -0.47808075 
-0.5572678 1.3648702 0.9855052 
0.97194165 -0.5483928 -0.9458538 
-0.88870895 0.062140834 3.078974 
-1.2113744 -1.0215865 0.42903638 
-1.8036513 -0.15068981 1.0295396 
-0.028762462 1.1713126 0.48616683 
1.5126094 0.11261917 0.634024 
0.061796237 -1.0757372 0.8806352 
-1.3992642 -0.8564687 0.7094363 
0.9708378 -1.2917473 0.68211997 
-1.2633111 0.016425809 -1.1138955 
-0.9706904 -0.57577795 0.7638066 
-0.7942975 0.04992926 1.0433205 
-0.105477825 -1.0217252 0.20872416 
0.10315876 -0.107836656 0.5583645 
-0.5858513 0.36244574 -0.067223415 
-0.82872564 -0.30711532 -0.0015803543 
-0.2538706 2.5449686 0.2991307 
-0.73975754 -0.86085564 -0.21978633 
-1.0092831 -0.94648755 -0.26405466 
0.71904963 0.76117074 -1.1146395 
-2.8087134 -0.7261768 0.20929202 
-0.7952366 0.8921577 -2.9103854 
0.9692392 -0.4824101 -0.73609364 
-1.9930872 0.92077094 0.21631859 
0.7055135 0.7599255 0.0672492 
1.376418 -1.1092738 -1.8578556 
-0.55902934 1.5825425 1.5459064 
-0.014317167 -0.5549529 -0.78127015 
0.16508256 -0.24715804 -1.131305 
-0.9058365 0.35508403 0.4224303 
0.95116013 1.8256111 0.7340624 
-1.1754307 0.004665549 -1.5029346 
0.9453787 1.2468872 1.1630176 
0.30641645 1.378393 0.36626503 
0.3088072 0.83588433 0.015904555 
-1.1631175 1.4428862 0.8699762 
-0.8764 -0.70125073 -0.8237483 
-0.85815156 -0.24143422 -0.45231587 
1.4026419 0.85984385 0.75778776 
2.5354078 2.069469 0.3157892 
-0.22240813 2.5273457 -0.81080925 
-1.2893237 0.49105045 -1.3558598 
0.4989895 -0.83242387 0.07557303 
0.83626986 -1.1467506 0.13280144 
0.2238754 0.737535 -1.9867077 
2.0523632 -0.50650656 1.3093963 
1.5307513 -2.3149135 -2.3145354 
-0.05947066 0.8881162 -1.5727942 
0.9810716 -0.5712834 0.23586532 
-0.1590854 -0.9331464 0.3270166 
-1.1315856 -0.15061258 -1.3776501 
-0.23133649 0.071350925 -1.3463851 
1.5558914 1.7488406 0.09572653 
0.8620149 -0.30625284 1.5744259 
-1.6749738 -0.41726 -0.16001284 
0.7046949 0.100289345 -0.65489775 
-1.094528 0.6829583 -0.10264188 
-0.5543379 -0.09694443 0.07042255 
-0.6791313 1.3408529 -1.240118 
-0.42346716 0.021495169 -1.1325828 
0.3994113 0.021279726 -1.6780002 
0.73228323 1.5519505 -0.8747754 
-0.79230356 0.34525937 -1.3789531 
-0.10638757 1.4627467 -2.589138 
-1.8547752 1.0640029 -0.19266778 
-0.16210178 0.6269199 -0.81329024 
-0.8003744 -0.13237353 0.27279708 
1.728868 -1.6273109 -1.330844 
0.17307988 -1.3527293 -0.30904496 
0.31979722 -1.901599 0.5503116 
0.9351413 1.0220127 -0.55589706 
0.48351943 -0.88980395 -0.10614995 
-0.6178602 2.338341 1.5010418 
0.27993122 -2.263731 0.85175246 
0.91095 -0.12120692 0.5102766 
0.09017411 1.8920053 0.73637754 
-0.71743363 -0.19646658 1.4090166 
-0.9047557 1.6633296 -1.0494263 
-0.05134045 -0.7985654 -1.2924516 
-0.76230186 1.41525 -0.7701337 
0.5941055 -0.71992487 -0.30252743 
0.2865428 0.7758495 -0.385294 
0.7243186 0.68735754 0.6961754 
0.18524723 0.20030847 -0.2663231 
-0.23511145 -0.3001756 0.30407745 
0.34624818 0.78068775 0.18963864 
0.29823908 -0.46412548 1.9127347 
-0.06976413 -0.1516278 0.6428816 
-1.2772741 -0.69189954 1.1232381 
0.6882923 0.8682176 0.07508585 
0.2775262 0.07682946 -0.20688154 
-1.1748992 -1.8418252 -0.25745192 
-1.0449333 0.66109616 -0.6225844 
-0.9806646 0.28959396 -1.3820982 
0.5731629 -0.21927908 -0.03990855 
2.434602 0.54745907 -0.14047836 
-0.1578099 0.98258877 -1.1339675 
-0.7939222 -0.10996307 -1.8644875 
-0.4025926 -1.4071867 1.1510155 
2.0708468 -1.4869932 0.46805328 
-0.4297867 -0.7219366 0.71864873 
-1.4898856 -0.34416497 -2.617556 
0.20876314 0.005944576 0.6987448 
0.40730974 2.1555204 -1.1807328 
0.756832 1.100559 -1.3382384 
1.0178447 0.37299886 -0.29217082 
0.26149818 1.7865537 -2.3994215 
-0.19783635 -0.67691934 0.0042615323 
0.057291944 0.08232589 0.5403913 
0.40071085 0.6241417 0.34333655 
-0.38247493 -0.47845453 -0.029034141 
0.90943646 0.21565466 -0.014185271 
-1.3562821 0.4544351 0.45729375 
0.21601121 -0.12088405 -0.5805697 
0.41223365 -1.156473 -0.1794316 
-1.9423152 -0.0049096043 0.36803523 
-0.28161526 -0.120467834 0.22543672 
-0.20521733 0.093996875 -1.273363 
-1.1161906 -0.30855224 -0.053793393 
0.48127416 -1.5999424 -0.58741444 
0.87316996 0.7157021 -0.12024529 
-0.96813077 -0.05286599 1.4160147 
-0.32191077 0.006375048 0.48825476 
-0.18754412 -0.9558355 1.4186488 
0.39099762 -0.73524123 0.11782228 
-1.7602965 -0.21757773 -1.5659744 
0.84735745 0.7492676 0.034717787 
0.46889707 -1.4456564 1.1833185 
0.4816832 -0.16452196 -0.85653526 
0.5258375 -0.45495102 0.5554141 
1.5800797 0.065973885 1.6770597 
0.88154936 0.75176346 1.2917116 
0.75980484 -0.07123094 -0.7424442 
-0.350392 0.45621538 -1.130939 
0.046646655 -0.13765728 -1.1382805 
-1.0085827 -0.85599625 0.13793875 
-0.1573759 0.57332647 0.6105729 
-1.6245314 1.1557667 -0.82462555 
-1.0611136 2.065422 0.085195355 
0.8369489 -1.1273876 0.7304899 
0.5698123 0.4047632 1.7860211 
0.3791505 1.0513207 0.1684653 
-0.49305663 0.48989534 -0.9149547 
-1.7974726 2.1467962 1.4255781 
-1.6703033 0.33169705 0.581183 
0.62705946 0.18738623 0.93379855 
-0.73403966 1.2356203 0.5811635 
-1.1089585 0.18568857 0.08580116 
0.4435271 -1.2834446 0.2958401 
2.228933 -0.60010064 1.3338829 
1.4016999 -0.8559853 0.027740484 
-0.49211648 -0.7876048 0.5400782 
-2.2333531 -0.74853736 0.24535207 
1.3022964 -0.9420612 0.12067814 
-0.56892604 -0.9877283 0.9329864 
-0.09409773 0.41472977 1.1316551 
-0.5505817 0.14621548 0.061774716 
-2.3240857 0.8812958 -0.1320168 
-0.13674602 -1.015112 1.2110372 
3.7926855 -0.16915524 0.3845074 
-0.4694938 0.88338375 0.31982046 
0.17072204 -0.52511865 0.62081635 
-1.3215221 -0.46771565 1.0692959 
-0.88694566 0.025764877 -0.08364587 
-1.7975556 0.7202087 0.20243831 
0.23925392 -1.4132872 0.37301397 
-0.25030258 0.08840021 0.36058116 
0.7429591 -1.0784202 2.3031015 
-0.4750431 -0.48422638 0.4406723 
-1.7514558 -1.3004067 -0.6114577 
-0.4977949 -0.48435286 0.21891072 
-1.8411449 -0.039802577 0.78619355 
1.6103524 0.27796185 -1.0072479 
0.7408041 -0.18858391 -0.58573854 
0.10082845 1.3905416 -0.01592054 
0.43805856 -0.12148576 -0.53691536 
0.6555059 0.7129496 0.46438184 
1.5964204 -1.3018271 -0.4211505 
-0.14936483 1.525602 0.960933 
1.0368484 1.0053868 1.5016735 
-0.1325282 -0.28676122 -0.7322418 
-0.13394333 1.8218279 0.39523125 
0.7879652 0.7526744 -0.48859146 
0.046956137 -1.1651605 -2.6349268 
0.89286894 0.4175661 0.2846931 
-0.004698874 -0.06333261 0.35630804 
0.9756631 0.5299707 1.7328466 
0.08723375 1.2822317 -1.9069551 
0.08583376 0.8110213 -0.7536289 
-0.32682225 -0.6058589 0.72891456 
-0.96866417 -1.0514598 -0.6107716 
0.32329237 1.9690287 1.578683 
0.96767 0.10481017 0.81745887 
-0.72066295 -1.2442352 0.26236248 
-0.27828753 1.0456563 -0.3023459 
0.958741 -1.3697174 1.9175603 
0.5494504 0.32207882 0.45128754 
-0.48545876 0.02535974 -1.422278 
0.76825905 1.1706349 -0.15577227 
-0.51185095 -0.570786 1.1557395 
-0.6981888 -0.5901493 -2.1654582 
-0.6779538 0.7309927 -0.9860734 
1.5380466 -0.6728256 -0.26931122 
-0.5379821 -0.6600047 1.1346115 
-1.555992 1.2800059 -0.23564209 
-0.3226565 -0.73263615 0.35560217 
-2.7328632 -0.21547826 1.6365384 
1.5079224 -0.28587487 0.49039403 
1.0130895 0.7502313 0.72461885 
0.97570926 -0.69908637 1.5664439 
-1.820463 0.70713425 -1.9773306 
0.032892417 0.6981106 -0.39810574 
0.42695376 2.2702978 -0.096197814 
0.017405793 1.1297921 0.37208152 
0.36479688 -0.21135375 -0.63337874 
-0.028910225 -0.59551525 -0.3619058 
0.41237944 1.6300216 -2.1039708 
0.93980086 -1.0753244 -1.3018478 
1.7762785 1.2155638 0.30227095 
-1.344974 0.3466881 -0.06899521 
-0.5312915 1.1633401 0.17280914 
-0.7897609 -0.5570915 1.507502 
-1.022749 0.6212197 -0.11719032 
-2.9022698 1.1140177 -0.8469201 
0.83380973 -2.3968542 -0.17142947 
-0.36710083 1.486157 0.1793895 
0.28097633 0.7036373 0.7434421 
0.12758325 -1.594234 0.49682558 
-2.3364365 0.50760657 0.37061396 
-0.38687485 0.14831363 -0.5858704 
0.35472605 0.1106016 -1.7983481 
-0.48086315 0.39310133 2.2817018 
1.5765684 -2.1317065 0.025892999 
0.24910866 -0.32630718 -2.2090375 
-1.1606668 0.8832968 0.17613953 
0.45916638 1.3043157 0.3451276 
1.6479251 -0.4258513 -0.7450803 
1.0693277 -1.2365755 -0.24400134 
0.10036239 0.20190506 -0.43890786 
-0.65048325 -0.6878464 0.31305844 
-0.30421096 2.3264177 0.38554987 
-1.9497416 1.1128418 -0.9969718 
0.007063522 -0.8249404 -0.18298572 
0.29009005 -1.9270589 -1.4466013 
0.5591874 -0.19552785 -0.29413572 
1.6775959 0.34911504 0.95905846 
-0.947592 -0.4225641 0.47473538 
1.1200042 0.15643758 1.0311852 
-0.21144529 -1.08218 -0.3152415 
0.10270304 -0.17864089 0.25202733 
1.0839685 1.2399395 1.8421092 
-0.26324892 -0.68359685 -2.0025034 
-0.2694803 0.35010076 -0.91237324 
-0.69943017 0.305933 -1.4845767 
0.65703154 1.0874692 -1.0463755 
1.3108078 -1.7216706 -0.15447977 
-0.115763105 -0.27083907 1.2381475 
1.6959978 1.8042388 -0.78688365 
-0.5893227 0.35818166 -1.3228445 
-0.7258623 -0.047788166 1.3077098 
-0.5581503 -0.87851423 -0.86892945 
-1.6757764 0.6430591 0.6437822 
0.37521777 -1.1486286 -1.320046 
2.614427 0.70659566 -0.22299013 
-0.28448522 0.11473306 1.584761 
-1.1254565 -0.06358115 -2.4691143 
-0.5879702 3.168599 -1.276722 
0.99972594 -0.33415207 -1.9311744 
0.4233044 0.27036136 0.88611764 
0.78184605 -1.0339012 0.23890765 
0.4051089 1.3352827 2.00885 
1.402308 0.80442065 0.6683563 
-0.23287009 1.4821428 -1.2590665 
-1.4430479 0.5951079 0.20426752 
1.8502655 0.3116569 1.2087154 
-1.2016275 0.3048077 0.13951664 
0.2874173 0.14584766 0.8392645 
0.45923898 -1.4543418 0.13130175 
0.44622093 -0.31049293 -0.02226622 
-0.08729526 -1.7773426 -0.033598773 
0.72581184 0.37300026 0.40373576 
-0.78890955 -0.97176385 -0.7766724 
-0.6917225 -1.6828715 0.5626947 
-0.76820797 0.18992813 0.25087234 
-0.06438977 0.25256583 1.0440401 
-1.7196332 -0.26586363 -0.871083 
-0.043287504 -0.1265773 1.203671 
-0.11342294 -0.45835412 1.0237874 
1.6417168 0.68918276 -0.004327953 
-0.71919966 0.6180512 0.9633 
-1.5730792 -1.0630317 -0.23462547 
1.8696079 0.5303972 -0.016829565 
-0.7843828 0.34290245 1.3840194 
-0.58009624 1.3223624 -0.17351922 
1.2947631 1.3109239 1.6221672 
0.18864578 -1.3959169 0.9021006 
-0.61596566 0.31429416 1.1143252 
1.1634594 0.19192564 -0.55393165 
1.3761195 -0.912006 1.0653802 
0.48936117 0.5546716 -0.77994984 
-1.4006661 1.1283344 0.748327 
1.4113885 0.4248083 -0.699635 
-2.0190475 0.36675417 -0.28691366 
2.2813952 -0.24153939 0.709465 
-1.3807064 -0.72011477 1.1195351 
0.4118164 1.1348531 -0.73464805 
-0.11406836 0.8353115 0.9170668 
0.14337194 -2.2476711 0.42088604 
0.48630136 0.38041636 1.1251975 
-0.498933 -1.4626775 -0.73138607 
0.2985887 -0.5339389 -0.84169 
-1.909297 -0.3925025 1.2944021 
0.40720636 -1.2657057 -1.2109684 
-1.9077907 0.07208115 0.18198052 
0.17935039 0.5582498 0.25818166 
2.4607043 -0.750669 0.40918973 
0.028777266 -0.25762972 1.8766137 
-1.228891 -0.13818984 0.09419053 
0.17593777 0.28593832 -0.6413066 
1.1821706 -0.7235071 0.08959103 
-0.88357234 0.11603631 1.2912 
-2.2021217 0.5340833 -0.6606294 
-1.3053916 -0.33551848 0.4705232 
0.93948615 -1.0667777 -1.5039588 
-0.24698263 0.9676583 -1.8540345 
-1.2311918 1.1230149 -1.0274254 
-1.434911 0.391396 -0.73311937 
1.3541316 0.60016036 0.86721504 
-0.31479493 0.091352805 -0.65897226 
-1.2359108 -0.6986876 -0.83483624 
1.3239906 -0.48465583 1.6712987 
0.69735974 -1.821648 1.5179598 
-0.19801402 2.1655633 0.83850443 
-0.6747982 -0.13892008 -0.4136066 
0.98661363 0.5055349 -1.1568774 
0.6784123 -0.0033049327 -0.51813024 
1.7284529 -1.0463564 1.5712405 
-0.55822766 -1.0685991 0.453023 
-2.5449784 0.979814 -3.33985 
0.7302408 -0.33433858 0.35605028 
-0.20029151 -0.6131623 -0.9834631 
-0.10531805 0.9989533 3.1936772 
-1.2195296 -1.0711914 0.42666474 
0.9440866 -0.9621937 1.2392833 
-0.60819846 0.46800175 -0.23794919 
-0.69672185 -1.2629678 -0.8934096 
1.0854108 1.3458481 0.3091097 
-0.8202317 -0.8983285 1.4742533 
-0.7219688 1.5092643 -0.17837137 
-1.1266729 -0.26660454 0.3669941 
-0.46750125 0.71641934 -1.1690534 
0.8983197 -1.071145 -2.0842693 
-1.0604719 0.23559678 0.6393284 
1.7258301 0.43054533 -0.9653248 
-0.07266854 1.2546949 0.45667398 
0.3473338 0.91871554 -0.020607715 
0.48148185 0.59463614 0.8489119 
0.22181875 -0.046836164 -1.0683285 
0.10366937 -1.2574339 -0.6939344 
0.2933325 1.0150533 -0.8718495 
0.38819933 3.4050183 0.61965454 
0.83397835 -1.2254155 -0.2509519 
0.0028236946 -0.3143794 1.6361681 
0.7117206 -0.33127925 1.3209115 
-1.2907149 1.3413054 1.5807536 
-0.48334768 0.9847567 -0.25362307 
-1.8716545 0.33428404 -0.3674156 
-0.5613459 0.021860998 -0.5374403 
0.16197759 -1.3393399 -1.9538119 
0.18042393 -0.9845257 -0.23358643 
-0.22727934 0.3034857 -1.9228445 
-2.1449773 1.0987017 1.2532647 
0.49665055 0.5885316 1.0614933 
0.24224947 -0.3409261 -0.9166852 
-1.0875909 0.008483052 0.99458593 
0.35573718 -0.33638212 1.2304944 
0.20635098 -0.19327351 -0.3726555 
-1.543049 -0.75349593 0.28518337 
-1.7886382 -0.6667512 0.65082294 
0.19498987 -0.07566674 -0.75428766 
0.34111592 0.085445985 -0.6235496 
-0.5455532 -0.5615032 -1.1164297 
0.630532 -0.319299 -1.2779285 
0.06822765 0.21716642 -0.69890004 
-1.405401 -0.15358576 -0.22249101 
-0.4776481 -1.0165608 -0.18707092 
1.5945859 0.4206231 -2.0295258 
-0.00644467 -2.0838835 1.1458405 
-1.54157 -0.9294535 -1.0152208 
-0.42717287 -1.0170492 -1.2141782 
-0.21336111 -0.5407536 -1.0485754 
0.17507552 -0.123094074 1.0630349 
0.17501271 -0.26025143 -0.9586068 
0.53039914 1.0856295 -1.7588093 
-0.8609553 -0.31819978 -0.8301326 
-0.19041102 0.38105452 -0.19822168 
-0.39673197 1.1271974 0.18840683 
0.1743747 1.3281715 -1.5655291 
-0.20735174 0.8342754 -1.7912327 
-1.0484321 -1.9972003 -0.16730282 
-0.12575483 -0.11317955 0.14228944 
-0.52729607 -0.11543643 -0.5363902 
-1.336797 2.1155767 0.6040689 
-0.9833879 0.032654647 0.796616 
-0.46697378 -1.1775872 0.23115851 
-0.3858025 0.1859816 -0.9041427 
-0.019127285 0.25472534 1.4520905 
2.318876 -0.68789923 0.6091804 
-0.09761683 -0.4259926 -0.63421607 
-0.95555145 -0.77861005 0.60258806 
0.20245495 -0.55470747 -0.8396154 
-2.182169 0.8914772 -0.9324873 
-0.98085374 2.0380921 -0.24114914 
-0.5030476 0.58035624 -0.95941013 
1.1023028 0.9024513 -0.18361183 
-1.3657614 -0.978016 0.762823 
1.680992 -0.38486487 -0.196469 
-0.9675158 -2.723975 0.3390543 
-0.90424883 -1.881697 0.35674596 
-1.56539 -0.92713916 -1.1501031 
2.13469 -0.46436784 -1.8014685 
-0.5217334 0.6194931 0.2247994 
0.7700332 0.33733258 -0.11033654 
-2.270098 -0.7935657 -0.93007725 
0.8027932 -0.9195956 1.1837825 
1.1754279 0.15413131 -1.7025055 
-1.2139428 -1.4196455 1.7620875 
-0.5199079 -0.67938685 0.4787292 
-0.66315186 0.007231036 0.74151367 
-0.1296992 0.9328255 -0.13420591 
0.33668563 -0.6737103 -0.62937176 
0.58829826 0.109954774 -0.30705342 
0.7891947 0.8958839 -1.5185819 
-0.2153431 -0.22824316 -0.42901632 
-0.54399794 -1.6385854 0.24440998 
0.42658994 -0.39717564 -0.99195135 
0.5470197 -0.6518334 0.61539114 
-0.7163318 -0.6388152 0.86875665 
1.0492705 0.044269335 -0.97032166 
-1.4698522 -0.23431942 -0.21396042 
0.8054968 0.08270418 -1.3595839 
0.098307006 -0.021725383 -1.9971744 
-0.09872229 0.07495477 -0.8522049 
1.435153 0.15599404 -0.80243665 
0.86815727 0.7661348 0.11056348 
-1.7864481 -0.0637578 1.201733 
-0.99341744 0.60920554 0.62012905 
0.23877081 0.056790333 0.9414069 
-1.4300207 -2.0992174 -0.086735584 
0.115518644 -1.0297935 0.31408644 
-1.246643 0.39536497 -0.47938383 
0.15359916 1.8405894 0.14485177 
-0.66587603 -1.2255347 0.60768986 
-0.4784242 1.2118161 0.71995467 
0.5577471 0.8225939 2.0039322 
0.59775096 -0.3840781 -0.90630025 
-0.15127039 1.1792047 -0.1285812 
1.1925404 -1.3793663 -0.16689514 
-0.4392635 -0.36336732 1.3423785 
-0.3430069 1.4063791 -0.738182 
1.1481206 0.10045377 0.053618412 
-1.614574 0.11196685 -0.010210101 
1.4345636 -0.5727031 -1.3238866 
-1.4370993 -0.25126603 -0.56016934 
-1.1734445 -0.71622366 0.034748074 
-0.2773594 -0.9799644 -0.19838524 
1.0518677 -0.32883254 -0.29509452 
0.14544728 -1.3950673 -0.83619696 
1.1854041 1.6091589 -0.31050348 
1.531215 0.8075029 -1.2564845 
0.35485062 1.4369171 2.0062234 
-0.09959134 -0.02821588 0.09503964 
-0.74825585 -0.3136069 -0.40366414 
-0.024158286 -0.90491754 -0.011485061 
0.06860355 -0.064932756 0.7140939 
-1.14309 0.16529153 1.0387287 
-0.96112317 -0.18778642 -0.038381163 
-1.6704661 0.1982556 0.0342542 
-2.505747 1.3141937 1.4543663 
2.715388 0.41437486 0.438819 
2.0234215 -0.019849492 0.14284834 
0.4216834 -0.17592496 -1.0486633 
-0.92336017 -0.077894114 -0.062135164 
0.14943178 0.37285575 -1.4881933 
-1.7102704 -0.7625457 -0.19147749 
1.0699754 -1.0236953 -0.021625292 
0.44276938 0.27449182 0.045884486 
0.67467684 -0.8036223 -0.5676885 
0.63296866 2.0998242 -0.16169392 
-1.0148368 1.4862455 -0.043716468 
0.0953724 0.16578278 -1.0503725 
0.9679295 3.0488892 0.5429944 
0.5293124 -0.35188478 -1.3447092 
0.044120543 -1.6642431 2.081519 
1.7013944 -1.0001959 -0.26942366 
0.7231687 -1.1275119 -0.61446375 
0.65712726 0.7556048 -0.723612 
-0.6539882 0.21609138 0.21982898 
-0.22617391 0.2244924 -0.82098275 
0.7280832 -1.3684831 -0.8856903 
-0.23834729 -1.0748729 -0.5358315 
0.33194456 -0.9751952 0.51075023 
-1.3080926 -0.11301075 -0.4181171 
-0.36115503 0.24296723 -0.84578747 
-0.21122599 -0.65870327 -0.84389246 
-1.0081843 0.10007449 -0.28099543 
0.52747947 -0.9512688 -0.34615123 
-0.45788053 1.1116292 0.2164174 
-0.92862153 -0.5688552 -0.035383325 
-0.6365991 -2.19711 1.3224565 
-0.48349667 -1.9353057 -0.64628863 
-1.2939558 -0.740691 -0.2847894 
-1.7288474 0.06852048 1.2932156 
-0.032753408 -0.20600507 1.2486601 
1.0532103 0.026481155 0.29761332 
-1.1119634 -1.6395191 0.081882924 
1.2702594 0.95363754 0.29444808 
1.4255594 0.5793917 0.85949284 
-0.8912168 -0.7779391 -0.08092683 
1.1645429 -1.0877985 -1.7751904 
-0.6970244 -0.4159985 1.065294 
-0.9833899 -0.4399421 -0.1733365 
-0.73416275 1.5035433 1.9001956 
0.20024842 -1.0188634 -0.41916043 
-1.6416022 -0.89198726 0.12508799 
-0.094286956 -0.6081192 -0.6440421 
-1.6720963 1.0393437 0.61648786 
0.24675345 -0.3646883 -0.6470856 
0.44225484 0.934637 0.097944774 
1.2371383 -0.25385472 -1.0039405 
1.6773454 0.242215 1.452814 
1.0563716 -1.5154865 0.07911294 
-1.5962073 0.3291663 0.851885 
-0.21322179 0.19522233 -1.6160256 
-0.0347092 2.3347905 -0.42732397 
1.2368971 0.0673018 0.442473 
-0.2724048 0.9431593 -0.4915126 
1.16899 -2.1887302 -0.6521994 
1.139539 -1.2816428 1.6895633 
-0.36061117 -1.1531038 0.40758437 
1.159346 1.0674284 0.15254766 
0.4753309 0.14012551 -0.9638114 
0.8873529 1.229144 -0.9856729 
-0.23756216 0.25921693 0.7796965 
-1.2325048 0.116310604 0.96201295 
-0.6840913 -0.12473169 -1.2043837 
-1.640464 0.19021331 -0.2884926 
-0.22028627 1.0749438 -0.5680457 
-0.08949239 -1.2712361 -0.43563372 
0.33952585 -0.8119795 -1.3246688 
1.7987325 0.5442607 -0.01674374 
-1.1371971 -0.9536985 0.43920505 
0.021980105 -1.6562284 -0.91453165 
1.1049258 3.1908448 0.8192268 
2.2197573 -0.12358691 1.0351353 
-0.54819554 0.09023447 0.31816828 
-0.70735395 -1.8273546 -0.8744071 
0.82312065 0.048479326 1.123685 
-0.9909668 -0.610202 -1.2117295 
0.23183124 -0.5679521 0.1760043 
0.37813973 0.93431365 1.6378671 
-0.48128223 -1.4148813 -0.4820813 
-1.9345568 -0.79941994 1.0421104 
-0.5365812 1.3616153 1.5650802 
-0.030726656 -1.9850981 1.7760099 
-0.8961222 0.36259305 0.52137214 
0.745703 1.1601325 0.7409102 
0.8749344 -0.44072872 -1.1431305 
1.7381954 0.93808115 -0.6308589 
0.46143982 0.40087765 1.301196 
-0.7587828 2.6766832 -0.83433133 
-0.52052516 0.3087542 1.2583913 
-0.63881373 -0.33043957 -0.3122622 
1.5504383 0.84909296 0.392421 
-0.5941992 -0.03660024 -0.551776 
1.1422547 0.5472681 -0.4240279 
-0.09027224 -0.19510692 0.61005336 
-0.27140442 -0.36003256 1.0939947 
1.5594066 0.9580624 0.7022308 
-0.8256693 0.607219 0.4859315 
-1.8241105 -1.0285016 1.3134326 
-0.94780034 -0.28998786 1.5332546 
0.5337677 0.48758906 1.5905391 
-0.4005409 -0.8771309 0.85581243 
