0.45641547 -0.7400637 0.41467035 0.53100973 -0.7575933 -0.51199186 
0.98893833 -0.58848 -0.47531417 -1.0308285 -0.43936118 1.6568903 
0.23373872 1.442671 -1.2322088 0.3450966 -0.1423048 -1.3541949 
-1.171197 -0.03444687 -0.44077855 -1.4357495 -1.6956172 1.1175319 
-0.5104512 -0.535815 -1.2769753 -0.9796014 0.224999 0.17425144 
1.9799087 0.2988816 -0.6396816 0.49970284 0.4193992 -1.7404889 
-1.466208 0.64089763 1.4652902 -1.4147296 0.009641988 0.71258414 
0.6903928 -1.2666224 0.035293985 0.4402046 -1.2659042 1.8155874 
-2.0963123 -2.2589607 0.25960585 -0.45804286 1.2097425 0.100751825 
0.5676339 -0.6186359 -0.5136679 0.6043756 -0.5261745 1.127483 
0.8551231 0.34642744 -0.415242 -0.0076701096 1.2272762 0.9376403 
-0.1407032 0.8969951 -2.0396125 1.3302248 -0.39941904 -0.6447336 
1.1013818 0.44282362 0.6812399 0.019704035 -0.59967196 0.4087896 
-0.46970153 0.2874265 0.6996857 0.47167838 -0.10949037 -0.58619004 
-0.49534395 -0.032215286 0.61476886 -1.0832145 -0.5131228 -1.069272 
1.549172 -0.21445768 -0.56611556 -0.14550202 0.7855125 0.18923849 
0.5943763 1.0956014 0.30305913 -0.69678384 -1.9814193 0.09259395 
-1.27473 1.9291996 0.039963923 -1.8695314 0.8662673 -0.4415662 
0.36778277 2.1878862 -1.9840537 -0.15409149 0.5311025 -1.7418646 
0.07667761 1.2050587 0.42937142 -0.36134964 1.1916208 -1.0693837 
-1.4927695 -0.4092847 -1.3332325 -0.9622584 -0.3134192 0.25548273 
0.0068991682 0.8165586 -1.2846298 -0.324053 0.870471 -0.36811355 
0.94209015 -0.3735015 0.7854348 -2.199979 1.572418 -0.1341012 
0.22894777 -0.4009375 0.72797537 -0.33730328 0.33915752 -0.12613231 
0.895942 0.66801184 -1.4045757 1.0745612 1.4976391 0.5842205 
1.1627988 0.014097929 0.10229908 -1.02321 -1.9428978 2.0796611 
1.547768 -0.8834547 -0.55826306 -1.2297319 -1.0493702 0.3306156 
0.3291581 0.9958899 0.72032905 0.35131797 -0.0438402 0.071900755 
-0.049906574 1.3313121 -1.0922534 -0.6651588 -0.23651427 0.5774346 
1.1344315 0.48046505 1.7413563 0.340334 0.83638906 1.7721175 
-1.3281249 -0.34864536 1.2967197 0.6405109 1.4472325 0.68532854 
-1.3424602 1.3019323 1.4067523 -0.8747144 -0.5430365 -0.58153385 
0.5015558 -0.9955547 0.87593853 0.014445168 -0.5674419 1.0341426 
0.7735306 -0.25370085 -0.24780606 0.58112854 0.12473074 0.071160875 
0.8660504 0.14620176 0.9694201 -0.5795766 -0.6332934 -0.27465352 
-0.7188251 -1.0185386 -0.60845304 1.0122759 1.4582324 2.2927046 
0.3116496 -0.62142766 -0.8926049 -0.1458058 1.8845392 -0.41367564 
0.03818544 1.7305856 -0.33616525 1.5494677 2.5792572 -0.44696632 
1.4492565 -0.16258673 -1.0398626 0.4164578 -0.74991715 -0.7549205 
1.0644187 -0.2143322 -0.5194993 0.52889377 0.30233973 -0.92540276 
-0.22494498 -0.0076199155 1.3470196 -0.03660012 0.15903232 0.32284176 
-1.6616446 -1.5180078 -0.47253254 -0.46577066 0.6059816 1.0909659 
0.6401673 0.2693614 -0.3012303 -0.55530715 1.6799403 -1.4585693 
2.2756355 1.0284779 0.19887243 0.60650367 -0.5561481 0.016777167 
1.37573 -0.1607051 -1.8457184 -0.5561116 0.26684734 -0.121703394 
0.26229358 0.7261302 -0.40518683 -0.7188044 0.26174006 -0.3091404 
0.72258306 -0.6660252 -3.8573117 0.405107 0.529503 0.39680085 
-1.1284949 0.78178865 -0.73098 -0.09561678 -0.46069795 0.15658844 
-0.23133048 0.66113394 0.29371336 -1.107417 0.49977684 1.6722037 
-0.3094303 -0.7234994 -0.36831155 0.042044338 -0.16305946 -1.1235697 
-0.5716276 -0.12454498 1.1328773 2.0458531 -1.1374837 0.30798736 
-1.070686 -0.7909666 0.93754643 0.18325259 -0.6898139 1.0552349 
1.2799498 1.1119598 -0.53548014 -1.5620468 -0.6036532 0.6413914 
-1.3624027 -1.540309 -0.46809688 -1.463928 0.046207994 2.1706939 
0.107677236 -0.33151847 0.31672662 0.81792307 1.47313 0.95951515 
1.3284676 -0.8213619 -1.2153668 1.0521072 0.58653253 -1.099067 
-0.2501419 1.7993151 0.11987554 0.41419488 0.09337598 -0.3727448 
0.28622904 1.4539504 -0.45645455 1.1944996 0.47212544 -0.86068505 
-0.2797261 0.20952237 0.055051904 -0.93274933 0.4550192 -0.21482319 
-1.4241049 -0.87329006 -0.10797306 1.363113 -0.24215078 0.036802713 
0.99882543 -0.37932226 0.0706489 0.3058561 0.7628442 0.03714914 
0.6097021 -0.44808838 1.3611264 -0.5082947 -1.6870955 2.0979939 
-1.4573549 -1.1908298 1.335587 0.10683978 -0.31183138 2.0071464 
0.6275554 -0.4838585 -1.3723474 1.3668611 0.71358174 0.541058 
1.1564264 -0.015778461 0.12330465 -0.5277785 -0.4324132 -0.61278343 
0.037666086 -0.16471885 0.4868862 0.5348736 -1.9014343 1.7608292 
0.8830943 -0.21586241 -1.6705571 1.5863143 0.5871721 0.10311944 
1.5901374 -0.16001646 0.4253553 1.0666134 0.28069887 -2.5339372 
0.31458524 -1.2157285 0.12193249 1.1082072 -0.87213355 1.1993421 
-0.5362102 0.08871997 -0.7189163 0.8463525 -0.87632376 -0.31479013 
1.5305574 -0.43806767 0.45885476 0.95166415 -1.3343688 0.26639637 
0.26585528 1.1699457 -0.34110492 0.28452522 -0.05894393 -0.5574961 
-0.27914312 -0.47762334 -1.5224648 -1.063642 -0.41553178 -1.1233805 
0.14803791 0.30121619 0.76364875 -0.39181668 1.9877911 1.257564 
0.5352939 0.091638766 -0.3331858 0.47676057 -0.07144691 1.5302138 
-1.4744362 -0.8537396 0.749038 0.011048813 0.99756646 0.11487256 
-0.7077004 0.03924771 1.5262202 -0.22148636 -0.21368334 0.10054072 
-1.2836887 -1.3716971 -1.0014076 0.6351807 0.71700114 1.2822149 
-0.7485097 0.8269651 0.38232654 1.6941408 2.526495 0.046872143 
0.089804076 -0.66705024 -0.40672448 1.7264581 1.0857213 1.1048995 
-0.51812017 -0.36961392 0.5139141 -0.010035192 -0.74243873 0.30474523 
-0.7485804 -0.24198179 2.3679078 0.44529757 0.12691224 -0.092351444 
0.45164782 -1.4049433 -0.33879024 1.1133103 1.4666425 -0.5575249 
-1.0843747 0.6778186 -2.235218 0.550291 0.23444657 0.32475042 
-0.9048014 0.12864253 0.2841697 0.9329418 -0.6096648 -0.8430302 
0.6151739 0.4650332 -0.6587294 -0.36526814 0.7966808 0.3350711 
0.67617404 0.29880795 -0.9050388 -0.094577044 -0.34077173 -0.21064702 
-0.396734 -1.0507351 0.17663138 -0.20806041 0.090153985 0.8668767 
-0.39506418 -1.3915967 1.632122 0.8028632 0.59200054 0.8978927 
-0.8249107 -0.29064155 0.99036324 -0.78510845 1.4056733 -0.7432711 
0.6674989 0.78170484 1.4167471 -0.6446362 -1.7224535 0.16612025 
-1.5607971 1.7244819 1.0586615 -1.520998 -0.7354539 0.80751944 
-0.45207283 1.5774785 0.5417282 0.38296908 -0.011031138 -0.42612392 
-0.09756479 1.0098447 0.32682803 1.4140095 1.8254758 -1.1878654 
-0.5772036 -0.92814803 1.0656526 2.385079 -0.7985313 -0.39102054 
1.1543025 0.9059738 -0.4234103 0.15596496 -1.0691886 0.5415112 
-0.88834643 0.67681944 -0.68138117 -0.32058576 1.6201254 -0.60901105 
0.81492734 2.3259368 -0.93295914 -0.1329668 0.60818684 -0.30501905 
0.8287034 -0.98534566 0.031225258 1.8198818 -0.3264693 1.6506456 
-0.11898807 -0.1617048 -0.49283677 0.9288533 0.64987826 -0.9984714 
0.5593455 0.11515006 -1.089338 -0.32752496 0.15202202 1.030603 
0.5005118 0.85785204 1.5872746 1.6838596 -0.84200233 1.458456 
0.23148766 -0.9718475 -0.7006678 -0.0696135 2.4103432 -0.7558625 
0.1075409 -1.3035473 -0.57217324 0.38349527 1.1440771 0.6670979 
-0.81135714 -0.07357422 1.4458333 -0.6291522 0.7306414 2.4372196 
0.6810074 -1.073938 -0.18164226 -0.08928099 -0.30031353 -0.6053778 
-0.70835954 -0.26908213 0.51073813 2.3730774 1.306451 -1.0293016 
0.7424488 -1.4921341 -0.8036064 1.3697925 1.8015814 -0.3862405 
0.20074476 -0.54074645 0.32425863 0.8565322 -0.38884524 0.12317862 
0.86831343 -0.17773047 -1.6869047 0.63837 0.84620166 -0.6868751 
-0.18764235 0.13130936 1.2092986 -0.5046483 -1.6169733 0.7932596 
-0.375896 -0.5251615 -0.7905121 0.80666655 -0.93745744 -0.47233915 
-2.013456 -0.30302486 0.87457585 0.40730214 -0.7044886 -0.17679098 
-1.5176059 1.9271764 -2.0075867 0.66404104 -0.1057464 -0.3810556 
0.7765629 0.1323199 0.78751564 0.37156242 0.21814443 0.9031007 
1.186269 -0.22991647 -1.0560266 1.4740843 1.2512138 0.9592426 
0.79615957 1.9305394 -0.41500726 -0.27637008 -0.39211962 -0.29683414 
0.32966 0.013984534 0.6439608 0.94120985 -1.2432017 -0.38893285 
-0.50262547 -0.73965985 -1.5815084 -0.44407845 -0.016326522 -1.1938366 
-1.1913846 -1.1318758 -0.10113314 -0.5581191 -0.17996529 -0.7719485 
-0.8565169 0.507842 -0.38494438 1.8979712 -1.3843192 0.062247276 
-1.1124367 0.6964997 3.6995413 -0.3958034 1.8540779 1.5658014 
1.1948942 -0.09048781 -0.2994541 2.302829 -1.0490942 0.6667305 
0.9689387 1.4431311 1.3401588 0.22398499 -0.74840766 0.946564 
-0.023934476 0.7540524 -1.7227639 1.4800682 -0.677446 -1.5683385 
1.0896237 -0.18488193 -0.13261071 1.8765433 0.70595694 1.121127 
-0.71671027 0.25318867 1.0725142 1.9819124 0.3017173 0.6313194 
1.4916282 1.7776465 0.20133714 0.90001583 0.6557101 -0.4753248 
0.2979027 -0.6952892 0.5100063 1.0015253 1.5903827 -0.37870812 
0.51314145 1.4336367 0.9832096 0.4520638 -0.041856874 0.31509066 
0.78827757 1.8101763 -0.0999762 0.1581423 -0.017365055 -2.973358 
-0.40832838 0.96928173 0.8668685 -0.12417218 0.72999626 -0.39614606 
2.6059225 0.40504533 1.7248198 0.45524305 -1.3167362 0.5081421 
-0.051378056 1.834658 -0.86926675 0.8001276 0.66473293 1.3847374 
0.16264832 1.7618315 0.0972127 1.8168354 -0.1729822 -1.3760607 
-0.26507872 -1.7342219 -1.3845361 -0.30601722 -1.3090991 -0.43285972 
0.5261594 0.19839047 -0.6909654 2.221634 0.34346 -0.52354366 
0.14067955 0.12835714 0.6364095 0.31405506 0.097732656 0.90930724 
-0.11287675 -0.26270896 -0.91034186 -1.404461 0.9708486 0.2770969 
0.07593159 0.55643153 -0.10764636 -0.3078581 -1.9811829 0.17471047 
0.20773794 1.8104869 -0.95147467 -1.2824415 0.596355 -0.78404564 
-0.019060235 -1.0324713 1.3226742 0.71207577 0.24083516 0.93237686 
2.9448256 -0.5649218 0.56691885 -0.37576783 0.41723898 0.2810606 
1.2809734 0.83888 -0.966115 0.9110493 0.9162196 0.3494234 
-0.36288297 -0.4663499 0.75918204 0.35537285 -0.3413336 0.7529249 
-0.7386403 -1.1456598 -1.5201992 0.24987897 -0.67751384 0.106572635 
0.16222209 -1.0220803 -1.4767585 1.1331681 0.2186356 -0.23880662 
1.0153251 0.17103772 0.17943272 -0.62064743 -0.08847415 0.5329985 
0.84116024 -1.0098553 -0.15387225 0.100777 0.82004154 -1.5159731 
-0.4603089 0.5204481 -1.0089122 -1.7596158 0.86429566 0.02883934 
1.4184531 -0.562823 1.6457254 0.63250226 0.257178 0.6325419 
-1.6662179 -0.3803495 0.06064711 -0.91568476 0.6589942 -1.1735877 
-1.3753409 -0.9176702 -0.07929213 -0.2344544 0.5167391 -2.0145216 
0.93758833 0.93714744 -1.7322627 0.9143867 -0.43606248 0.10603886 
0.33906338 0.12257649 0.89596844 -0.7551678 0.72107327 -0.39808998 
-0.30839133 -0.3294576 0.0020192603 1.0433003 -0.15061392 -0.5729464 
-0.22974858 1.6795735 -1.3901284 -0.5896413 0.52174604 0.8988374 
-0.53431433 -0.5057376 -0.35093507 -0.48934433 -1.2025545 0.35853913 
-0.14384498 2.4211254 0.045311116 -1.6163837 0.34897408 -0.80829394 
0.6786536 -1.3355671 -0.9125348 1.5011469 1.8949285 -0.8769981 
0.2899914 0.6951419 -0.73494613 -0.073718905 0.56350887 -1.0251256 
0.0022395458 -0.39444777 0.7987323 -1.5481582 2.1608198 0.91723865 
0.33247086 0.5500859 -1.8076867 -0.45696256 -0.8516576 -0.23610018 
0.14636362 0.92120147 0.5311776 1.713581 -0.45014656 1.6608796 
0.5731966 -0.21180335 0.45547345 0.5662502 0.05166894 -0.3172855 
1.4365573 0.18705602 0.8415822 -0.48206958 1.6195091 -0.2232328 
0.17277738 -0.63226354 2.102958 0.9957877 0.44540232 -1.9793948 
0.19177516 0.94627017 0.89948636 0.6357339 0.29933545 0.7246485 
-0.9762494 0.76733947 -0.4019303 -0.88412964 1.7453822 -1.9587421 
-0.81018233 0.21688147 -0.051769603 0.70899755 0.3943762 0.1287593 
-0.7886719 -0.21545155 0.16207433 -0.035338845 0.87833166 1.3182065 
-1.8575617 1.059737 0.954757 1.5767593 0.59155 -0.72091895 
0.5337856 -0.61305434 1.7321339 -1.9613355 -0.24433678 0.02729987 
-0.07341752 0.15606402 -0.3291788 0.10314883 0.24796847 0.4673377 
0.0066091027 -2.4523547 0.8623466 0.8598222 -0.10323133 -1.0385634 
-1.1787158 -0.09506057 -0.66313356 0.11956224 0.9977176 2.1067483 
1.8643156 0.048869837 0.4648234 -1.1441201 0.25712427 2.0775864 
-1.9890721 -1.1082959 -0.19152144 -0.7748417 -0.6850869 -0.8411056 
-0.3898313 1.347707 0.80615187 0.5843395 0.7173301 2.2726145 
0.99601525 0.62889206 0.8382469 -0.13760622 -0.03594048 -1.1222826 
-1.2933016 0.122157864 2.2014282 0.037868973 -0.06748281 -1.7977601 
-0.07926263 -1.5085115 0.114803456 -0.8500393 -0.33905035 1.2161547 
0.94597554 -0.40759858 0.12162615 -1.7368063 0.054403223 -0.21996786 
0.24638917 0.19562005 0.70239353 0.71266633 -0.048908297 1.1524378 
-0.22524115 0.97928405 0.55471724 0.5076632 -1.8291216 0.517498 
1.1242818 0.3419651 -0.84826577 -1.3210402 -0.045466755 -0.015049381 
0.19088218 0.3485936 -1.8316097 -1.541461 2.4264395 -0.44184226 
0.99378705 0.99914604 1.3750974 -0.28923944 -0.5708885 -1.0616866 
1.4831443 -1.7161589 0.043285273 -2.145642 -1.247511 -2.2345214 
1.950571 -0.3588024 0.6007296 -0.8287582 -0.9788857 0.051593956 
0.47089094 -0.5960473 -0.31349492 -0.06593053 1.5042398 -0.23646381 
2.0822585 0.7958928 -0.48419023 0.44413462 -0.7822547 0.6486301 
-0.18431813 0.06337117 -1.2040524 -0.50125664 0.35861382 -0.60735285 
-0.7282851 0.33008096 -0.39999738 -0.7186741 -1.319456 -0.16695522 
0.34227985 0.07870836 2.0634868 0.5508522 0.6209319 -2.2452512 
0.5036262 0.4191557 0.39807782 -0.88446593 0.4641059 -0.95660996 
0.3541939 0.4113717 -0.12180038 -1.8675194 -1.2888522 0.2542445 
-0.32438448 0.6476413 -0.1289552 0.29775286 0.14445977 -0.9095092 
1.6274648 -1.0355792 1.7257903 1.3466555 0.7751837 -0.89551455 
0.97553813 0.27159917 1.518807 0.21162353 -0.7346044 -1.360402 
-0.7258808 -0.29792652 0.78055066 -1.1732875 1.0882947 -0.7424993 
-1.8629364 -0.5426718 0.80780053 -0.40461713 -0.0278004 1.3350524 
0.46922058 -1.1291229 1.101036 0.352759 -0.78068864 -0.23342034 
0.2198906 -1.1488092 -0.6997448 -1.4242693 1.4725698 1.1557891 
1.5798354 0.12611166 0.08144185 -0.097888 -0.046093293 0.6500469 
1.027509 0.4116468 -0.9938818 0.023352439 0.24210846 -0.72587484 
0.13271032 0.1493254 0.61978304 -0.9749529 0.3450242 -1.6076694 
0.47760412 1.9162604 -0.36956844 -1.1475525 2.0597231 0.6337787 
-0.7457552 -0.25236464 -0.6176433 -0.37404886 0.10209128 -3.033302 
0.18659034 0.6658903 0.54191387 -2.1831412 -0.06942649 1.1551349 
-1.8817723 0.106429756 -0.4076155 -0.16128215 0.5315812 1.8831202 
-1.202489 0.84279776 0.6535431 0.41321203 0.71123105 0.12328189 
1.8150429 -0.88619316 0.294271 -1.1991433 1.4997504 -0.7013191 
-0.33561954 -1.112443 0.49618942 -0.82896656 -0.2716012 -1.5968778 
0.17642802 0.11655435 0.19920322 -0.29726708 -0.090088196 -0.26627603 
0.4546941 0.566302 0.73052025 -0.005658393 -0.7755194 0.30310258 
2.6778555 -0.8341181 -0.0044837957 -1.0943841 0.5889474 0.5711692 
0.49129447 -0.49610478 -0.7729073 -1.5068678 0.23455599 -0.59395343 
-1.3901354 -0.060522255 0.91927487 -0.409509 0.7878328 -0.28612253 
0.39108717 -1.1336421 -1.3118463 -1.0535134 -1.8017961 0.13430923 
-0.8628628 0.8943519 1.5793548 -1.3073596 -0.16001569 -0.6875733 
-1.5812367 0.22133753 -1.3221002 -0.17559755 -0.8518821 0.7841213 
0.4108257 -0.46298128 1.229847 0.9266818 -1.849236 1.2146826 
-1.4582736 1.3619634 -0.2806853 -1.41973 -0.39199018 -0.06533191 
1.355413 1.9745713 -1.3182795 0.44372565 0.04841249 -0.6092962 
1.03848 -0.65841466 1.2775496 -0.8476058 -0.1911766 -0.9835211 
1.2096328 1.5855578 1.4543759 0.36651412 1.6072197 1.2468978 
-1.4541179 -0.6738113 0.38654137 0.50749004 -0.7133893 -0.4702868 
-1.5616082 0.7391841 -0.74270266 0.0076721953 -1.313543 0.07534108 
-0.053777408 -0.49960643 0.6477352 0.42812225 0.33277914 0.8991104 
-0.021801103 1.3622822 0.020137507 -0.24925952 -0.08162307 0.22060578 
1.413979 0.9958476 -2.0915024 0.54837304 0.8612874 -0.20698707 
0.7182076 0.6283646 1.0336373 -1.0545703 -1.8719441 0.6570494 
-1.9964228 0.25798884 0.43422788 -1.4635211 1.3302302 0.8291558 
1.0573426 1.6471276 -0.535305 -1.1292703 -0.13009618 1.73738 
-0.67337805 1.7760835 -1.2926604 -1.245561 0.016531624 1.6022068 
0.82565314 0.023068342 -1.2900941 2.611343 -0.8451655 -0.23646826 
-0.80609626 0.030928666 -0.69069326 -0.6950277 0.33691978 1.7475581 
1.4530253 0.023996778 -0.9742741 -0.7930128 -1.7563415 -0.81976724 
0.64723915 0.7620012 0.63585865 -0.022687567 -0.33657342 -1.4796928 
-0.4745979 0.6757569 -1.4757364 -1.0287329 -1.750263 1.2869092 
-1.6932483 -0.45334616 -0.30158868 -2.279507 -0.7064486 0.17743468 
-0.85261416 1.1457583 -1.3339382 -0.62789357 -0.6657225 0.2662917 
-1.3213522 -0.4787733 -0.13457745 -2.35272 0.587206 -0.0012077446 
0.9980041 -0.026160933 0.19344082 -1.0408832 0.7273952 -0.8111593 
2.6334815 0.43140563 -1.1033883 0.2539861 -1.8591272 1.5857416 
-2.0929513 -1.2287669 -0.043703012 -1.5479274 0.65167725 2.871002 
-0.75458974 0.5044217 0.35979977 1.6045489 -0.14478344 0.07450058 
-0.14936103 -1.2706137 0.21854943 0.24064267 -0.010049979 0.19328327 
1.210771 -0.37813795 1.3037097 -0.07628986 -0.19870678 0.6541383 
1.3000766 -0.9733544 0.5422948 1.127822 1.9238541 1.2758934 
0.52288944 -0.6400634 0.054242905 0.32495025 0.21634164 -0.8996309 
-0.004797529 -0.05418082 0.7895476 -0.71701455 0.6495483 -1.7283934 
-0.5246239 0.7133683 0.043472305 -0.086939976 -0.2935199 -0.10971065 
-0.3529148 3.9295638 0.07775869 0.7474394 -2.1482067 -0.06163019 
-0.29147485 -1.0408155 -0.9770286 -0.8505902 1.0193161 -0.3655907 
1.88304 -0.33675054 0.4939212 0.5974735 1.1842748 0.7842747 
-0.9586605 0.43358085 -1.4598188 -0.90718174 0.2504983 -1.61018 
0.46820775 -0.75152296 -0.80571973 -1.4257635 -1.0475962 -0.5227897 
1.5335462 -0.18929173 0.22621615 -0.7455861 0.65685636 0.9112535 
0.3637518 -0.74385756 0.86206853 -0.29373887 -0.86398554 1.0219026 
0.056757536 -0.9063602 -0.5130722 -0.9350583 -0.63299114 0.3134035 
-1.3183817 1.124512 -2.1712747 -1.8534297 1.374227 -1.0860924 
-0.62732536 -0.84328645 -1.9534969 -0.14514796 -0.5428929 -0.4600863 
0.7778503 -0.4135116 0.6266625 0.76604325 1.0024275 0.57315046 
-0.59755844 -1.1426897 -1.6846412 -1.5407327 0.6410639 0.1814445 
-0.41109958 -0.76216894 -0.55518425 1.1459277 -1.3055167 -0.05874498 
-2.2802198 0.66945595 0.609987 1.309215 1.0374842 -0.7766681 
-1.8051815 -0.21308482 -2.013273 -0.6212096 0.16184011 -1.0119659 
0.7260765 -0.6443264 -1.364323 -1.4244382 0.9866386 -0.32472545 
-0.98389435 -1.2652495 -1.310996 0.6933032 -0.35726148 -0.8874538 
0.29969445 1.5626656 -1.6145633 -1.4862926 0.3758514 0.765004 
0.7844183 -0.8640104 -0.94260293 -0.3854663 0.81818646 -0.67169803 
0.32305413 -0.6518221 -0.14697865 0.7718271 1.8334973 0.99895465 
-0.08946266 1.4923277 1.1007797 0.19083856 0.4575677 0.59058917 
0.90100163 0.21235688 -1.1807511 0.04638961 0.09822521 -1.161927 
-0.12630837 -0.31087527 -0.9019567 1.165174 -1.2543327 -0.607657 
-0.5278368 -0.83660334 0.8981758 -1.4497648 0.22389618 -0.036800686 
-0.82029194 -1.3854051 -0.25607112 1.8298146 -1.2354907 0.47930145 
1.2215276 0.0864273 -0.34284276 0.518864 0.2556169 -0.48712465 
0.24790423 0.07982444 -1.6281762 -1.2449447 0.06808034 -0.72038746 
-0.38934025 -0.96565 -0.7962705 1.0814711 0.97328585 -2.5517673 
-0.4148663 -0.14986368 -1.9246843 -0.57855964 0.7257727 0.75655186 
-0.72292084 -0.19365133 -0.2139458 -0.20650895 1.6788709 0.11110083 
-0.84886557 0.31893712 -0.92453235 0.5700423 0.6600113 -0.6813684 
0.10858197 0.33238107 1.1083428 -0.5951833 0.7624642 -1.0978714 
-0.46680617 -0.7736874 0.74330384 -1.8454783 2.0483532 0.6625875 
0.7804095 -1.3347466 0.164349 0.021179063 -0.12189258 -1.8192573 
0.18085796 -1.3089987 3.367726 -0.79795486 0.36288726 0.6105266 
-0.33437595 -0.4173542 -1.7382867 0.018524526 -1.0507678 1.570002 
-0.23390025 0.74611443 -0.9099566 -0.46547648 0.58272463 0.88055074 
-0.2559372 0.955888 -0.95879805 -0.9515676 -1.0349786 -0.1889473 
2.4030519 0.5993745 1.4912648 -0.44723985 -1.3712887 0.09703795 
0.9749096 1.0849624 0.6939429 0.030651664 -0.06906256 1.0221243 
0.60530454 1.0956223 -1.9042723 -1.6317892 2.3650684 0.32848123 
0.5440606 -1.0159757 -1.8973997 1.0451783 -0.05447954 -0.039492566 
1.1669838 -0.3962929 -0.10042277 0.03680136 0.38879132 1.1174359 
-0.3705466 -0.5859705 0.58554083 -2.2448359 2.414599 2.1068716 
-0.8017007 -0.16328007 0.19978464 1.415529 0.084740855 1.3642676 
-0.67874396 -0.4685698 0.7141404 1.1799133 -0.3594407 1.591865 
-1.1594216 0.7562571 -1.894824 0.0048935115 -0.302731 0.85692865 
0.76496655 0.24648078 0.5940619 -0.14376579 -0.68109745 0.4682382 
0.43894762 0.2681442 -0.30263755 -0.38100564 0.032091983 1.8646156 
-1.3343642 -0.14880762 0.6913032 0.46361312 -0.06994189 -1.8093969 
0.93530864 2.3037057 0.5143496 -1.1204635 0.9620788 -1.1868021 
-1.8080307 -1.1754069 1.3671855 -0.047574554 -1.0656114 -0.02507083 
0.12431977 2.6705656 0.14536345 -0.05676354 1.4399586 -1.7495092 
-1.7636302 1.6827886 -0.5174296 -0.57774395 -1.8607454 0.3116557 
-1.3134053 0.92430526 0.35262313 -0.4163392 -1.1292571 -1.8497208 
0.97080994 -0.2487964 -0.50188076 1.2273486 1.2800608 -1.3618523 
0.2134122 0.17840488 0.14738382 0.119080454 0.16251382 -1.1570979 
1.311341 0.6123206 0.16497602 0.4408936 0.6346966 0.101997755 
-0.46460822 -1.0147835 -0.2948101 -0.7424979 -0.5601933 -0.1889762 
0.98863417 -0.6632632 -0.40821 -0.92090505 0.5261498 -0.39338347 
0.10675728 -0.57726246 0.39332446 -0.26429358 1.0951624 1.5598458 
-0.8364469 -2.1215906 0.63314074 1.2249382 0.9372787 0.01301236 
1.6144321 1.0778232 -1.5465045 -0.10037512 -0.93813604 1.6235075 
-1.8698076 -0.567371 -1.6714073 -0.53324455 -0.99497676 -0.82828045 
-1.0584264 -0.69606453 1.4178151 -1.4669635 1.2327087 1.4616112 
0.93605715 0.35181373 -0.17751186 -0.6155113 0.11826579 -0.93265986 
-0.43492997 -0.10578256 1.3730043 1.5435952 0.13810177 -1.8772236 
0.76097476 0.09251975 1.5191344 -1.6919878 0.52000046 0.72692823 
0.201768 0.8891166 -0.08152656 -1.2856268 0.23736289 -1.366564 
-0.30087605 0.062006287 0.8050728 -0.76795906 2.0234828 0.584153 
-0.22476123 1.4407243 -0.69721484 -0.89024574 1.2941353 1.21334 
-0.21049525 1.1025413 -0.097284295 -1.2103175 -1.5746211 -0.114110224 
1.2326454 -0.6533708 0.72115016 -1.5870655 0.5556417 -0.052822128 
-0.5525835 2.0499113 0.6703343 -0.2835653 -1.3890471 0.7784237 
1.9883354 -1.2583253 0.5351089 -2.8896143 -0.6355353 0.1908429 
-1.691145 0.2675784 0.3368094 -0.5444252 -0.30667773 0.13695389 
-0.014141993 -0.37642324 0.21332817 -0.42351174 -1.9108156 2.093943 
-0.38427886 0.47371036 0.14334503 -1.0355912 -0.4961545 0.51520467 
-0.9554959 -0.2614897 1.1801482 0.5594704 -0.75676477 -0.9577951 
0.37000117 1.2940854 0.79724354 -0.6400133 -1.5585084 -0.5371729 
-0.107131556 -0.91182154 1.5178169 1.3044732 1.4589808 -0.9665014 
-2.0481668 -0.61787176 0.45587924 -0.28711092 1.9319919 0.28918895 
0.26023203 2.379646 -0.38024548 -0.44348097 -0.12983038 -0.11921872 
1.272298 0.16360953 -1.0721548 0.52009296 1.0296259 0.8068127 
-0.24600461 -1.0329785 2.3358264 -0.12162247 0.4391819 -0.94528717 
-0.19279978 -0.36341515 -1.0689685 -1.1720648 -1.0771031 1.3459733 
-0.68407404 0.26579246 0.50639474 1.9725615 2.084021 -0.7545575 
-1.499625 -1.5968066 1.4862595 -0.4714782 0.73349005 -0.9336216 
1.3392502 0.048704755 0.35381502 1.2802391 -0.79284847 0.43518978 
-0.6040793 0.58416694 0.2946239 0.6220232 -0.30613944 0.7658623 
-2.1483078 -0.8139096 -0.17260826 -0.43165916 -0.4324645 -0.542824 
-0.44506177 -1.2220193 -0.765352 0.17918248 -0.9001965 1.8808153 
1.2250415 -1.615844 -0.8567584 1.0195637 0.32573682 -0.21666744 
-0.6957449 0.7130842 1.0565249 -0.655112 -1.1340522 -0.07931378 
0.27493665 -1.4768664 -0.3311676 0.56574726 0.6249818 -1.4681985 
0.48848 0.91091573 0.4415625 -1.6318587 0.5475526 0.16271771 
-0.9690497 1.0602179 -1.2857859 0.30168763 -0.9903788 -1.9990913 
1.1329479 0.008474182 -0.39856413 0.082947865 -0.40419504 0.19584419 
-0.31941736 -0.10151463 -0.88572896 0.5876991 -0.23750485 -0.4459402 
-0.8171251 -2.8468695 -0.97229445 0.5846127 1.6380602 -1.3398079 
-1.3981299 1.4977825 2.021731 -0.1678969 0.36055684 -0.57381785 
-1.2888674 -0.09070023 -0.18350416 -1.5590367 1.3720413 -1.1578381 
1.312818 0.21829559 -0.7614117 -0.6525568 -1.296785 -0.6370693 
2.5531175 0.26366138 1.5127283 0.9350417 -0.18348093 -0.009692714 
1.2657937 0.5734166 -0.0856255 -1.2121799 0.55730927 -0.7049166 
0.64373314 -1.4141805 0.3377174 -1.0737317 1.2211959 -0.72593975 
-1.0435064 0.7985689 -0.6514774 0.67923445 -0.1672331 0.36114112 
1.0926499 -0.39337504 -0.48393604 -0.9685189 0.18409006 1.467753 
0.671899 -1.5637587 -0.79534316 0.25053078 -0.8182132 -0.8071188 
1.1562979 -0.07198376 1.7272761 1.4135661 -0.0798812 1.5291349 
-2.2083147 -0.8395097 -0.34625772 0.05515688 1.5070751 0.24628101 
0.20879321 0.32718557 -0.23110215 -0.102563106 0.4746521 0.013645827 
-0.6537228 -0.43347913 -0.8636018 -0.10230048 1.191028 0.86473453 
-0.75217444 -0.34988695 -0.42379165 -0.3518015 1.7486653 -1.9230527 
-0.611547 1.5441204 0.38667727 -0.110268824 0.92296106 -0.915293 
0.33987823 0.28826436 0.77705896 -0.13430437 1.6391226 -0.4523959 
-0.6466396 -1.992698 0.5975489 -0.15133743 -1.4771723 1.2558001 
1.9247196 2.0606322 -0.6646363 0.07039214 -0.5898277 1.4779918 
1.7686341 0.33490428 -1.5891383 1.8589768 0.78103036 1.6626971 
1.0547704 -0.44921336 1.3952993 0.40981334 0.26037335 0.35134393 
0.24157254 1.4040891 -1.7318585 -1.4473134 0.7490991 -0.5333763 
1.3640424 1.7891767 1.5524495 1.0467099 2.270371 -0.576539 
0.14337929 0.7508971 -0.9363061 -0.15161124 -0.64214605 0.76109844 
0.31609896 0.7639087 -1.2134238 -2.1744552 0.48987567 -2.2746935 
-0.13601923 1.1116606 0.5172137 -0.8605098 -1.2371281 0.7494194 
1.0693312 0.53120637 0.8278165 -0.9603339 -1.1387616 0.9526692 
-0.11305604 -0.5092571 1.3800393 0.16437995 -1.8293349 -1.4284565 
0.46299082 -1.6012427 0.6761026 -0.7724931 0.63192874 1.5974241 
2.309487 0.18925968 -0.0988457 -1.6552142 0.24060115 0.18225047 
0.87563807 -0.8496829 -0.7484881 1.0041443 -1.0511311 -1.2145265 
-0.82681423 0.5775312 0.7353354 -0.37045503 0.21130839 0.94756705 
-0.41964042 0.4579647 -1.2674 -1.0697535 -1.3225726 1.4395324 
0.2971322 -0.7748233 -0.17945504 -0.22076198 0.610893 0.07401268 
1.9435825 0.7081155 -0.7968121 -1.7962542 0.36243424 1.5781076 
0.4494958 0.38677573 -0.061654303 0.41366264 1.7131231 -0.34576768 
-2.95803 0.11649404 -1.3324795 -1.2191069 -0.67280513 -0.5142568 
-0.1601652 -0.043871347 0.41487288 -0.86714524 -0.7521586 -1.2946769 
-0.92758125 -0.30749825 1.5269029 -0.08295187 0.14571704 0.18679872 
0.81897354 0.08046549 0.9443652 0.6125413 0.21615495 -1.9770547 
-0.40870804 1.0609791 -0.48329452 -0.51298285 -1.7085809 -1.5100666 
1.5618728 -2.8137846 0.17839585 -0.5887815 0.6597924 0.0815738 
0.49136332 1.2198749 1.461569 1.8079889 -0.50809926 -0.000791283 
1.7182419 0.19704807 -0.12488894 -1.1104126 0.8783832 -1.5002697 
-0.67991924 0.3117286 1.3755664 1.1383269 -0.7081232 0.6810976 
-0.4770178 0.40001848 -2.7343686 -1.2981755 1.0082468 0.2710403 
0.45640776 1.5963618 0.33231798 -1.1859937 -1.4523104 0.34551823 
1.3419322 0.5761393 -0.99571466 -0.39078864 -0.14287922 -0.4526533 
1.0533949 0.6585327 0.006644281 1.0809884 1.128381 0.071925044 
0.7302244 -3.1237261 1.464653 -0.15467535 -0.87993896 -0.091507904 
-0.33298057 -0.28129032 -1.3926787 -1.440472 -0.46530885 0.69813794 
-2.29829 1.1099122 0.49555153 -0.20987363 -2.0879548 -0.67170763 
0.8182955 0.21303895 0.64204246 1.5691179 0.34414208 0.41059425 
0.35599414 1.0494728 -0.7953161 0.14804529 -0.49828705 0.616093 
0.03713112 0.14523123 -0.52538204 0.5903553 -1.0854614 -0.6456794 
-0.9349322 -1.1374588 2.3365908 -0.6542044 1.3728646 -1.058693 
-0.8877195 0.8175147 -0.41968733 -1.0424365 -0.66726106 -1.745815 
-0.91635674 -0.87321925 -0.7429646 -1.8763812 -0.29536712 -0.89572626 
-0.25104955 1.511556 -0.13287066 0.15859906 0.3084403 0.008454218 
-0.45164582 0.35659972 -1.8980551 1.2287999 -2.0174384 1.2055323 
-1.2332265 0.76145 -1.0673348 -1.624038 -0.25635985 0.6183478 
2.1069791 -0.015627263 -0.28004178 -0.73248947 0.011938908 -0.08295585 
0.27306235 -0.97488415 0.023471424 -0.29006103 -1.2786422 0.22625504 
1.6665093 0.5356027 2.5366926 -0.7895599 0.13569827 -0.9305397 
-1.9592365 -0.14613432 0.612024 0.26299012 0.5641939 1.6463461 
1.6789471 -1.6761297 -0.3135765 -0.6743877 -1.2345108 -1.9087158 
-0.3232659 0.033177752 0.45562866 0.51017606 -0.24240665 1.3887173 
-2.1542487 0.642296 -1.2931875 0.10358062 0.07597051 -0.5581556 
0.97659373 -0.22530572 0.022027113 -0.55140245 -0.2031017 0.18462053 
0.036920425 -0.09347169 1.1017137 -0.1694417 -0.98984355 0.505488 
0.18779874 -0.6167289 -0.14608906 0.7895087 1.7108145 1.1437209 
-1.6900618 -1.2880827 -1.5132449 1.4042177 -0.1043208 -2.450109 
-1.0501719 1.417013 -0.41069353 0.034732528 1.0777918 -0.28618944 
-0.16031326 1.2371829 -0.60008913 -1.8736777 -0.68738425 0.33252794 
-1.1825788 0.8051236 -1.2830622 -0.41578066 0.82975006 -0.5160644 
-0.24029638 2.0060923 0.24127175 0.5971996 0.43684715 -0.9655822 
-0.5460443 1.415778 -1.3550898 1.444424 1.8848556 0.24606553 
-1.6298044 1.2740264 0.9219014 -0.45709765 -1.6098343 1.0719306 
0.22613473 -0.20158951 1.217034 1.4506683 -1.6148229 0.53168446 
-0.025645496 -0.547933 -0.67129153 -0.7243435 0.27159184 -0.5451795 
0.25571296 -0.04537137 0.3533589 -1.2242137 -0.089176044 -0.54701275 
-2.0084236 1.7772759 -2.2978234 0.9415099 -0.74843955 0.3804609 
0.10446046 -0.72979116 1.0789692 -0.016365768 -0.57168865 -1.4197354 
-1.1710322 0.40262926 1.0000058 0.9427396 0.40409324 0.9577065 
1.6541836 0.8533153 -0.8193382 -1.0193756 0.4872281 -0.15508349 
-1.1251525 -0.05104838 -0.7549365 -0.5330536 -0.81390935 0.9865615 
-0.7552975 0.030214656 2.1364245 0.6707939 1.3562816 -0.7904034 
-0.12783056 0.020671863 -1.3542613 0.041888457 0.19149753 0.77025074 
1.2868924 -0.3989777 -1.3725041 -2.548901 0.5270146 -2.1310067 
-0.6583407 -0.00898592 -0.8831206 -1.346906 -1.0597559 -0.24630082 
1.2136751 -0.67932117 -0.53069514 2.1005073 0.11839351 0.6634946 
1.3904812 0.7424071 0.12518299 -1.9102787 0.4421086 0.3441291 
-0.18687321 -0.8397718 0.18134537 -2.206675 0.5943586 -2.8079755 
1.5537604 1.5018591 1.1144575 0.58957577 -1.1523826 -0.42755607 
0.49369624 -1.0651693 -0.27301922 1.9879886 -0.15101074 0.6893635 
0.76818997 1.9278102 0.30773705 -2.8562887 -1.3735183 0.49514478 
0.7989788 0.7459233 -1.5737578 -0.0815105 -0.6880965 1.3147614 
0.17953777 0.0807035 0.21877438 -1.307699 1.6515894 -0.65667593 
-0.6369927 0.8001933 -1.2020129 -1.1924051 -0.20211853 -0.08707542 
0.014590652 -0.30039242 1.3904212 0.1576452 -0.6136318 0.14228901 
1.2038302 3.3056686 0.86752653 -0.46617344 0.3863414 -0.26370585 
-2.6240623 0.00090468547 -1.9202123 1.9911258 -1.6786573 1.0948926 
0.2628968 -0.569431 0.048176397 -1.0278184 -0.21272607 0.46889332 
0.6696102 -0.2233102 2.1681828 0.34544742 -0.05438921 -0.76629174 
-0.0680222 1.024661 1.109393 2.7450042 0.62368244 0.12812753 
1.5304481 -0.2076228 -0.5955453 -0.5123067 -0.35409984 0.84269947 
0.9418945 -0.1173994 1.1242888 1.0374559 -0.96990746 -1.0981709 
0.5232954 -0.665534 -1.5950313 0.53618956 -0.13848713 1.6199769 
0.075987816 1.8312767 0.7276018 0.29765224 -0.8330179 0.564881 
0.49294338 -2.2257326 0.99524254 0.8908767 1.564304 0.41783395 
0.06966448 -0.10489572 0.055780612 0.13949355 -0.51073015 1.5598634 
-0.5034364 -0.68667185 -0.0052587744 -1.0317303 1.2686546 -0.62814796 
-0.8552543 -2.010354 1.1931776 -0.19510704 0.063735776 -1.571609 
-1.7772878 -0.70570946 0.47434527 -0.08625475 0.3775999 0.98258454 
0.48014557 -0.7006046 -1.3692528 -0.6683802 0.18733668 1.4673213 
0.26188803 -0.15630299 0.70893407 0.26601774 -0.81833476 2.031264 
1.3801476 0.14026682 -0.3410562 0.19585793 0.12413806 0.76956856 
0.4624385 0.5393773 -1.101526 0.34184745 -0.41640753 -0.2719894 
0.34923962 1.007078 -0.4534783 -0.2415419 0.9839101 -1.026386 
-0.32086095 1.1069183 -1.0202048 -0.47329488 0.9954003 -0.08197416 
-0.20428024 0.14283481 -0.4124119 1.8724307 1.1449593 0.86535627 
0.39502892 -0.38723475 2.3672113 0.03892439 -0.89233345 -1.2239023 
-0.47815317 -0.8690984 -0.40883774 -0.3143617 -0.5004656 0.51831424 
-1.165294 -1.0897089 0.45970014 1.1145929 -0.21436048 -1.5230986 
0.689459 0.6809956 -0.66299164 -0.6527795 -0.44120744 -1.1689852 
0.33242574 -0.9854125 -0.45421946 -1.216962 -1.1586033 0.8198866 
0.8522585 -0.628806 -1.6146456 -0.75514126 1.4923402 -0.46230435 
-0.073061645 -0.35547498 2.1502116 -0.96520364 1.2049738 1.7895087 
1.855601 -1.0555973 -0.031193633 -0.40039152 0.5047012 -0.53771937 
0.81999075 -0.42686293 -1.7464708 -0.12536766 -0.20214361 -0.10189577 
-0.79920405 0.10865586 -0.36639267 -0.49059117 -0.29648244 0.6567711 
0.38119584 1.1116561 -0.59356517 -1.2293866 1.1540005 0.7919686 
0.455673 -0.17793871 -1.4373264 0.57339936 1.0952181 -0.6150052 
2.0957475 0.45393237 0.05888665 -0.018624727 -0.66624844 -0.32543123 
-1.0199329 -0.22757259 -0.9583445 -0.12114371 0.19020453 0.25874045 
0.3732221 -0.2040493 1.1667275 1.6416588 0.801247 -0.5336833 
0.64707357 -0.77386224 0.14148305 0.43634552 -0.83665603 1.5797018 
-0.48884603 -0.6286214 1.1743544 -0.1283603 -0.37140274 0.6330423 
0.39603913 -0.39215687 -2.2027712 -0.2550316 -0.68761504 -1.2979318 
1.3159496 -0.54146403 -0.8644334 -0.41697916 0.88315666 -0.48204118 
0.49404198 -0.8986984 -0.30968818 -0.61545926 -0.69558436 -0.07923188 
-0.65018123 1.4896414 -0.42959756 -0.63509244 -0.13047543 0.3479597 
2.0238714 -2.348829 -1.1240339 2.2397177 1.5763794 2.023219 
-1.0166321 -0.11402072 0.23545709 -1.1290213 -0.63615817 0.94531226 
0.09134084 -0.432381 -0.39404604 0.06383922 -0.44915104 1.1309929 
0.39341623 -0.27669948 1.0488577 0.26383507 -0.050061278 1.0493108 
-1.106848 1.072254 1.8720723 0.25498906 -0.24768664 0.73350495 
-1.2135375 -0.48810422 0.17776644 -0.20003903 1.5639547 0.41133416 
1.7493099 -0.9807082 1.167605 -1.0310622 0.23000625 0.07959872 
-0.7138568 -0.65053236 -0.43805042 2.0975206 -1.4830881 0.9638057 
0.7579243 -0.76874655 -0.9198645 -1.054799 -1.360362 1.014991 
-1.8113381 0.38442555 0.8494139 0.7797222 -1.8854263 -0.822653 
0.64269596 -1.9006268 -0.4488514 0.6107987 -0.07525949 1.177703 
0.8715951 -1.5287874 0.8490203 0.35754538 -0.51406425 -1.7630274 
0.8258371 -1.2216287 -0.92695785 -1.4076084 -0.6653937 -2.1228755 
0.36145452 -1.1358551 -0.6556764 0.120170474 1.0879226 0.80182475 
-0.37835807 0.37112468 0.86081797 -1.6594005 0.41731265 -0.5676034 
-0.1049839 0.86485547 -0.79224855 -0.5777247 1.6963688 1.226318 
-1.022492 -0.8848942 -0.81669587 -0.94020116 0.7943009 -1.4537541 
0.49455428 -0.149653 -1.3759779 -0.63484955 -0.36166194 -0.88308454 
-1.199911 -0.28649005 -0.94313556 -2.2657719 1.850338 1.8751819 
1.4062077 -0.47178137 -0.33836567 0.4581534 -0.06928241 -1.4620888 
0.792801 1.6989187 1.0796342 -1.9563348 -1.5634388 -0.016945243 
-1.4132619 -0.33351576 -1.8480585 -0.25974235 0.109028734 0.6248632 
-1.121836 -0.20259492 0.8799714 -0.32889548 -1.1024718 -0.08711079 
1.6646942 0.78043485 0.80715764 -0.15700622 0.30326983 -1.2659404 
-1.3383081 -0.7069688 0.023612786 0.06673524 0.026129276 -1.3583875 
-2.4816759 0.0021596535 1.5550189 0.45566314 0.007476504 0.34445456 
-2.5387936 -0.7761996 -1.750269 0.18887378 0.78120667 0.63199484 
-1.8638469 -1.0370439 -1.1891292 0.78726643 -0.2576731 -0.019036192 
1.7602783 -0.9722856 -0.07099226 0.7288146 0.4954907 2.0280561 
-0.7053486 1.0216017 -1.0379672 -1.1737716 -0.10776093 1.2500926 
-0.5321456 -1.337137 0.4649074 -0.10576405 -1.195215 1.493716 
-0.65382636 0.77445984 -0.2727296 1.179113 -0.2543866 1.5265226 
-0.97546923 0.7061417 1.3532009 1.2905861 0.19729194 1.2756789 
-0.6801907 0.71375495 -1.1204218 1.2895159 0.6091279 0.20145841 
0.13308246 -1.3667821 0.14322671 -0.6445619 -0.2799655 -1.4814624 
-0.5181323 -1.6976982 0.62893105 -0.4043541 0.15749578 0.3299519 
-0.42168278 -0.36228308 0.11946651 1.895786 0.37200284 0.91943675 
-1.5585918 -0.6671002 0.70081544 -0.69911695 -1.2841575 0.69475085 
1.4500836 -1.1911386 -0.70690864 -1.5019848 -1.3537672 -0.3065643 
2.1144922 -0.85598713 -0.82812095 -2.3904366 0.6598862 -1.2604004 
-0.5420609 0.42055812 -1.4126074 -0.74473745 0.33599997 -0.29852897 
0.6654419 -0.5952898 1.5661312 -0.26851097 -1.4968925 -0.12740158 
-1.0477918 1.2210673 0.7100876 -0.70833147 0.8588113 -1.0555972 
-0.47261703 0.56458867 0.49810803 -0.1916145 0.38533798 1.3478905 
-0.94397664 -0.61364925 0.4964841 -0.7923625 0.25410476 -0.3425284 
2.8676076 -1.0251112 0.6987551 0.71586585 -1.044478 1.7927403 
-1.1186465 -0.52622265 -0.6607571 1.0350614 -1.1777315 -0.33250156 
0.84191155 1.1773461 -1.0381187 0.9448195 -0.550802 0.15233375 
0.54419684 0.33030555 -0.52680194 -0.5653329 1.036642 -0.12055564 
0.615427 -0.74463725 1.048781 -0.053128302 -2.1860611 -0.67265856 
-0.707664 -0.9111233 -1.0842537 1.3179002 -1.7244402 2.095102 
1.4221516 1.3492062 1.2012707 0.028595606 -1.6756803 0.53677523 
-0.119936876 -0.9529525 1.1711174 -0.552878 -0.7111251 -0.8724484 
0.8228291 0.18979117 1.1030574 -0.31816354 -0.23417094 1.3079609 
-0.09355171 0.32922986 -2.5804791 -0.5811637 -0.8771584 -0.51884454 
-0.5883004 2.323476 0.12435247 0.13427195 -0.03871084 -0.3193829 
1.5530934 -0.56713563 -1.2893505 -1.6483771 1.237194 -1.8853039 
0.29116604 -2.089083 -0.5512414 0.9008936 -0.19083099 1.2049645 
0.22228739 2.1207469 0.73586726 -0.6670578 0.5108433 -0.66205263 
0.1920126 0.20188987 0.15013273 -0.58560467 0.67740506 -0.8558753 
-1.1303248 -0.7165531 0.7799394 0.18560551 0.35808536 1.1517524 
-2.0966322 0.28008145 -0.22304583 -1.3857042 0.8097004 -2.0264013 
0.69507784 -1.1233904 0.4645207 1.0693883 0.06960728 -1.3133371 
0.17927465 0.40887162 -1.606295 -1.36234 -0.8731724 -0.6712633 
-0.24227074 0.4690521 -0.39067873 0.46362 1.1451716 1.151573 
0.19967091 0.9762753 2.3799493 3.160439 -2.4349122 -1.1765714 
1.2002065 -1.5974692 -0.40617943 1.2547544 -1.489677 1.0993272 
0.5829558 -0.085232705 -1.3520496 0.18166475 0.072237685 1.4853003 
0.5051549 1.2105633 1.3820702 -0.17447804 0.31224617 1.1381799 
0.45774564 -0.31164834 -0.63086694 2.1805294 -0.41588497 1.2617401 
0.089631125 0.71191406 -0.099503204 0.8837186 0.16897021 -1.0653746 
-0.40617093 -0.10808516 1.1404558 0.39362317 -0.18010212 -0.30918863 
2.213769 0.29144698 1.3246493 -0.39554873 -0.778826 0.6360046 
-0.86356264 0.15699561 -0.7030774 0.18150488 -1.2976741 -0.8186155 
0.75292134 0.29775012 -0.04369105 -0.3494176 0.46113026 0.36466482 
-0.43553635 1.5904232 -0.31946486 0.40819392 -1.0617489 0.12865926 
-0.43343168 -0.13818222 -0.39250484 0.39278296 -0.26236197 0.6899386 
-0.59776676 0.682257 -0.70241857 -0.33412778 -0.65785396 1.2549174 
0.8349039 -0.4983827 -0.03588746 -0.0672473 -1.596943 -0.6488205 
0.88796043 0.52235687 1.3288047 -0.3530974 -0.124631934 0.19265123 
1.197732 0.50607854 -0.3338215 -0.4263775 0.50563383 2.0429714 
0.68965364 -0.58132476 -0.6337709 1.3232253 1.50418 1.4247319 
-1.5963434 1.2418154 -0.6824149 -0.17481005 -0.8556136 0.3735096 
0.28135914 -0.5641316 -0.5766939 -0.13044447 -0.12881504 0.84968984 
-0.14472398 0.30001435 -0.14489579 0.2580303 0.99995196 1.404447 
1.1406575 0.18587437 -1.0665171 0.79691154 -1.6814884 -0.71428335 
0.15333822 0.36791706 -0.7592126 1.6726195 0.31261542 1.0836641 
0.5079925 1.752187 -0.21463455 -1.2305338 0.049764074 0.35535955 
0.24346422 -0.6693487 -1.611056 -0.84505403 -1.377218 0.76330996 
-0.7642901 0.978421 -0.5518919 0.7581092 0.58933103 0.087195225 
-0.5703661 0.9082793 -0.47249657 1.211076 -0.2323564 1.4000298 
-0.92235595 -0.23175548 0.24235603 -0.09142277 0.07739674 -0.7672656 
0.3558529 0.15343167 -0.4042865 -0.92517495 -0.18768457 -0.32621953 
0.11332544 -1.7101742 -1.1640748 0.04405339 -0.17247084 1.2788243 
1.632632 -1.2335705 1.4588704 -1.2592921 -1.0241537 -0.562699 
-0.59809875 -0.83275867 -2.0778403 -0.4294065 -0.3016209 -1.0156815 
0.2854925 -0.8129982 0.30038607 -0.24056254 0.16030431 1.8487517 
0.93930113 1.9887094 -1.1419713 0.30627504 1.3585467 -0.40828553 
0.24483171 0.6339414 -1.1411242 1.0343165 -2.4483087 -0.00944231 
-1.1482058 -0.2849886 -0.7773192 1.0449563 -0.57051086 -0.90156555 
-0.21905477 -2.007908 2.0370638 0.91049457 0.7547798 1.0919976 
-0.9213261 -0.29053277 -0.39041796 -1.1222005 -0.14567712 -0.1931531 
-0.39462316 -1.5267032 -1.2884171 0.5163244 1.1042471 -1.0249196 
1.427051 1.9086664 -0.20662598 -1.0566236 -0.69672966 -2.3216217 
-0.4080625 0.1933416 0.13412933 -0.8174992 -0.27116418 -0.80604035 
-0.3076733 -1.0117528 0.18986961 -0.50251293 -0.0012820769 0.5021267 
-0.2535688 -0.11206609 -0.63620806 0.24914728 -0.5930059 -0.47818604 
-0.63452965 1.0022421 -1.180945 -0.40956005 -0.91985345 -1.1911352 
-0.8404952 -0.9038197 1.9557512 0.798376 -1.3681947 0.0911851 
0.26678398 1.61211 1.668769 -0.19045262 0.6154814 -0.0581205 
0.77339524 0.040387817 -0.5013079 -2.1089888 0.43706802 -0.57718813 
-0.2988002 1.2553948 -0.23706284 0.2066207 -1.052924 1.4592718 
0.35273382 -0.62447155 1.5258796 -0.29770112 0.86685026 -1.854468 
0.07709582 0.28388724 -0.25066027 0.080152765 0.19912973 0.2982464 
-1.5020862 1.4661828 -1.3009312 0.8472471 0.54131645 0.90971285 
0.57664955 -0.2416536 0.16978808 -0.9237879 -0.6714595 0.87035495 
1.2721997 0.4748865 0.3887741 -0.52206826 0.3476214 -0.4081695 
1.6644005 -1.1782168 0.39595428 -0.42991012 0.2982734 -0.60315824 
-2.7858007 1.5531046 2.7357943 1.9294198 0.6440529 -0.96194863 
-0.7128755 0.8062084 -2.4997175 -0.33606118 -0.19941933 -0.59814066 
-0.21239974 1.4892077 -0.16061759 -1.9577929 0.42529157 -1.7417876 
-1.3246974 0.8992984 0.6670969 1.8161849 0.056483123 0.50340116 
2.6283677 -1.0770969 -0.06915087 1.5167097 0.10023095 0.7393512 
-0.11800249 -1.027129 0.79835135 -0.55398786 0.050349098 -0.46387377 
0.9183601 -1.3334311 -1.6264509 0.95943713 0.44992658 -2.2263808 
-1.3216234 -0.21239948 -0.13465357 1.4660376 0.2076991 0.004776675 
1.6022118 0.11830577 1.6876963 -1.2182516 0.8556033 -0.14899078 
-0.19251473 0.7742893 0.1964953 -0.61954236 -0.30299097 -0.978007 
1.4789097 1.0575323 -0.30665052 0.5933978 -0.49752322 -1.7475015 
-0.5448472 -0.7180887 -0.44032213 1.6424258 -0.2909304 -1.0168511 
0.8957748 0.6991829 0.30490643 1.2150073 0.45892277 -1.1912559 
-0.06325006 -2.097939 1.0907575 -0.25573894 0.15355572 -1.0571983 
0.57013094 -0.77254146 -2.602262 0.7715953 0.3037028 -1.1370528 
-1.2666627 0.7632115 -1.4542217 1.2069075 -1.6333483 -2.0290048 
1.3272702 -0.3396457 0.26980022 0.68975973 -0.8630858 0.024635166 
-0.06813115 -1.6742358 0.18997535 0.23190613 1.1005882 2.1123264 
0.87974757 -0.25387955 0.3082631 -0.033762276 -0.11426498 0.9923746 
-2.3557563 -1.5904769 -0.77190965 -0.83982015 0.062262643 -0.4083811 
-1.1965059 0.26949015 0.37931708 0.06929308 -0.56652325 -1.5567373 
-0.67494386 1.7257107 -0.15401655 -0.81402326 -0.20549929 -1.3372544 
-0.35018095 0.67307925 0.90020716 -0.7227794 -0.754228 -1.7329258 
0.49248034 0.40084383 -0.59251535 -0.46259716 0.31733102 0.41305095 
-0.43707752 0.78123635 0.7801489 0.4899883 -0.5621681 1.0645123 
0.6282021 -1.0652138 -0.74668145 0.95273703 1.3142366 0.091795735 
0.498837 0.31902853 -0.07831278 -0.68600357 0.1906897 -0.7433981 
-0.6668284 0.20103282 -2.3568118 -0.85927933 -1.5227712 0.06445348 
-0.9244998 -0.88141644 -0.49059397 -1.0722811 1.3354329 -0.7786176 
1.4583972 0.4187822 -0.24290973 -0.033685323 0.5700098 -0.5327689 
0.92517644 1.0978606 -1.0844226 -0.26651025 -1.6274213 -1.0059993 
-1.3350703 -1.235701 0.2275913 0.75586927 0.9573881 -2.0377045 
0.045897413 -0.3034817 2.3215213 0.72651565 -0.6861337 1.3278611 
-1.736933 1.8197509 -1.3788552 -1.270183 1.8357152 -2.5571375 
-0.24337356 0.932498 -0.73674965 -0.20541322 -0.90368056 -0.29704097 
-0.57568896 0.8367985 -0.885846 0.64666927 -0.20241062 0.83176535 
0.57665616 2.3445718 0.9866633 0.94308406 -0.11190738 -0.112193234 
-0.18234165 2.0316055 1.366288 -0.04501685 0.41669434 -0.29862562 
0.60369176 -0.1268178 -1.3260307 2.177405 -0.108602606 0.09533861 
0.053451408 0.08185563 1.3876247 -0.5257929 -1.2474226 0.070359305 
-0.24041861 -0.22336468 1.7036539 -2.4036117 -0.43773997 -0.15852767 
-0.41206717 0.9646162 -0.63289744 -0.79645306 -1.0919856 -2.217138 
1.1059226 -2.7310817 0.8471917 -1.4943959 1.0093929 -0.24333292 
0.68800324 1.8420981 -0.4234846 -0.20212533 -0.75235754 0.6523161 
-1.5368309 -0.9609976 0.56417185 0.1356335 -1.2464099 -0.23550381 
0.90738845 0.52493113 0.8154493 1.5003834 0.9761679 -0.5895049 
1.5569234 0.262229 -0.08804981 -0.45955932 -1.1030374 1.8776366 
1.1420861 -0.60291815 0.2729098 0.31940228 1.5798193 0.7606926 
-0.052585326 0.29284972 0.5579799 0.20903395 1.4201455 -0.02389536 
0.20771995 0.508994 -0.68570685 -1.0558367 0.27572054 0.3793753 
-0.11159765 -0.42535207 0.7447909 -0.46377748 -1.2168926 0.2170464 
0.07843487 -1.0052105 0.1908519 0.5202771 -1.5706916 -1.1419475 
-0.24461854 -1.8382555 0.35026973 -0.53044355 1.1640692 -1.7239459 
0.29581997 -0.03910105 -0.14204946 1.17325 -1.947721 -1.1635735 
-1.2169691 1.8815019 -0.4711478 -0.45252156 -0.45990193 1.050447 
1.5745674 0.68669444 0.43882728 0.20948131 0.4500848 0.39773825 
0.21579151 -0.48068136 -0.579615 0.5207474 -1.0639782 1.631679 
-0.75744236 0.7519397 0.517406 0.3715652 -0.7627164 0.57175803 
-0.6183668 1.3585734 0.09063777 0.12069451 0.9007707 -1.2220758 
1.2488482 -0.2789717 -1.4360659 0.33066738 -0.4112961 0.26965043 
0.9192959 0.12430626 0.66618925 -0.7330954 0.2454498 -0.38586724 
0.067239836 1.0274421 0.16894421 0.29885846 1.8775097 0.29666317 
0.7722592 -0.6108016 0.091803424 -0.14452188 -1.591021 0.37783265 
-0.5302278 0.18753563 -1.0640055 0.23673959 0.4373604 0.15587172 
-0.668586 -0.5273275 0.6200525 1.2505822 -0.70695066 0.054390892 
1.1119335 -1.6646229 1.3370999 0.9460015 -0.75423855 1.794463 
1.2369018 0.35233182 0.8809778 -0.72259915 0.13707714 0.041732967 
-1.6473626 0.20825644 -0.34664154 -0.7447367 0.043081652 1.8498865 
-0.5425034 -1.4337053 -0.18010323 2.6275392 -0.4557803 2.4537928 
-0.44434658 -0.19486643 1.4692967 -0.26701942 0.36088666 -0.53794795 
-0.7596119 -1.7235367 -2.0273905 0.89203 -0.4492986 1.2850714 
0.3075231 0.3371384 0.4606517 0.8208968 0.96814966 0.6254146 
-0.44184226 -0.026323732 0.19621778 0.0021383392 -1.9585427 -0.26144534 
-0.15567046 1.7928337 0.07511521 -1.5454913 0.4075825 0.06678693 
-0.8192917 -0.19389495 -0.6918617 -1.256943 0.1278496 -0.48097268 
0.5527325 -1.2001039 0.8381093 0.24950607 2.1808674 0.53229725 
-0.46194145 -0.17904913 0.8734489 -0.6056932 -0.2540073 0.77100176 
0.34560055 0.25452688 0.7960302 -0.19231625 1.0774993 -0.44918528 
-0.5276919 -1.4241601 -0.18742047 0.49861458 -0.7788755 -1.1786765 
0.6244048 2.0912914 -1.0855706 -0.34480205 0.8826093 0.8897608 
0.89519423 0.50971067 1.5659903 -1.2550448 1.0377265 -0.47883967 
-2.3336241 -1.4777049 -1.3767563 -2.5050106 0.4990516 1.1097951 
-1.5692146 -1.9713936 -0.3626328 -0.015539673 -0.9965568 -2.350676 
0.54222697 -0.37013707 0.7206328 -0.88555634 0.49760205 1.5287664 
-0.023554856 0.05178509 0.40025645 1.133134 0.8522497 0.049840778 
-0.1873666 1.9318799 -0.48640043 -0.3673909 -1.0077419 2.9313316 
-0.40223908 -0.52721596 -0.75252366 -0.27178657 1.4154247 0.8474162 
2.4048805 -0.48531702 -0.08843957 -0.35422078 0.37606248 -0.6146174 
-0.88800955 -1.8406702 0.33345225 -0.6504232 -0.16060911 -0.15656902 
-1.2061116 -1.1684663 -1.1562829 0.40477931 -0.069466695 0.33920768 
-0.11610499 -0.01087127 -0.38864267 0.6154622 -1.5779765 -0.4229416 
0.39497447 1.6562543 0.103725806 -1.6406177 0.6351193 0.47354695 
0.22321424 -0.95615935 1.4180918 0.4924383 0.7285284 0.85687095 
-0.286076 -0.21154293 -0.020883368 -0.29849094 0.49925038 0.013082466 
0.21799944 0.41068372 1.4924715 -0.6722705 -0.26310155 -1.5772976 
-1.5030484 1.2882141 2.7026858 0.3096386 0.37950227 0.19179806 
-1.1480241 -0.77182573 1.2002442 -0.9902965 -0.15866496 -0.13631737 
-0.42909506 1.0262761 -1.2773957 -1.6136125 0.17735988 -1.7454628 
0.54133266 -0.67248803 1.0520649 -2.2130673 0.17176011 0.18829456 
0.55293393 -0.41912636 1.0734645 -0.2580811 0.095974624 -0.4238734 
-2.3994255 -0.6326232 1.1648166 0.0056806323 1.4489936 -1.7833685 
-0.4387796 2.3763683 0.10145285 1.4956688 0.5625767 1.3483747 
0.25821632 0.3146649 -0.88436913 -1.0434886 -0.2220535 -1.3565468 
-0.34789696 -1.5177218 -0.12990184 -0.43003955 0.416204 -0.0506374 
1.1651268 1.8505478 -0.4535909 0.11262646 -0.1879734 -0.9976224 
0.89166045 -0.7485942 1.0978681 -0.11776886 2.0743477 -1.6546245 
-3.0995107 -1.218495 -0.4627819 1.0856187 -0.1299025 0.859848 
1.7001857 0.13053852 -0.65769225 0.17015637 -1.5203507 0.80072176 
1.6642063 1.9998481 0.45097086 -0.8928989 -2.0444758 -0.19561784 
-1.1099578 0.8333323 0.80893755 0.32141393 0.09015867 1.0478858 
0.23411249 -0.14157477 0.67082745 0.6264576 -0.7873405 1.5083346 
0.13364081 2.1609914 -0.27966306 -0.20114057 0.8453517 0.3369846 
-2.0809677 -0.42346612 -0.9374306 -0.9005759 1.1554273 0.6934273 
1.1373016 -0.6554943 2.7752972 -0.45022196 -1.3787936 -1.7110531 
0.33323395 -0.24541412 0.3395957 -0.5688486 -0.8135792 -0.24145003 
0.9242366 1.1439521 -3.0416713 -0.26373544 -1.5836523 0.76222944 
0.23162527 -0.5352571 0.33044025 1.1056927 -0.12314987 -1.5155962 
0.87897444 0.41355 -1.470385 1.3788869 1.5687921 1.2703694 
-0.55520695 -1.3111022 -0.68504536 0.1259671 -0.12062499 0.55767745 
-0.9354663 -0.28005156 -1.61506 -0.10340332 0.3558233 0.0013216757 
-1.3480908 -0.19522087 -0.6237542 0.16821396 -1.6328076 1.6334629 
-0.2273503 0.16683736 -0.23804459 1.5547287 -0.12327234 -0.011247732 
-1.8102767 -1.1154172 -0.23465374 -0.33178398 -0.7157601 -0.8651497 
-0.47735292 0.27101877 -0.598968 1.6996257 -0.17543714 -0.15639335 
0.5556938 0.84148115 0.47160655 0.2833105 0.4363324 -0.24542788 
1.2508086 -0.30602396 -1.8023828 0.42588347 0.41380695 0.68337893 
0.9876144 0.16558778 1.0497321 -0.17312051 -2.2651782 2.890218 
-0.25865725 0.24640366 0.12445622 0.14091404 0.38463163 0.021352392 
-0.7475176 1.1629257 0.83541185 -0.7880275 0.25272828 0.7024758 
-1.1154115 -0.6240272 -0.44347343 -1.5038556 -0.2983647 -1.0959663 
-0.060535505 1.3391277 0.80984 0.43858156 0.11688699 0.19890031 
-1.0080287 -0.75129944 -0.7173535 0.19597267 -0.89638203 0.41143426 
0.16705526 -1.1215184 0.4245809 0.55160683 0.6508108 0.23055801 
0.44028145 -1.1402394 -1.6820391 0.77472806 -0.7645013 1.0274099 
0.16827029 -0.12960134 1.2062563 1.4022297 0.625976 0.25979936 
0.33786967 -0.15224789 -0.8611991 -0.3418478 -0.26044014 -0.51815546 
-0.3245229 0.9969912 0.3111304 -0.34414995 0.9641134 -1.1323845 
-0.19754662 0.43128073 -2.010561 1.1677581 1.8664393 0.124066435 
0.55921555 -0.17228533 -0.94026184 -1.6267222 -1.0992248 -0.3305988 
-1.8344029 -0.41011128 0.6856271 1.6370751 0.0055501303 -0.40823656 
0.73228025 0.5901979 0.78173065 0.47052976 -1.0094513 -0.3922234 
-0.39413443 -0.2645556 -0.2522206 0.2160748 -0.5803124 -0.44553658 
-1.5234729 -1.8754399 -0.9735485 -1.0446281 -0.038357604 -0.3463059 
1.7006725 -0.7580926 -1.5814754 -1.1208739 -0.49172208 -0.9992381 
-0.80600935 -1.9433503 0.13409027 -0.0872902 -1.7488723 -0.54648083 
-1.143745 -1.5786012 0.877549 0.7504788 1.028624 1.3312069 
1.1221131 -1.6636477 -0.34052408 1.528865 -0.5172675 0.6342493 
0.78144276 1.0243412 1.2596533 0.27081767 2.0175793 0.48321798 
-0.62672293 -0.10914484 -0.02825266 -1.505365 0.0884572 0.8259425 
-0.252638 1.1100489 -1.4022523 -0.11468273 -1.3570837 -2.218777 
1.4191444 -0.12175428 -1.5689363 -1.0268346 0.9522142 -0.5277743 
0.09734782 -0.034462094 -1.4185737 -1.5617077 0.07097967 0.13368106 
0.31648442 -1.282551 1.0915902 0.36801752 -1.8544799 0.0890008 
-0.21480465 -0.6901104 0.059547376 -1.2667251 -0.73308533 0.03984664 
0.6339047 0.37871748 1.0049016 -0.81469256 -0.15441121 0.56919533 
1.4306563 -1.0814688 1.9395654 1.5008875 0.4572859 1.4646639 
0.24040781 -1.6095667 -1.3044723 -0.89000505 0.7850321 0.0035750526 
1.8648847 -0.8598813 -0.20025015 -1.874285 -0.71120214 -0.7403991 
-0.614034 -0.2004497 -0.8367682 -0.13332142 -0.7671602 -0.4514173 
-0.92339396 1.0699688 1.2088575 -0.9060423 1.0217791 -0.043678567 
1.4974623 1.1574551 -1.5809176 0.7690025 0.21414961 -0.35451362 
-0.31349382 0.65732574 -0.0028631324 -0.26410398 -0.60080636 -0.528442 
-0.34687546 0.10621626 -2.0244668 0.9136314 1.3544087 0.7188782 
0.86689997 2.1892064 -0.6317091 -1.1624128 1.2976744 0.00015850549 
0.99780226 -0.720386 -2.432781 -0.6432169 -0.20727685 -0.24221914 
-1.0773997 0.5216812 -0.5111749 0.5303603 -0.35237756 0.7436518 
0.48065042 0.46675646 -0.5918756 1.0449708 -0.48360997 1.631902 
-1.6785396 -1.2940807 0.23091796 -0.39206493 -0.18476024 -0.76393497 
-0.17941965 -0.25079963 -0.21495236 0.5759153 3.2610874 0.23803498 
-0.6009301 -0.93000454 0.18687584 1.2514372 0.19997655 0.49850035 
-0.64733726 0.90006894 1.2372072 -0.46963993 -1.0675415 1.5907562 
0.44664708 2.6209755 0.82696956 1.7237293 0.24971676 -0.44381672 
-1.7265279 0.07004045 1.5270851 0.8007927 -0.20123099 0.20396335 
-0.5496847 -0.47758195 0.5381371 -0.5000569 0.90633637 1.5187688 
1.5006865 0.08797985 -1.3127044 1.3467706 0.6156232 0.6657615 
0.18816793 2.5901432 0.41023716 -0.8902023 0.43317 0.26149005 
0.56696254 0.14182132 -1.237335 0.8305866 0.55812865 -0.5113861 
-1.386188 -1.8404382 0.9417695 -0.878079 0.41906542 -0.7293819 
0.26440033 -0.9669286 -0.44150564 1.1204369 1.0267608 2.3319945 
0.74691796 1.3499475 0.10273679 -1.0159879 -0.02893277 1.0040387 
-0.044513565 0.6215882 0.009310946 -1.1936481 1.2886211 -0.0021514448 
0.15076602 0.8117663 0.045445923 -0.0034833993 -0.117231146 0.284496 
-1.8972418 -0.43005982 0.514786 -1.0714251 0.7649348 -1.1742185 
-1.303519 -0.0748846 -0.25688994 0.051053025 -0.41974273 0.46558505 
-0.81092143 0.6057588 1.2459615 0.61410105 -0.17215018 -1.3306301 
0.5837624 -0.44177967 -0.39003003 0.47779825 2.3754363 -1.3771095 
1.3265108 0.57511985 0.26841643 0.11984109 0.70358306 2.1281548 
-1.439001 0.07752692 0.92645055 -0.30398044 0.4826073 2.1795127 
0.40362087 1.0606631 0.3706182 1.5508461 1.4639298 -0.68229425 
0.063037656 0.5370699 -0.82686603 0.093412645 1.2304608 0.8831066 
0.9324647 1.0871828 0.60863316 -0.22891496 1.2295672 1.0116005 
0.9691346 1.6760864 -0.58972114 0.12976788 -1.405249 -0.32653636 
0.35930693 0.24916972 0.9666219 0.012446441 0.5261987 -0.8023782 
-0.6283945 0.44042903 -0.68304837 -0.6288093 2.008332 -0.040036965 
-0.57029617 0.456066 0.5201593 0.40131912 0.010273344 2.040724 
0.3951541 -0.33820644 -0.1846253 -0.42772958 0.8308918 0.69163924 
1.8609233 1.0075058 -2.053912 -0.38788012 0.7860934 2.732032 
0.23046407 -1.1321912 0.59057534 1.7237619 1.0223335 1.0873078 
0.92598456 0.7508933 -1.6993535 -0.24583589 1.7162715 -0.039994277 
0.4463026 -1.1607848 0.80662125 -1.4070107 -0.926535 2.3684053 
0.3796921 0.6863739 0.6160301 -0.122812316 -0.6208516 1.1650684 
1.7276183 0.0049923277 -0.3368611 -0.07849165 -1.1136719 0.48347583 
0.7663694 -0.26850727 0.5503414 0.012528912 -1.0074724 0.93557316 
-0.064516515 0.1310086 1.8239594 -0.9825277 0.015511831 -1.3147441 
-1.0281708 0.35849652 0.8176426 -1.7860934 -0.24609669 -0.99356705 
0.2808107 -0.4129461 1.1955403 1.0124869 0.44928536 0.50502366 
-0.5182519 -0.2890647 -0.6290923 -0.15901938 0.9718391 -0.73025316 
0.3340619 0.8286958 -0.7599729 -0.48504013 -0.6179514 -1.7999424 
-1.2910935 0.8722408 -0.6986356 1.0889065 0.30174816 0.5794657 
0.2950763 0.24790119 0.5374556 1.2025813 0.4552143 0.58526385 
0.5224202 0.4880678 1.039365 0.75712305 0.29713985 0.18687898 
0.49617353 1.6704575 0.61926377 -0.83516896 0.9428664 -0.5277464 
-0.6261937 1.8199722 -0.12966825 -0.010700112 0.32228872 -0.0039552627 
-0.33686936 0.39334604 -0.45023504 -1.5783668 -2.444608 -1.0426035 
-0.92655027 -0.35909554 0.062930875 -0.5045886 0.36704555 2.2705126 
2.244251 0.48137277 -0.90632236 -0.7495702 -0.34730014 0.07615295 
-1.0096889 -0.6759727 0.8285922 -2.2976127 2.0223305 1.1868908 
-0.9094475 -0.94839156 0.5454221 -0.58481055 1.1636703 0.28790578 
-0.2416193 0.57057685 0.075017326 -0.60047823 -0.37285498 -0.75250846 
1.6969439 0.4571624 0.34832743 0.035562694 1.0698994 -1.6973426 
-0.42208096 0.74204147 2.5963793 -0.5100645 0.90346956 -1.409648 
0.37726355 -1.5533756 0.44481224 -0.6468055 -0.80940324 -1.4022008 
0.7139078 -0.5170467 -1.1899929 0.962776 -0.53839016 2.6849058 
1.5823423 -0.8261974 1.0836297 -1.4894295 1.6871083 -1.9189677 
-0.60311246 2.1659458 -0.58319163 -0.099719845 1.9411072 -0.23993833 
0.19314814 -0.46417427 -1.4588056 -0.48474342 1.5418987 -0.3344819 
-0.2224052 -0.38787937 0.8976131 1.288071 -1.2696167 -0.69989496 
-2.0442371 -1.1910359 1.3604829 1.7716149 -0.5094363 0.54549015 
-0.52562135 -1.5773069 2.563329 1.0336268 0.38662124 -0.0497789 
-0.12719575 2.0533764 -0.88772166 0.9919424 0.3658896 -1.1947855 
0.38446358 -0.05225364 0.37694457 -0.87963444 0.3342342 -0.76911235 
-1.5415237 -1.5869585 0.7352406 0.17274931 0.66031426 -0.545839 
2.281227 1.5138298 -2.2167032 -0.4135009 1.6614801 0.053909436 
-0.999994 -1.2959195 0.8705413 0.5388501 0.59900934 1.1629117 
-0.9340793 1.4522417 0.35863233 0.5548235 1.5347797 -0.4234154 
0.38788173 0.9589368 -0.15817542 1.7859064 0.13512997 -0.08376935 
-1.0544392 0.21001029 0.042705916 -0.60831785 -0.25581753 -0.4230109 
-0.22630331 1.5161501 -1.527751 0.18129042 -0.7161088 0.32354987 
0.5750687 -1.0442476 1.1823697 1.0098997 -0.7876118 -1.303478 
-0.25544453 -0.68256056 0.38877714 -0.414008 -2.2365856 -1.20297 
0.51845145 2.4038916 1.1510139 0.38006577 0.8505928 -0.29125297 
-1.8001614 -0.9254437 0.35200238 -1.2016708 -0.27658418 -0.82689315 
-1.4710516 -0.32598987 -0.7490104 1.0270642 0.7480121 0.35576406 
-0.32153258 -1.2146194 0.48345974 -0.47454095 -0.8638762 1.1841422 
-0.060739994 -0.8568414 -0.3684922 0.82420427 -0.3415015 -0.6056938 
-0.3130843 1.3339161 -1.793309 1.9259795 1.8846344 -0.4048643 
1.2017117 0.97787714 0.2627127 1.7747284 -1.2629734 0.14966054 
-0.030676005 0.2706923 0.7913688 0.66374785 -0.18844181 2.5831995 
-0.528024 0.11552166 1.9315219 -0.81781393 -0.93088937 1.7692 
1.1137073 -0.006993099 -1.3181748 0.9879706 -1.5248957 1.260209 
0.38454312 1.3224168 0.047984987 -1.5846727 0.79465586 -1.2958916 
-0.06181537 -0.008284001 -1.6763854 1.1768565 0.6970254 -1.0841244 
-0.22679527 -0.50911593 -0.27319 1.4706414 0.100955024 -0.025014542 
0.711117 -0.19261004 -1.3890706 -0.05583456 -0.57353777 0.6376646 
0.44334954 -0.58019775 0.7533295 -0.30165872 0.33006498 0.18630055 
0.9691362 1.3439429 -1.6547952 0.1861287 0.4954698 0.4027473 
0.48035836 -0.9426128 -1.4569712 2.4689207 -0.9261779 1.4013547 
-0.45929846 1.0183738 0.4632642 -0.3831439 0.8678903 0.28842488 
0.6559495 0.5019753 -0.81898224 0.43949643 1.031985 0.7719051 
0.54210985 -0.7962267 0.7019968 -1.0326588 -0.2577014 -0.3227278 
0.83768725 0.06708123 -0.6822944 -0.90881777 -0.6048035 0.0023752223 
0.085522495 0.5240185 -0.7221879 0.45428738 1.9935728 -0.39305955 
0.69740456 -0.48771468 -0.7318596 0.8381152 0.8393922 0.57570285 
-0.772701 0.6795234 3.550765 -1.8195165 -0.9738825 0.43986872 
-0.96519893 -0.96502095 -0.21575312 -1.1103553 -0.36602932 -0.024407638 
0.45743006 0.43227988 -0.44008845 -0.95733047 -1.1404431 0.15696415 
0.5717365 -0.9283616 1.1811568 -0.27167517 -0.09325842 -0.98893523 
1.3680997 0.2032578 0.8834019 -0.007341558 0.12444633 0.19652939 
0.7043639 0.4179061 0.51462924 0.48629695 0.9107085 -0.5147725 
-0.29709482 -0.58285123 -0.56595486 -0.45247614 0.843253 0.27770892 
0.22605892 0.60956323 0.66386086 1.0109701 -0.034511007 1.0668731 
1.7261705 1.0703593 0.24043094 0.44104856 0.0199876 0.80882144 
-1.1366229 -0.69615334 1.2032896 -1.5917299 0.45911592 -0.57076627 
1.3203441 -0.038113054 0.4090272 0.38340223 1.708831 0.72316957 
-1.0697904 0.29862243 0.10375046 -0.71356654 3.0192554 0.4167612 
0.17086604 0.8687646 -0.41010925 -0.046006244 -0.53548527 1.6051065 
-1.3445605 0.25771824 0.21059322 0.18050279 0.7592398 0.08912599 
-0.21160965 -0.31378824 1.5212295 -0.9006117 1.7054316 -0.6159109 
0.6720059 -0.08300002 0.33964705 -1.2171594 -0.56699276 0.3770973 
-1.2488084 -1.0552772 1.2125895 1.0016875 0.79857963 0.010771523 
-0.7775575 -1.5076321 0.878832 1.3716685 0.6392215 0.74270177 
-0.33281463 1.0614767 -0.6425437 -0.3999765 -0.84213394 -0.35066718 
-0.8247075 0.3568354 -0.02562621 0.6309722 -0.22216566 -0.8638767 
0.9946279 -0.8766523 -2.0356848 -0.23515157 0.3011987 -0.2877196 
0.18026125 -1.1630105 -2.5960457 1.4606692 -0.70168906 -1.9861362 
-0.71717644 0.31069773 -0.5927589 1.5179614 -1.4346206 0.366431 
0.47972992 0.16845514 0.6523166 0.14503746 1.0920544 -1.6606809 
-1.1093664 -0.33280575 0.3550732 -0.39523128 -0.565247 -0.9127225 
-1.0159851 0.16131066 1.3418027 0.29532644 0.6060433 -0.1954749 
-1.2300626 -1.2962784 -1.8268542 0.2615306 1.3538523 -0.18413548 
0.7623267 0.48815846 0.6717135 -0.57405406 -1.3138398 0.46316847 
-0.22678319 -0.6984751 0.3459643 0.39715493 0.8604131 1.2412422 
1.846988 0.43340084 -2.1262434 0.07695707 -0.7877364 0.4854523 
-0.8181142 0.45938253 0.36636367 1.0972235 0.25837335 -0.049451385 
-1.5441297 0.638189 0.5589276 0.07663088 0.87756085 0.54078513 
-1.0347841 -0.3549277 -1.400779 0.36293745 -0.7621114 -0.32724282 
-0.003721302 0.46675485 -1.7236985 1.3791863 -0.7870908 -1.1913649 
0.14288165 -2.2073925 1.8637344 -1.2670035 -1.293719 0.63117653 
-1.6667541 -0.22138156 0.021015232 1.892354 0.8595861 -0.6349273 
-0.38034415 -0.17369957 -1.152702 0.3117652 -0.80509514 -0.96277654 
0.16639231 0.2083199 0.7371798 0.28813604 -1.4563289 2.0007925 
-0.043601934 0.15962137 -1.818495 1.4396565 -1.5263872 0.16204429 
-0.081327 0.77642643 -0.6621387 0.39962414 2.6717904 -1.068529 
1.7094078 0.47259924 0.44005746 -2.1066632 1.3864381 0.039343283 
-0.8422516 0.10239711 0.434745 1.1018956 0.008270126 -0.55577916 
1.3070583 2.1050289 0.34682092 -0.8957168 0.3574014 0.3850724 
0.6730283 1.5597253 0.5886733 -1.5275085 -0.9312981 -0.64927524 
-0.36043546 1.042867 0.657379 -0.0011674435 1.1967925 -1.230797 
-0.1506031 1.6529357 -2.006394 0.006532553 1.3591312 -0.7545223 
0.34414074 0.66190195 2.2818139 0.17224905 1.6792713 0.765912 
-0.95354635 2.1818225 -0.008671031 -0.8401252 0.6299076 1.2461661 
0.361407 0.7571597 2.9157016 0.68441004 -0.30696005 0.017611347 
-0.9598951 1.1128379 -1.0343304 -0.2525218 0.07124613 -0.569162 
1.8551313 -0.44442278 -0.29112843 0.57671034 -1.9651893 -0.1719931 
-0.6046966 1.0770608 0.38101995 0.8154078 1.051723 1.4291528 
-0.09278857 -0.76883835 -1.1665828 2.064846 0.0021606935 0.08898401 
0.82059604 -1.790539 -0.48686227 0.46779516 -1.1501805 0.23322885 
-0.2993799 -0.45236185 0.86456853 1.3420718 -0.11901372 -1.1739573 
-0.011297495 1.3684028 0.62878853 -0.4184896 2.3985362 0.774549 
0.06365583 1.7942114 -0.33877137 -0.65159744 0.9617851 0.6051952 
0.5330342 0.66954124 -1.1675521 0.03281187 0.7991942 0.8650641 
-1.2690865 -1.1546416 0.12680666 1.9278663 2.1212354 -0.5186028 
1.0991182 -0.38258138 -0.5072734 0.6134042 1.4815508 0.003963883 
0.03205721 -0.09437984 0.5769948 -0.3473382 -0.52560866 0.5727399 
1.2226099 0.8793146 0.13087896 -1.0104169 -0.77192414 -1.1580396 
2.1173918 0.6720136 1.1604025 -1.1273508 1.6593258 1.7936605 
-0.5152127 -1.0273714 -1.9200314 0.9899934 -0.52156425 2.519659 
0.85787255 0.055736046 -0.25038743 0.64055514 -1.2264848 -0.9173196 
1.7947193 0.815544 -0.6438943 -0.9105228 0.74163544 0.47934705 
-1.5471119 -1.1287128 1.1134669 0.3064468 1.2540079 1.5150052 
