1.9038833 -0.3214 -0.60454726 1.0092057 0.7271725 
-0.5831946 0.31201902 0.8527724 0.25210464 -1.0469153 
0.8652781 -0.27981994 0.416963 0.69127595 -2.2251606 
1.8855035 -0.21135923 -1.2093523 1.1027343 1.6536412 
0.15388736 -0.4985994 0.8239337 0.3107978 0.54906017 
0.58003175 -1.6330856 -0.28819305 1.2562473 0.4634604 
0.41942605 0.36419013 -0.18339159 -1.0264955 -0.8541676 
-0.8052771 1.4883548 -0.6967078 -0.2593148 -0.7771287 
0.2768804 -0.15576588 -0.29505214 -0.016181964 0.83152276 
-1.4285173 -1.1599109 0.64827156 -0.773997 -0.43127978 
0.6588497 -0.53960395 -0.29609182 0.5272706 -1.3580462 
-1.6144509 -0.87898666 2.395524 0.7846355 -0.3545957 
-0.9418921 -1.4946595 -0.2701633 -0.3944811 1.0581107 
-0.15000555 -1.1788872 -0.13001727 -1.5011089 1.8251973 
-0.6327523 -1.4894449 -0.3427402 0.40152815 -0.032113 
0.19692422 -0.266587 1.1193252 -0.15575285 -1.5952628 
-0.15223773 -0.34129333 -0.32549974 0.5405622 -3.0094025 
-1.3389801 0.35156918 0.5750635 0.46001157 -1.0355058 
1.0347607 1.8342793 0.53326225 -1.5841701 -0.50628 
-0.79302126 -0.69393736 2.4693305 -1.1893355 -0.30175662 
-1.4466269 -0.4742801 -1.0941513 -1.3921174 -0.25109905 
-0.74838436 0.46336448 0.05186683 0.64444584 0.8620556 
0.25042483 1.3737777 -0.9440441 1.553156 -0.61681384 
1.422978 -0.7506303 -0.28666362 0.4983278 -0.45165116 
0.23182598 -0.17463773 1.0523337 0.8443857 0.21173441 
1.2228926 0.31676108 0.80929434 1.9654973 0.33981332 
0.58263046 0.48801446 0.9061401 -0.0021623943 0.20631884 
0.089844406 -1.3648908 -0.42550656 -0.8947522 -0.9565104 
0.06071863 -1.8657757 -0.19144095 0.31482667 -0.13054423 
-0.5320698 -2.708006 -0.8195201 -0.60183823 0.03813243 
0.8389838 -0.6319858 -0.17876509 -0.5803809 0.3222376 
-0.6963611 0.7530486 0.11667919 1.6932005 1.742983 
-0.42744356 0.423897 -0.7959196 1.9349487 -0.5133476 
-1.1331801 -0.051921416 -1.216269 1.6095047 -1.4125521 
0.35761896 -0.32366124 -0.37435207 -0.25329447 -0.64200836 
0.87856746 0.86867756 0.1614517 0.5601974 0.8636487 
0.23376742 -0.84021544 -1.1914481 -0.80887157 -2.2694037 
0.33461604 1.9811769 1.1817505 -0.8941284 -0.8896617 
-1.0399779 0.33187082 -0.5739892 -0.07696129 0.4394883 
0.15062201 -0.17126998 -0.44996873 0.228667 -1.0148824 
2.1451845 -0.006126536 -1.2065916 -1.8757313 0.33324125 
-2.1090763 1.3774827 0.9217676 -0.3061491 0.68839705 
-1.1101831 -1.7804393 -0.74504656 -0.26034394 0.27141342 
-0.86633474 0.32576635 1.1424549 -0.045197822 -1.2918365 
-0.54771566 -0.12891774 0.79177517 -0.47575265 -0.9610802 
-0.99284583 -1.0400685 1.687939 1.3804915 0.09359866 
0.26721486 -0.5443776 -1.0999879 0.12410042 -0.24502775 
0.8118067 -0.50527775 0.45777425 0.23324174 -3.11566 
0.4195959 -1.905159 -0.056527108 0.38530874 -0.53864 
0.5984051 0.16937472 1.1001152 0.6100093 0.8979034 
-0.78086436 0.47854787 0.53024983 0.25030315 -0.16937025 
-1.084877 0.69280493 -0.70050985 0.4307011 -0.19815792 
1.2780468 -0.6941457 0.9094853 -0.7180251 0.6370729 
0.122783646 0.7282829 -1.2392867 -0.28935924 -1.4578393 
-0.5474227 -0.1116535 -0.07465914 -0.46672237 0.39986083 
0.4946477 0.85549617 -0.9610402 0.6904063 -0.34285694 
-0.23942801 -0.9105492 0.9714372 0.18635525 -0.23854376 
-1.338091 -0.38676742 0.7441928 -1.0548434 1.2773654 
-0.77532125 0.91092765 -0.10085066 -1.0622941 -1.0000705 
1.3357081 -2.624558 -1.1993052 -0.8350577 -0.833312 
-0.40001243 -0.6041665 1.1817536 1.8424402 -0.087660946 
0.8392254 -0.004727063 0.15110224 1.0877094 -1.5032437 
0.5388235 -0.08385493 -0.34967235 1.1389309 -0.5425983 
-0.17016405 -0.38361728 2.0806227 0.29117164 -0.783529 
-1.3282986 1.5235766 0.43926492 0.54397136 0.48948178 
0.33456093 0.5197836 1.0794914 1.214263 0.23388548 
-0.27738482 1.3402684 0.7245807 -0.40408722 0.5709312 
0.63109964 2.4289236 2.8960288 0.25746658 0.1658308 
-0.043780163 0.8105693 -0.3062758 -0.8086428 1.4706423 
0.5708202 -0.7852453 1.5728034 -2.3975766 -0.3536852 
-1.1990198 -0.37200585 0.49542677 0.29024068 -0.15687287 
-1.500253 -0.5866779 1.5891936 -0.52328885 0.328685 
0.53424025 1.4749062 -0.5776764 -0.18371467 -1.2005576 
0.39712116 -1.4121552 0.850911 -0.13878416 0.3112191 
0.53450906 -1.5340226 -0.48795602 0.8960484 -0.7492749 
0.016150232 0.3722595 1.1130852 0.7403354 -0.21142204 
1.1238782 0.7146388 0.91803366 0.9811217 1.1341634 
-0.80460405 1.2463055 -1.257328 -1.1751516 0.28467813 
-0.80808884 -0.15283339 1.7521482 0.7273816 0.028146505 
0.2961798 1.213382 1.4101199 -0.4523331 -0.031791285 
0.41787305 0.7120229 0.93017066 0.36175412 0.4635073 
1.6344186 0.6645244 -0.3928322 1.8249544 1.4519957 
1.134543 -0.73868555 -0.2358722 -1.852081 0.0875135 
-0.20380734 1.6352123 1.9398285 0.03476806 -0.49563736 
-1.521648 0.24190035 0.6593243 1.0278822 -0.10176164 
1.2678145 -0.06303891 -0.62129486 -0.11564087 -0.7624481 
-0.48136795 -0.61085004 -1.5507312 0.94091475 1.5695655 
-1.1433173 -1.2666612 1.0332783 0.12814891 0.38010898 
0.4917882 -1.3746794 1.2018746 2.5151272 1.2777909 
1.2141446 0.31456894 -0.14300849 -0.3196503 1.7829795 
-2.2066455 0.20551762 1.5589315 1.223265 0.39354897 
1.9993063 -0.4222702 -0.4629841 0.43259114 -0.047695335 
0.9527829 0.5493107 -1.2620559 0.6294351 -0.8827894 
-0.21936163 -0.4660285 -1.7492019 -1.0798452 -0.8023044 
-0.3778196 0.5254014 1.2059802 -2.0394056 1.012468 
-0.9177704 0.98639524 0.69317037 0.6558377 -0.6236279 
-0.8088016 -1.3576556 -0.98655856 -0.9353185 -1.7222967 
0.7843672 1.4746923 1.322275 -0.16008982 0.3093061 
0.13125107 -0.8110093 -0.3883286 -0.017801315 1.5528387 
-0.5487546 1.117586 -0.8869854 -0.92051405 1.3656063 
-0.3214159 0.51425457 -0.15901497 0.68562466 1.681379 
0.3489196 0.4045314 0.77452564 0.4928476 -0.019814815 
0.9381415 0.6729259 0.0019150226 -1.1648211 0.8625028 
1.3758657 -0.24442042 -0.99617875 0.20139317 0.049226355 
0.99547505 0.6847055 -2.4169614 -0.06798756 -3.1121895 
0.39883438 -0.3866113 -0.9358219 1.3689706 0.42148954 
0.57458043 0.06716686 0.2762996 1.5204911 1.6077919 
-1.0652611 -0.16156453 0.54805326 0.06461989 -0.13128111 
-1.0915589 -0.44407013 0.3465249 -0.24891633 -0.475673 
-1.819206 -0.514598 1.0944242 0.25055814 -0.8766043 
1.0748715 0.119665556 0.4363972 -1.6609933 -1.0330052 
-1.9574451 -0.45553264 1.0223405 -0.87564963 2.0503938 
0.57374763 0.7925946 -0.3876056 0.318686 0.3282376 
-1.8077474 1.0250067 -0.1625921 -0.8890181 -1.1480579 
-1.3146185 -1.6616735 -0.02756444 0.78944784 -0.37994313 
-0.09258114 -1.6278566 1.3532876 -3.2846034 -1.5355936 
-0.04079794 1.7072573 -2.6547983 -0.42392743 1.0980446 
-0.5878755 0.13493316 -0.03361818 -0.52624774 -0.8312907 
-0.5719021 -0.74427265 -2.194547 -0.47419965 -1.1928844 
1.2419935 -0.7961354 -1.1202979 -0.2886186 0.9911981 
-0.42336944 -0.1000459 -1.4209464 -2.0892391 0.78358936 
0.08014987 -1.6577486 1.1426637 -0.68925846 0.15736307 
1.6000538 -1.0519787 0.45979944 -1.8507783 -1.4763215 
0.53030026 -0.46639884 1.7067153 0.78296787 -0.7781211 
0.77694756 0.4507316 0.66852534 0.4960187 -0.26808482 
-0.4755471 -1.0997319 -0.7185729 -1.2524924 -0.53885525 
-1.0325917 0.21590208 0.7724375 -0.9196156 -0.6712053 
0.10812261 1.0281358 0.48482627 1.8680551 -0.92984843 
1.5488807 -0.15429938 0.93843013 0.62525624 0.786763 
-0.9958307 -0.294009 -0.13615744 -0.5966786 1.2473449 
-0.21263598 -0.6176256 0.42206624 0.047491852 0.7384568 
-0.50578135 -1.6701448 -0.6400586 0.32630274 -0.1610887 
0.39518112 1.3789203 1.6779066 0.210318 0.424604 
-1.0382488 -0.16600981 -0.7611238 0.20768319 0.00096213416 
0.4983048 0.34389663 0.41929027 -1.08079 -0.6894721 
-0.33211178 0.47265127 -1.2097274 1.0314096 0.6413639 
1.1023061 -0.3954232 -0.108392015 1.0893693 1.6189713 
0.38860643 0.6192159 -0.7430252 -0.1694673 -0.23108365 
-1.5991813 -1.4006679 -1.094533 1.0993342 -0.35852122 
-1.3553324 -0.6021296 0.30310053 1.259938 -0.18115248 
0.9977604 0.082210004 -1.1447777 0.74976856 0.72656316 
-0.21954146 0.40234295 -0.3524256 0.7442606 1.988248 
0.25935277 -0.024172492 1.7872841 0.11640499 -0.26992673 
-0.9092981 0.71870375 -0.18085401 -1.5647535 1.5774138 
-1.3335673 -1.0929872 -1.4691405 -0.93140715 -1.7042209 
-0.32513136 -0.85118294 0.1698312 -2.1033697 1.4866248 
0.800638 -0.3859916 0.8205624 -0.39964846 -1.3869207 
-0.18765977 0.18559271 0.62781405 0.46016362 -0.99430037 
-0.080598265 -0.06636644 0.040553935 -1.7937688 0.5810983 
-1.5567722 0.09938814 1.2304335 0.8579094 0.3300644 
0.33725753 -1.8957717 0.30138642 -0.2618548 0.38530174 
0.6693738 -0.4145254 -0.55543965 0.11571389 0.0135338325 
2.3393257 0.4305464 -0.8585342 0.346862 0.7923504 
0.014302652 1.9141866 1.7871008 -0.67860276 -1.3172739 
-0.966255 -1.3532649 0.12538603 0.39068866 -1.1644648 
0.19478585 0.40297133 -1.4497621 -1.458552 -1.1543548 
0.5604456 1.2205079 -0.68905133 0.25963786 0.10683073 
-0.4273313 -0.68232447 1.0349841 1.2600012 0.64552355 
-0.19567356 1.4315565 0.28656116 0.15340172 0.28115204 
-0.71606565 0.47455668 -0.44408238 0.8228695 0.38743994 
-0.17117806 -2.2513633 0.82459074 -1.0610915 1.0276854 
-1.126966 -0.56660545 -0.12895514 -1.0125334 -1.087153 
0.4642758 -0.28524747 1.3130988 -0.4475665 0.67816365 
1.0601982 -1.0570549 0.72493106 1.0624834 2.0535026 
-0.8427084 1.6218894 -0.97958493 -0.07359828 -0.3289183 
-1.458178 1.7893636 0.4638285 -1.7657361 1.8134229 
-0.38061088 0.8001476 0.9217572 0.71412957 0.99960065 
0.32006717 0.11249713 0.5292481 1.6054969 1.4292327 
0.911113 1.2042774 -0.5007865 -0.70930934 0.5978447 
-1.1690311 0.909284 -0.45337546 -0.4272613 0.12557603 
-0.58760256 1.4202701 0.31842637 1.5779821 -2.0428474 
-1.1204981 -0.85036016 1.5947115 0.99537534 1.2395545 
-1.1012789 0.99924093 0.33131605 -0.20090842 1.190888 
-0.21817273 -1.471331 1.0010713 0.603166 -0.3272291 
1.1071572 -1.0637681 0.99399686 -0.22879697 0.9946834 
0.44083884 -1.2728587 -2.1121285 0.3480135 0.2628689 
0.50877494 -0.0019420064 -0.88729715 -0.23275205 -0.08764555 
-0.04060546 -0.13304456 -0.88535976 -0.9888747 0.15255511 
0.7691896 -1.5382631 1.214415 -0.04492718 0.25446922 
-3.020328 -0.49202135 1.9408908 1.6152376 0.62441593 
1.4025282 -0.57611275 0.17209798 -1.1901597 -1.6509799 
1.3987923 -0.28351104 -0.5141561 -0.33637455 2.56954 
-0.44951198 0.2604045 0.2873351 -0.012151757 1.3565814 
0.14306623 -1.2787982 -0.16514365 -0.39487672 0.041833688 
-0.18892178 1.1407286 -1.8368523 0.23092738 -1.5041373 
1.7467524 -0.99889904 -0.30731723 0.2739 -0.9821054 
0.45956013 1.3894764 1.3635526 -1.0587271 0.3241697 
-0.69072074 0.31348258 0.9608886 0.850955 0.021322204 
0.64143836 0.31178898 -0.51971066 -0.8574062 -1.2136332 
-0.29837394 -0.09406603 -0.31912237 0.21161576 -0.58211875 
-0.32655308 0.8141584 0.91528845 -0.24095191 -0.97148347 
-0.371628 2.0166962 0.5723079 -0.3550453 -0.25217995 
1.2960823 -1.0277905 -0.6250399 0.29368594 2.276005 
-1.8049221 -1.5262072 -0.14170548 -0.35675186 1.676608 
0.7200084 -0.38492876 1.4679093 0.9299548 -0.16765809 
1.3308005 1.5734507 -0.7610856 -0.88377005 0.8359739 
-1.2770504 1.2635108 -1.7265407 0.06525368 0.5054194 
0.62811726 -1.4766374 -1.1961199 0.588066 -1.1917243 
0.41021937 -1.5155755 1.2763029 1.5002955 1.1819627 
-1.5433977 0.45504808 -1.691284 0.6112404 -0.35222942 
-0.41371146 -1.1423458 0.6257381 1.4234575 -0.069959156 
-0.10383283 1.6519421 0.17856653 -0.67382544 0.004272779 
-0.81870973 -0.74122703 0.7814267 0.4631347 -0.6231009 
-0.08597807 -0.09953646 -1.0155163 0.19616693 0.27616277 
1.6990201 -1.1495017 1.0397702 0.46556532 -0.0073354067 
0.077261634 3.0800416 0.9084144 0.17611341 0.20208062 
0.62153363 2.4969592 -0.5254509 -0.69817615 -0.6946237 
0.65976715 -0.19044933 0.032924592 0.25519812 1.328281 
-0.21266499 0.541817 1.467742 1.7757108 0.14135517 
0.16775745 -1.7934479 1.3132532 -1.2966397 -0.56725305 
1.1774329 -0.32315797 0.23446816 0.35377654 -1.0224359 
-1.0516597 -0.4854776 0.65981984 -3.2347195 1.0877466 
-0.54923815 0.13494931 0.9882358 0.98016363 -0.76579726 
0.647278 -0.7506066 0.72254974 0.6742553 1.3172523 
0.9858939 -0.004717994 -0.65921384 0.67357254 0.15931004 
0.83798724 -0.54732424 0.45698705 0.9661069 1.0763702 
-0.4917837 -0.81943905 -0.45945436 0.66173065 -0.97330785 
0.06258953 0.7894067 0.18349992 -0.33959347 -1.0574137 
-1.6155747 0.33951998 -0.06239075 -0.2216872 -0.87981206 
0.95209473 -1.868252 -1.0838122 0.28607136 0.42531654 
-3.1507938 -0.8198424 1.6124961 0.7348038 -1.9129684 
-0.34051788 0.34648415 -0.51866704 -0.5042399 -0.30588424 
0.9977742 1.446072 0.06832657 1.786885 -2.4418306 
1.799354 -0.93406945 -0.29593182 0.6879922 -0.77213234 
-0.6356283 -1.0189052 -1.5515594 -0.17467797 -1.0083576 
-0.4675078 1.0465486 1.1303434 -0.17873274 0.24962485 
0.4562144 1.2817217 -1.2929552 -1.246071 -0.9202454 
-0.106608726 0.8250825 1.3201263 0.50909835 0.90029365 
0.39330882 0.49434903 -1.3087517 -0.79583335 0.3094983 
-1.0621678 -1.5130073 -0.48244643 -0.34066716 0.6389493 
-1.0893061 0.96415293 -1.3615636 0.60764927 -1.9044441 
-0.16609381 0.17749542 -1.0379949 0.5264272 0.3694174 
0.8337927 0.20929097 -0.6358394 1.8170971 -0.13499947 
2.1986034 0.37781608 0.027693573 2.5337167 -0.07949026 
-1.3532132 -0.19147111 0.7003448 -0.81641257 0.8039644 
-2.1776845 -1.2845194 0.24055779 -1.7586237 -1.170911 
1.4702958 1.2082522 -1.1991521 -1.0290434 1.6519933 
-0.8595435 1.5884405 0.59531426 -1.2710705 0.9113219 
0.28276837 2.0033288 1.6290797 -0.37434366 0.09225168 
-0.9341586 -1.6470103 1.8099692 2.7249796 -0.9931114 
-0.8097513 -0.4101262 0.5159061 0.5386647 0.5361922 
-1.4954237 -0.014870822 -1.4981301 -1.5997405 -0.92098 
-1.1932195 -1.1713002 -0.451573 0.11628175 0.31859785 
-1.2223046 -1.2091112 -0.79701567 0.6584913 0.78403467 
0.010839831 -0.19623536 0.18291375 0.5046648 0.8739667 
-0.8487414 -1.4129035 1.8767567 -0.6021 1.5346065 
1.6500224 0.06657029 -1.1315509 -0.9067599 -0.977947 
0.27611986 -0.56178963 1.1208106 -0.3675419 0.73060936 
1.4018039 -0.58724946 -1.0603769 0.2642464 1.4556605 
-0.5050029 -0.4424429 0.17781477 -0.22253862 -1.7344489 
0.49665812 -0.14876041 -0.8027051 1.0022647 0.76302546 
-0.55194867 -0.72694457 0.44993463 -0.5183797 -0.3666657 
-0.08101483 -0.96219593 0.42020726 0.7641096 0.52537036 
-0.014254066 -1.1617718 1.1585429 1.0161091 -1.1255668 
-0.3751338 -1.1952442 1.9531811 0.17100145 -0.13595991 
-0.610934 0.8026031 -0.11856223 -1.0210309 -0.3195042 
-0.010043824 -0.6491886 0.69628996 0.05517672 0.40370473 
1.3848647 -0.06642332 -1.5819567 -0.9533092 -0.4157036 
0.4275126 0.35574532 1.0495476 -0.52752566 -0.999103 
-0.6378219 -0.9817118 -1.5961124 0.13676183 1.0429842 
-1.1823254 -0.24778266 -0.4413059 1.3050005 -0.5758212 
-1.5636414 1.1798648 0.07042796 0.47442356 -0.037783645 
-0.39905605 -0.46178612 0.7128632 1.3042029 0.3950203 
0.3047969 -0.5819882 0.35717043 0.040837448 0.4595284 
-0.7862567 0.016193436 -0.19137461 -0.7302068 0.37349266 
1.4506891 0.7256756 0.22303824 1.8089472 0.32162556 
1.0958925 -1.055126 0.7482398 -0.5335722 -0.43124524 
1.9118406 1.0748105 -0.47746363 0.83984816 -0.07857218 
-0.009569383 -2.0514112 -0.7762619 0.40464664 1.3885893 
0.18069474 1.3825514 -1.2436875 -1.791167 -1.0101072 
0.45955297 0.15988648 -0.07416457 -0.2533747 1.1303046 
0.82196766 -0.80639476 -0.95371574 -0.03906332 -0.9341958 
-1.083604 -0.5453496 0.81904817 -0.62466717 -0.19728866 
2.3279464 -0.08189761 -0.5260367 0.56637484 1.2459241 
-2.3846698 1.420946 0.17079991 2.0345888 1.3029679 
-0.3353481 -2.2344182 -0.62942946 0.2879174 1.3741714 
0.13828683 0.5529628 -1.102413 0.42096755 1.1068221 
1.7651604 -1.3474414 -1.3287871 0.10371727 -0.4389288 
0.5146733 0.9253607 -1.7324605 0.03360261 1.6525364 
-0.6624098 0.34152126 -0.7118015 -0.54338807 -0.46511927 
0.2798065 0.14412437 -0.40192094 0.09238618 -1.267581 
0.03233737 0.7117957 0.45704138 -0.90796053 -0.39669517 
1.4740369 -1.6141006 0.08828636 -0.48029238 0.88997096 
0.36917782 1.1571238 0.08919495 0.9663588 0.31134287 
-0.45617014 0.80639774 1.2646879 0.13199502 -1.9791186 
0.253222 -0.7509793 -2.0827153 1.6744779 0.56301534 
-2.0465863 -1.7831296 -2.012112 -0.8177954 -0.08182645 
-0.99699277 -2.31402 1.5704869 -1.5726278 -0.44352865 
-0.58689857 1.1405058 -0.85360634 -1.5447896 0.4629626 
-0.032260697 -0.63476217 0.42230973 -1.3416845 1.618628 
0.5279634 -2.057532 -0.45429304 0.92513233 -0.3493726 
0.47016975 0.6754052 0.5791621 0.4356089 0.43626323 
-0.74876475 -0.81860393 -1.8667853 1.4662809 -0.10939578 
-0.42536786 1.4297906 -1.803452 0.3373108 -0.7192671 
1.171516 -0.0055870153 1.0909947 -0.33602312 1.0990407 
-0.53908837 -0.32371166 2.0707133 0.8565647 -0.31795526 
1.5015271 0.079328746 -0.8860255 0.867494 -0.9268672 
0.32533935 0.436092 -0.41355944 0.93548757 1.3912343 
-0.27554289 1.5441407 2.039018 -1.8140857 -0.6511815 
-0.8987264 -0.24331345 -1.3345969 -1.3496107 -0.056327354 
-2.4293368 0.15804024 -0.45167187 -2.7476983 0.09099634 
1.3347911 2.2234535 -1.9959868 -0.3198734 0.44657165 
0.0049404106 -0.5573074 0.031019706 -0.039213873 2.122882 
0.11236529 0.32605788 1.7527349 -0.73341167 -0.3901603 
0.17896843 -1.543599 0.907241 0.17047563 -1.8323648 
0.036865447 1.2332089 -0.38328296 0.61130935 1.6702058 
0.25960803 0.09284733 -0.45663294 -0.05458489 -0.576005 
0.49601102 -2.394318 0.5018067 -0.88057035 1.1246076 
-0.63918287 -0.2990969 0.17621522 -0.2315515 1.0312711 
0.28988174 -0.5861402 1.7624092 -0.52792466 -1.4230148 
1.0562699 1.5826795 1.9394621 1.1403425 -0.36609557 
0.016936962 1.0726765 2.2019742 0.89229345 0.35935348 
1.1265498 -0.9209094 -0.6463182 0.18694769 0.3463229 
0.3531402 -0.039875243 0.6206515 -0.39645064 0.5748889 
-0.76313776 1.0186368 0.438167 -1.4652985 0.72434497 
-1.3889955 -0.123461634 -1.376891 0.42859674 -0.5422614 
-0.012630748 -0.4228379 -0.11215453 0.5362535 -0.7243017 
-1.2250236 0.1947495 -0.45447496 -2.4901695 -0.98633206 
-1.4478362 -0.15873305 -0.0798796 -1.9578834 1.1597344 
1.1056571 -0.8745868 -0.49490598 0.2670465 0.36273187 
0.8140342 1.8276638 1.7810736 0.47353262 0.64923733 
0.15366095 -1.0320045 0.5514369 0.20299391 -0.9503424 
-1.3924545 -1.1152247 0.097929314 -0.3108579 -0.6424415 
1.6157392 -0.460607 -1.2855829 0.48926178 1.095298 
-1.1578249 1.4204853 1.3563505 -0.12767564 0.17107362 
-0.33388266 -0.5847729 0.22412549 -0.44870567 -0.63355213 
0.6963149 -0.4937999 1.0159417 -1.3952863 0.15412231 
-1.2945255 -1.1056614 0.15808147 -1.1052792 0.4456029 
0.93574136 -0.8499172 -0.16171189 -1.1901983 2.1978686 
-0.007982679 1.1908805 -0.94823635 -0.58194524 -1.4569056 
-1.4314785 1.4389609 0.5031116 0.18583623 -0.5517293 
0.96617293 1.0742112 0.56376445 -0.18589686 0.24340603 
0.35698465 -0.63947123 0.34508482 -0.43142012 -0.09844492 
-0.3279307 -2.2340322 -0.34769073 0.018271096 -0.17726678 
-0.31123975 -1.2159883 -0.14979424 0.45176053 1.12062 
-0.0050135185 -0.30886257 -1.5398711 -2.427911 0.63274586 
1.0020823 0.818391 -0.7901652 0.25144172 0.8493048 
-0.5355918 -1.4658463 -1.2650784 0.8427265 0.021277063 
1.1557226 -1.3669776 1.4202517 1.1797429 0.46731904 
0.26285255 -0.5394394 -0.9783839 -0.5335012 0.070425816 
-1.4016225 1.3087946 -0.17555322 0.70325017 0.8540649 
0.7398186 0.9447958 -0.90483314 1.512065 -0.9264149 
0.14317237 0.49164277 0.30851358 -0.58534026 -0.34194753 
-1.5584949 1.6909148 0.4649189 0.8890779 -0.16162895 
0.9523221 -1.4759963 0.6086008 -0.6580347 -0.33078042 
0.052673325 1.01767 -1.3450664 0.8479339 -0.8722901 
-0.73647934 -0.035695925 0.41319486 -2.238061 1.3772159 
0.12249352 0.48925072 0.95545447 1.0096205 0.29003936 
0.7678419 1.6586285 -0.56064236 2.2369647 -1.5850804 
-0.91922027 0.17222291 -0.20718513 1.0232531 -0.20211186 
0.5259254 0.17895752 -0.34482595 -0.6807597 -0.7674527 
-0.36570212 0.12393377 0.1296939 -0.006195824 -0.12569456 
-0.041867934 -0.06057346 1.7752948 0.44035518 -2.6538646 
0.687531 0.42594042 0.17220348 0.8962964 0.200448 
-0.3047604 -1.1117969 -1.3294992 0.477081 0.61686856 
-1.1758467 0.98652047 1.6645665 0.68817294 -0.38709718 
-1.5621688 -0.951799 -0.05315112 0.3646075 -0.9976083 
-1.127246 -0.84474325 0.3681712 -1.5788014 2.3537867 
1.3927265 1.0412872 1.2489039 -1.0360305 -0.14409685 
0.63393766 1.3773576 1.0663953 0.4532629 -1.2552989 
0.5848665 0.18364102 0.47780564 0.9574367 0.9469893 
0.9119298 -1.5724192 -0.8496199 -0.38006362 -0.4703181 
-1.5736176 1.5941817 0.21687509 -1.6679248 1.0106637 
0.14004727 2.575005 0.52662194 0.03703065 0.571142 
0.11150047 0.5815007 0.8720265 -1.6768011 -0.7953529 
0.25699565 1.8159395 0.966281 0.32153568 -2.1603053 
-2.4731514 0.6569715 -0.47556108 -0.3792616 -0.77794075 
0.51804453 1.204659 -1.6990433 -1.0445758 -1.8767493 
-0.61348194 -1.3157457 -1.3585159 -0.82960325 0.3949576 
-2.0305133 -1.1650102 -1.5099369 -0.6189876 -1.8055843 
-1.9907556 -0.011873539 1.223638 0.3696618 -0.8905003 
0.7016866 -0.98518246 0.33909526 -1.3502551 -0.4113564 
-0.5322803 -0.6451587 -0.98348874 0.23582424 1.127076 
1.2987009 -2.0657313 -0.84361255 0.114550136 0.19097747 
0.044624384 -0.0670651 -0.1169882 0.36010996 -1.3656042 
-0.27539125 -0.96850646 1.6244088 0.018945212 -0.8650399 
0.14225484 -0.8312813 0.79589236 -0.4913206 1.1432047 
0.7750627 -0.0036968081 -1.283316 0.14677948 -0.57450324 
-1.0284564 -0.36756173 1.5120927 -0.34080595 1.2243898 
1.2430604 2.4114807 1.2383809 0.30633694 -0.4555018 
-0.0140782595 0.65234476 0.6172284 -0.47601396 -1.0827631 
-1.0111045 1.751992 -0.903169 -0.9651221 -0.6160444 
0.76798606 0.21021417 -0.30559915 -0.5169994 1.8835876 
1.0355152 -2.621772 -1.0258532 0.5361112 0.6262703 
0.44664767 -0.54272133 0.85000294 -0.30250806 0.5138065 
-0.78250235 0.5781471 0.74499565 0.82791275 -1.3122418 
0.4434711 0.20069487 0.13796899 -0.7292192 -0.14583674 
1.8742864 -0.48504996 0.99045557 0.2518263 -0.116553165 
0.51489204 -0.83571774 -0.5182551 -0.0660022 0.94407964 
0.8014672 0.8116943 -0.9770754 1.1769164 -1.6198809 
-0.4437214 1.3460261 0.21789159 0.9084315 0.46592852 
-0.23883 -0.21464242 -0.24413961 -0.033863522 0.40776756 
0.8135532 -0.06621453 0.95202696 -0.152497 0.41924277 
-1.2033858 1.1333464 1.5911306 -0.0816382 -0.95422864 
-1.6539345 0.26468924 -0.8608974 0.8168332 -0.9954661 
-0.24241541 2.7139523 -0.4597161 0.3503079 1.4418737 
0.47748902 1.801491 0.16845842 -0.113291666 -0.7008537 
-1.8584462 1.0000299 0.57009405 1.4451479 -1.0730922 
2.0680795 -0.042639803 0.52196306 -0.5364171 -0.43113396 
-2.196268 -0.021646896 0.69120204 -0.053283464 -0.59180564 
-1.3299369 0.17883179 -0.59068656 -0.67160386 -0.7971801 
0.54756933 0.08799162 1.1716274 -1.1061994 -1.9869933 
1.9124973 0.5917247 0.69462156 -0.8745179 1.567585 
0.69877875 -0.22506915 0.68844354 0.64689565 -0.37500402 
0.13359536 0.8056915 1.0856702 0.13005596 0.062988095 
0.46125844 1.5516293 3.3085952 2.1971264 -1.554354 
-0.37562844 1.3427215 0.38823628 -1.8142583 -0.33066893 
-0.54866767 -1.4770421 -0.14092284 0.9035557 -0.93922913 
0.5285305 1.3084837 -0.031733193 1.3451154 -0.7423776 
-0.09998267 -0.80820787 -0.675398 -0.3884389 -0.16470642 
0.97405106 0.55477303 -0.35554627 1.6008824 2.0506454 
-0.593306 -0.11928564 1.3907148 -0.48535463 0.22415334 
-0.2927574 0.34528518 1.1966734 -1.7823092 1.5286782 
-0.84663594 0.84620607 0.7570364 -0.6549689 1.2916213 
0.08799612 0.66685164 0.8428304 0.34712166 -1.4512725 
0.3265356 0.8317386 -1.6929052 -0.58130276 0.5868987 
0.2223372 0.9842587 -0.5391513 -1.0229422 -0.0037757247 
1.2218317 -0.13083637 1.1359754 -1.6105839 1.1106113 
-1.458024 1.418488 0.6313064 -0.09343865 -0.28183976 
1.4091843 0.61712295 1.3822076 -0.58607984 1.2009103 
0.094184615 -1.2641531 0.3479849 0.42929468 0.75370073 
-0.28445408 0.05553244 -1.5411384 0.23046044 1.2713753 
0.8863703 1.2782692 1.6700305 -0.0062682354 0.07099783 
1.1771088 1.1046149 -0.6330229 -1.13243 0.43678933 
-0.35876763 1.4567348 -0.6606992 0.54348946 -1.3983837 
-0.5152482 -1.0184463 0.47980952 -0.091224976 2.455577 
-0.5610596 0.16165827 0.2615219 0.7291395 0.24770331 
0.24518178 -0.48042607 0.4918706 -0.44731295 -0.33528125 
0.27172732 0.23170899 -0.17101933 -0.5337216 -0.09392731 
-0.8932225 0.380133 0.83601743 0.63855606 -1.0649524 
1.0754488 0.4364755 -1.8398376 0.17132547 0.3334041 
-0.44366434 1.8199743 0.059896905 -0.504555 1.0260817 
-0.0029789861 -0.42927283 -0.4746372 -0.88102067 1.3286964 
1.0452724 -1.9617676 -0.09667109 -0.20142753 -1.5575324 
-1.0434417 0.5587634 1.7372698 1.4231423 1.102188 
-0.16737056 -0.22912526 -0.2089884 1.5914826 -1.3190283 
-1.166304 -0.5305471 -0.70650035 -0.1258617 -0.97070956 
-0.4183766 -0.11964191 0.907079 0.6160376 -1.1285498 
-0.035456106 0.5708439 -0.29064602 -1.2872133 0.96494824 
0.1421277 -0.57041013 -0.43308696 -0.90734905 0.7423873 
-0.50706995 -1.1482352 -2.3238127 -2.3191738 -0.054189127 
-0.031507436 0.06334284 0.11396248 0.5512601 -0.3224406 
-0.77676845 -0.94265443 0.15277943 1.2815284 0.82828325 
-0.4682272 -0.6585375 0.4087036 -0.45200965 -1.1468138 
-0.19655724 0.25886065 1.1048858 0.156229 0.25400797 
0.77535135 0.56179136 -1.5494785 -1.0857865 0.84250146 
-0.24737771 -1.4409887 1.1062568 1.1625428 -1.6096982 
-0.9810524 0.11115815 -1.3331833 -0.60445416 0.16067578 
0.3060712 -0.48310134 0.009827308 -0.399858 0.05413766 
-1.3590491 0.99488705 -1.0274651 0.4841494 -0.5331379 
0.9437427 -1.045136 0.41414168 0.3960641 0.23263098 
1.2986352 -0.41756 1.0192066 -0.05797799 -1.0505557 
-0.13637088 0.43239385 -0.07383006 0.6844839 0.6334584 
0.013528722 -0.30234143 0.7807205 -0.47481072 -0.9444563 
0.74958885 0.6637418 0.7275874 -0.5027181 1.3874085 
-0.28549096 0.22815268 -0.51995575 0.24795878 -0.8689071 
0.0145404 -0.71046627 -1.1279048 -0.21272677 0.70092404 
0.24088594 -0.77387744 1.5392842 -0.29318032 0.63648087 
-0.0058199926 0.6296581 -1.8564303 0.31724948 -1.8649554 
0.8433612 0.48132885 0.14928815 -1.5968931 0.79219097 
-0.48396942 0.21109317 2.894357 1.8780652 -0.71758986 
1.4133673 0.042343765 -0.47836414 0.22937572 -0.2593099 
0.6639982 0.9876353 0.52382433 -0.42625386 0.70135593 
0.52354723 0.038617294 0.089486815 0.51524836 0.21532705 
-1.176598 0.21355592 -0.8359678 0.055988833 0.9353789 
0.6698562 0.33045593 -0.13852297 0.22201699 0.01873453 
-0.1995221 -0.0013462426 -0.699993 -0.22211632 -1.5551325 
0.47930473 -0.12067792 0.3285033 0.1928968 2.114539 
1.807438 -1.2316813 0.11439567 0.9769254 0.37077975 
-0.4454993 -1.3598398 0.8419445 -0.254727 2.8988917 
1.0635583 -1.0844961 0.5990938 -0.7027974 0.40308243 
0.40090367 -0.96568334 -0.73620725 0.5543988 -0.5827338 
0.76056474 -0.43332636 0.8476895 -1.2607346 -0.21155964 
-1.999228 -1.4054643 0.09134484 -1.3758457 -0.7149515 
-2.0509756 -0.04277917 0.5492483 0.67432123 0.9169067 
0.037287734 -0.15892595 -1.418554 -2.1494114 0.2052011 
0.8740173 0.8321911 1.251889 -0.3778096 0.56257004 
-3.0260413 -0.17634135 -0.50609326 -0.61263037 0.116957285 
0.106460825 0.9982616 -1.4831336 -0.04350819 0.57035416 
-1.4356605 0.17865434 -0.3467104 1.4578329 1.4974647 
-0.2290359 -1.0027139 0.7030772 1.3202014 0.8949237 
0.97689307 0.66550475 0.92348325 -1.2246642 -1.459424 
0.5511565 -0.50686544 -1.98132 -0.2015894 -0.32846466 
-1.0810305 1.143871 -0.6583668 1.0763549 -2.630757 
0.4875186 1.1131779 2.355063 1.3094597 -1.0588802 
0.6835512 0.4640369 0.58161885 -0.77693695 -0.051740132 
0.3465428 0.53433746 0.33440244 0.8865383 1.0358337 
-0.7065671 -0.10122174 1.8365246 1.5694044 -0.5576465 
2.1990237 -0.055296622 -0.86544174 -1.3819774 -0.75247765 
0.19034988 1.0334219 -1.4238356 0.56569386 2.1907973 
0.112265386 -0.9894662 0.014093017 -1.1107117 0.31591338 
-0.6064705 -0.9934191 0.26822582 -1.370259 -0.73830795 
0.7700366 -2.4608738 2.335238 -0.43892577 0.92109627 
-0.40219375 1.7626368 0.29226953 0.32656664 0.41657543 
0.8029042 -0.9393665 0.50189114 1.3651384 0.52199274 
-0.95068777 1.7369484 -0.08378944 1.0452977 -0.44640887 
1.1587768 0.6672453 1.0679251 0.7979585 1.2201384 
0.73676085 -0.023831274 -0.48823917 -1.0250002 -1.6697899 
1.4263824 1.6613071 1.0406028 -1.1450442 -0.25896627 
0.4523287 -0.61927414 -0.9489558 -0.12374965 0.34042433 
-0.050280176 1.4911411 -0.2308118 1.5275136 1.4466312 
1.0171088 0.41018897 -0.15514357 -1.0534674 -1.2779595 
-1.1052482 0.011758348 1.0184705 -0.21365266 2.1094081 
0.99103665 0.53827786 1.1343142 0.74796116 0.5116017 
-0.9117054 0.8845809 -0.38461056 0.26340708 -0.04174708 
1.2817172 1.001439 -1.3470446 -0.36341712 -1.6275247 
2.0179424 0.86529523 1.4364347 -0.27549547 -0.5475807 
-0.50989723 2.335275 1.93403 1.6285628 0.2808876 
3.8694863 0.21337445 1.006346 2.1656168 1.3848023 
-0.91994256 -1.3663253 -0.94983643 -0.04185471 0.19532342 
0.28378516 -0.33513355 -1.3795273 0.8763363 0.7372836 
1.8250384 -0.7164401 0.25274244 -0.6199539 -0.8627194 
0.9297809 0.0897848 -1.8168191 0.897556 -0.71129316 
1.9093162 -1.0486051 -1.3499501 0.4407545 1.243403 
-0.17498846 0.23814093 0.2480834 0.32427728 0.16364181 
0.12591566 -1.1463375 0.3644624 -1.2517346 0.41210893 
0.29278338 0.8745937 -0.6246799 -0.68778455 1.030176 
-0.6159491 0.12862468 0.01106591 -1.4207141 -0.36415225 
0.010493021 0.047014248 0.68238294 2.5547717 0.21421391 
-0.20314562 1.4132837 -0.10131291 1.0794429 -0.08951163 
0.0418733 -0.7747933 -0.5472803 -1.9645467 -0.22093111 
0.28955665 -0.3747432 0.55651987 0.3503968 1.378557 
0.43374106 0.927796 -0.5831321 0.33099768 -1.1902415 
0.71178055 0.11222791 -0.9098251 0.9379656 0.34366742 
-0.00885146 0.37500858 -1.5752982 0.02653052 0.059297055 
-1.4811542 -0.96362776 -0.20457831 0.055256736 -1.0750539 
-0.44871587 -2.023008 -1.9086754 -0.22082229 0.3824667 
0.28260428 -0.6391193 -1.0648278 -0.0055170674 -0.58309025 
-1.9692463 1.5263772 0.99746317 -0.35656685 -0.9786305 
-0.048709605 0.27055255 0.12660131 0.20187029 0.5707052 
-1.6582137 0.33169004 -0.61882687 0.53766376 0.55259 
0.69280934 1.1571407 -1.466038 0.42816168 -0.40298116 
1.7691493 1.0788968 2.7057717 0.95557636 -1.2509528 
0.32385 0.4058006 -0.4668203 0.13603896 0.21760376 
0.19904229 -1.0186367 0.34477854 0.726398 -0.03416267 
-0.8357763 -0.7412306 1.4221287 -1.2633231 -0.68692565 
-0.9899117 -0.7433179 0.07224089 -0.20861484 0.017504154 
-1.3425392 0.32026708 -0.6634649 -1.1982596 0.14806893 
0.67561775 0.51094764 -0.46587655 -1.4771256 1.7434695 
1.1066468 -0.73600346 -1.5826775 0.23576365 -0.35321158 
-0.020227125 0.36207187 0.99389046 -0.3210942 -0.8820406 
0.7825921 1.0183755 0.27273855 -0.8253296 0.037581038 
-1.0634569 -1.1154151 2.0145035 -0.6380904 -0.87832916 
-0.3376221 1.9692484 0.8080894 0.8435575 1.3031955 
1.6793886 1.4401727 0.38548312 -0.96379495 -0.16973996 
-0.28440565 0.6795408 1.2322812 -0.24648497 2.1418002 
0.53748244 -0.6087454 -0.4144893 0.25000748 -1.0970206 
0.083592586 0.08866801 1.1512212 -1.5348631 -1.0752416 
0.2096461 -0.20306362 -0.97498804 0.9548545 1.1746522 
1.222914 -0.37900957 -1.4542485 -0.75276977 -1.5489117 
1.7082634 0.006462906 -2.086806 0.18829456 -1.2429996 
0.40989143 -1.7753356 0.22489384 -1.2522109 0.2863538 
0.87314975 0.98760635 -0.883015 1.4776155 -0.8493606 
0.45041376 0.21697551 -1.3354669 -0.8535566 -0.122027725 
-0.85454345 -2.6049702 -1.2758712 -1.0916845 0.7572797 
-0.5765682 -1.0678653 0.5679261 0.06232196 -0.88774467 
0.30432698 -0.029793624 0.30571124 0.5323441 -0.074542016 
0.31607652 0.986962 -0.34472096 0.64988494 -1.2216296 
-1.0495216 -1.3822589 1.6904293 -0.24031025 -0.6338853 
-0.88371164 -0.8806735 1.1367422 0.77862614 0.4178565 
0.29519308 -1.7818983 -0.66213363 1.4296535 1.1104481 
1.066011 -1.0883873 0.07159819 0.11994238 -1.1919065 
0.3657004 -1.8016016 -0.09144738 1.5290722 -0.84382886 
-0.6053185 -1.1188045 -1.6995559 -1.3302668 -1.5719669 
-0.53336614 0.907842 1.5245197 1.2668768 -0.008589908 
-0.6766048 -1.3037621 0.18041682 -1.4794115 -1.1425503 
-0.6807632 -1.6158708 -1.9555464 0.11435764 1.2448729 
-0.083913684 -0.5274828 0.94654113 -0.08803219 0.4464249 
-0.8723491 -0.36242184 -0.34253293 -0.7905435 0.77580494 
1.1634948 0.4441742 -0.413345 -1.8207916 1.1495293 
1.0625855 0.16970044 1.1393212 0.28668326 -0.13365069 
0.8205395 0.5617092 -1.3117081 -1.3006791 0.069450274 
-0.48718998 -0.35278276 -0.8169157 1.4642483 0.42643017 
-1.1639268 2.5871365 -0.17325957 1.5166444 -0.60772854 
1.3446728 1.0321696 -0.23658356 -0.23200904 -0.9096033 
1.2575125 -1.5591184 -0.6597221 -0.15557285 0.025435014 
-1.1787388 -1.702753 -0.95455754 0.4146195 0.28036183 
0.49199247 -0.6592024 2.0723634 -0.73938304 1.7498479 
-1.751167 -1.6733645 -0.8881708 1.2212956 0.5875196 
0.053653616 -1.4080893 1.517203 -1.1588923 -0.9306551 
-2.19376 -1.9592826 0.30512497 -0.4604932 0.5866019 
0.7494166 -0.8069156 -0.26445034 -0.26101652 0.40272734 
-0.66540927 -1.3119525 0.8318692 -0.3548112 0.77261204 
1.0704406 0.1351714 1.2606777 -0.3762314 -1.4498562 
1.0055996 2.1571279 -0.30851233 0.20531176 0.762192 
1.1914271 -0.2579586 -1.3514214 0.33193678 -1.2950281 
-0.49682015 -1.1126732 -0.10684071 -0.18533058 -0.23133785 
0.021154227 0.45461947 -0.6050669 -0.8337738 -1.3970956 
1.1843723 -1.3896705 0.9310851 -0.6590696 2.0375242 
-0.8144402 -1.2512429 2.1193533 -0.61615604 0.36759228 
1.0951254 0.011340506 0.36160755 0.8279707 -1.5992049 
1.5480093 0.043950494 -0.5333037 0.20774944 -1.386549 
-0.8736991 -0.5142844 -2.8845472 0.636712 -0.3232098 
-0.08814315 0.2264705 -0.97762644 -2.7264998 1.5680474 
-0.7511448 2.0343137 -0.7603925 0.06451451 -1.8204253 
0.78142005 -1.2700577 -1.9283098 1.1942104 -0.004638766 
0.4759611 -0.025962988 -0.48394856 -1.6659504 -0.04765589 
0.8621123 0.90400195 -0.003212864 0.4575499 0.1037713 
-0.08443116 -0.94229037 0.24994528 -0.46878478 1.2370476 
-1.9718924 -1.5457436 0.9341211 -1.3119565 0.54078865 
-0.57888293 1.010236 0.30957183 -0.6179463 0.69149035 
1.4606888 1.1986948 1.5009153 -1.3483782 0.21256186 
-0.80947953 -0.4339878 -0.6156718 -0.87045175 0.9403103 
-1.0061704 -1.0250374 0.62596977 0.16231261 -0.034812406 
-1.4023398 1.2342254 1.4109544 1.7403486 0.8710219 
0.7468486 -0.774888 -0.55881345 0.22206666 -2.0159898 
-1.0111332 -2.2713695 0.33921465 1.5279324 -0.96033597 
-0.6758296 -0.6013527 1.2286359 0.46476924 -1.3953577 
1.5781124 -0.57604396 0.93685377 0.3625731 -0.88916117 
0.4911876 -0.014473756 2.4398525 -0.82234025 -0.8152042 
1.0702169 -0.81543756 -1.7034131 0.9321098 -0.30546105 
1.4176934 0.76941663 2.4127657 0.62995845 0.8295664 
0.70358753 0.21709065 -0.58422035 0.25796458 0.80878264 
-0.52376956 -2.2289824 -0.12432724 0.059917714 0.051774126 
-0.083049476 0.20696916 -0.35353202 1.2653284 0.6283479 
1.6950243 0.06292247 -0.3572124 -0.44896755 -0.47256505 
0.48098662 -0.1099446 -0.8484922 0.8719953 0.18662782 
-0.6147587 -1.448052 1.0155542 -0.5394055 0.3512325 
-0.42696077 -0.81624436 -0.469201 -0.13803351 -1.236056 
0.80084616 -2.0203338 0.691049 -0.7184406 -2.0036898 
0.4200835 0.38283163 0.674034 -2.2073789 0.09216901 
0.8523512 -1.7426835 -0.31789628 0.297814 -1.7214738 
-0.98164225 0.52503335 1.384018 1.3300403 -0.5466626 
0.3171542 0.37967104 -0.0893369 -0.26052156 0.32511 
-0.86990815 -0.048019577 1.8385088 -0.55344653 -0.5387401 
-0.16783938 -0.44024023 0.4514194 -0.6726449 0.37790328 
1.2737827 1.9054545 -0.32975537 0.033259787 0.6230759 
-0.05247434 -0.051395684 -1.2201468 -0.48150054 -0.5803459 
-0.5582038 0.8343676 1.0102652 -0.61822444 -0.13397352 
-0.892096 1.4081682 -2.0677888 1.4098682 -0.8740782 
-0.12942204 -1.0919766 0.36765656 3.0537724 0.5789627 
-0.73421776 -0.19945131 1.3238366 -1.4116801 0.1766902 
0.26700503 -0.7181925 0.94831496 2.027425 -1.7216529 
0.116841376 -0.6614197 2.385155 -1.680123 -0.40985224 
0.9384758 -0.044456363 0.41099623 1.3515524 -0.08159585 
0.2380142 0.37563655 -0.29823938 -0.23622562 -0.82605296 
1.4363667 -2.1827097 -0.7506393 0.58496827 -0.61664194 
0.5031498 -0.20178352 0.63003063 -0.9043215 0.13121803 
-0.9511081 -0.32376716 -1.1295296 -1.0902061 0.29508877 
0.4403409 -1.5359056 -0.0069978917 2.6314054 -0.6241872 
-0.720507 -1.1540328 -0.86161417 0.40498945 0.83237183 
-0.18035965 1.9596409 -1.1121287 -0.41177604 0.9110329 
-0.40223148 1.2254429 -0.39664862 0.46474817 2.1800976 
0.24906084 1.275076 -1.075666 -0.11929278 1.5150409 
1.5489491 -0.18067513 1.3391287 1.0064578 0.1903572 
0.2788665 -1.2916116 -0.3016649 0.826526 -0.8345998 
-0.6402775 -0.5756476 -0.9818043 1.1680796 1.1337152 
0.28253102 0.4652729 0.91612726 -0.9863985 -0.5989384 
-0.8156145 0.19790918 0.13493186 2.5474203 -1.0235444 
-0.2856775 0.10306397 -1.131109 0.1260728 0.41348374 
0.0063053817 0.18212451 0.007734338 0.8669816 0.8620864 
0.09532513 0.50291467 1.2931223 -1.3697443 -0.56613535 
1.6852924 0.22334519 -1.6845222 -1.5980207 -0.49806777 
1.164937 0.3710595 0.63264054 -0.4318232 0.57440215 
0.9645489 -0.74962384 0.6595097 -1.1327745 0.8355086 
1.3822923 -1.2687755 -0.27593935 0.848044 -1.2155143 
-1.112201 1.5981054 -1.3905755 -0.66395086 -0.9980252 
-0.40279242 0.17773445 -0.48917493 1.0777782 0.9898618 
-0.92528236 -0.2980424 -0.9096776 -0.11359413 1.3715843 
-0.3040544 -0.053987697 -1.0894526 -2.1070976 -0.2614717 
0.7139265 -0.09068259 -1.3703074 0.49033186 0.10105337 
-0.890951 1.69371 0.12013942 -0.55926216 -0.76184326 
0.044758275 -0.1228981 -0.7861894 -1.1017308 -1.1262667 
-0.05503561 1.968634 1.1807197 0.32472408 0.6453964 
-0.9985176 1.2805511 0.30829453 0.8065573 -0.34336972 
0.6422319 0.94283515 -0.6423964 -2.5305345 0.14331871 
-0.25423253 -0.1839359 0.47804123 0.37108225 -0.2884768 
1.6665063 -0.8096233 0.86484295 0.03879014 0.7105939 
0.14397351 0.78528 0.8794336 -0.3485441 1.2829341 
0.711583 1.3578115 -0.70806235 -0.053055003 0.72728896 
-0.9565308 -0.06544131 0.15004757 -1.7961619 0.8043283 
0.85798186 0.49858415 -2.2027383 0.7292615 -0.055272736 
0.7392328 2.4733927 0.015296733 0.8461553 -0.7245028 
0.8129085 0.2726552 -1.3167839 -0.61487424 0.23115203 
0.60843664 0.29951468 0.5224791 -0.6323147 -1.0356846 
-1.1038591 0.31600577 1.2215921 -2.108741 0.69638747 
-0.118191235 1.5923737 -0.2253089 1.5698953 1.5781778 
-1.9720678 0.07399022 0.8828159 1.3039074 -0.78172606 
-0.80985 -1.0563873 0.89716697 0.26540515 0.5712787 
0.68832153 0.29301515 -0.019464599 -0.4931822 1.9192492 
0.39040232 0.46419647 0.8234916 -0.28753495 -0.71037894 
-0.7460516 0.12875536 1.2331916 0.06483902 -0.22123656 
1.2130718 1.1131063 1.2668731 0.016267078 0.30295053 
0.59773993 0.64035845 -0.42187512 0.6585014 -0.46665567 
1.4812334 -1.1941653 -1.8512981 0.3052002 0.14933145 
0.27616146 -1.2267296 -0.54626286 0.10451519 0.33269727 
1.4591812 0.42097887 2.1785543 0.4538246 -0.19578834 
1.8429639 0.8104815 -1.3086268 -0.64917684 0.09400853 
2.4192955 0.06850254 0.09907082 -1.8727554 0.5022938 
0.3215659 1.349132 0.21806945 1.7530389 0.56002903 
0.47243667 0.5793685 -0.92904025 0.49420977 -0.052293226 
0.88448995 -1.0624244 -0.9041082 0.41986713 -1.0857971 
0.82013774 -0.22844207 -0.40157977 -1.4540373 -0.18802086 
0.08197853 -0.8466888 0.04895699 -0.5864532 0.21434847 
2.843403 0.60746247 -1.7736384 0.048878208 -0.887966 
-0.023482988 -0.56406957 -0.8608107 1.1262759 0.9721107 
-0.63496345 0.8707384 0.16024642 0.32202092 0.48240566 
0.22339883 0.44729272 -0.96654814 0.1864876 -0.18391822 
-0.2353094 0.7486331 0.09038468 0.4964741 0.06842879 
-0.6048933 -0.89705634 1.1780065 2.2011895 -0.60479945 
0.8150063 0.4886885 0.88525385 -1.9010211 0.40421999 
-0.7522952 0.044357494 0.48634845 -0.7000468 0.16051395 
-0.9877992 -0.20678231 -0.56565446 -1.243998 0.36618963 
-0.46950194 -0.83958787 3.0441432 0.06650075 -0.6005397 
-0.51644075 0.23440218 1.5438851 0.4226042 0.24655637 
-0.3864472 -2.491366 -0.63567686 -1.3994458 0.40577003 
-0.6397426 0.68168306 0.17780782 -0.33470622 -1.25445 
1.013421 0.26288578 0.9189423 -1.0116818 -0.18063737 
0.8852625 0.8821885 0.69215715 1.7379714 0.03760794 
0.13410775 1.0779783 -2.1363366 0.5258561 -0.17702304 
-0.9972666 2.166732 -1.3248379 -0.6598975 -0.17867261 
2.5977166 0.76114464 0.15716189 1.0344852 1.4292781 
0.8799119 -0.92864424 0.5277222 -0.67843205 0.49477592 
-0.2390078 -0.73834103 0.12318861 1.0492988 -0.83186 
-1.2595737 1.6007813 -0.1284558 0.5495331 0.24446914 
2.1326253 0.97271043 -0.48437822 1.1992222 1.5352005 
0.76777005 -0.3054664 0.7820173 -0.3483123 0.58841646 
-1.0603138 0.4648043 0.80244005 0.53579587 -0.25883088 
0.7644845 0.39130276 -0.03567988 2.1199627 -0.45685944 
1.6458901 -0.07710486 0.5048155 0.4423711 0.84325063 
0.55112493 0.11615874 0.3413051 0.01179594 1.2390552 
0.07459633 -0.025981601 -0.5596827 -0.47842953 -1.8573201 
1.8212245 -0.10111973 -0.62143016 0.23250562 -0.7472314 
0.13896032 1.4110621 -0.121239804 1.9332052 -1.717667 
1.3857849 0.13590628 0.23548254 1.5493748 0.17869125 
-1.223736 0.40945658 -2.0721507 -0.8858888 -0.595833 
0.56211853 0.71382284 -0.3330196 -0.6290023 -1.0260656 
0.5726557 1.1136674 0.7338695 -0.581642 1.3419195 
-0.4956764 -1.0213071 -0.1473394 1.2630296 0.72216016 
-1.3015878 1.4359602 -0.20320575 0.219997 -1.0880784 
0.94566363 0.5154958 0.4154943 -0.60862845 -0.054292064 
0.27134046 0.20222417 -1.0420641 0.96234596 -0.6322626 
-2.030512 -2.9261875 1.159875 -0.19531395 0.60625273 
-2.535897 1.7598369 -0.18508199 -1.742511 -0.46317488 
0.23384863 -1.1271538 -0.3303734 0.3389486 0.16233024 
1.3474125 0.411811 1.2646816 1.1779091 -0.4794411 
-1.8666236 -0.88527143 -0.39091226 0.7064778 1.4822042 
0.9470569 0.8746902 0.10544128 0.36046216 -0.8347735 
0.49952918 -0.10904952 0.08422457 0.45034456 -0.8408423 
-0.5394589 -0.28341165 -0.5558855 -0.847446 -0.5012515 
0.25085354 0.773685 0.53628176 -0.10323892 -0.2476402 
1.6684982 -0.667615 0.66522837 0.83632326 1.5708973 
-0.82791275 -0.29527658 0.5321593 -1.0613767 -0.29615435 
1.347207 -0.044555318 0.22173171 0.8850825 0.44420028 
-1.5522051 0.9114275 0.91296464 -0.0106059415 0.36738443 
0.17782278 -2.909991 -0.3499905 -0.296264 1.1354009 
-0.6506936 2.7276676 -0.21475348 -1.0744356 0.5363315 
-0.50484073 -0.06658808 1.1268027 0.26780474 2.0565128 
0.12213722 -0.9272076 0.8781913 0.07761168 1.1039748 
0.3032563 -0.1031661 -0.24369794 0.48703486 0.39438346 
0.092587546 0.13479578 1.007263 0.01706438 0.30264086 
1.9637631 -0.5658671 0.37617508 -0.54577464 1.0242087 
0.742676 -0.3950653 1.2215911 1.9070886 1.9602113 
0.044233292 -0.6384813 0.9435607 1.5093933 0.667528 
-1.1364938 0.4240042 -0.26866177 -0.5992079 -0.31212488 
0.25888163 -0.15499039 -1.597325 0.38516065 -0.6140254 
0.21840055 -1.5629239 0.04203711 -1.9502599 -0.32901958 
-0.96054596 -0.14577183 -1.424577 -0.64310545 -1.322408 
0.35916498 -1.7553847 0.18856457 -0.3658729 -0.114452906 
0.46397677 -1.2063503 -0.13600929 -0.60338324 0.856673 
1.8660821 -1.637401 0.22431515 0.96791357 0.37553972 
1.0499178 0.13594227 -2.020944 0.8069561 1.6110952 
-2.579575 0.2296863 0.44414902 1.4382988 1.0828816 
-0.34100804 -0.7666203 -0.09347521 0.12752408 0.73438746 
1.4584651 -0.7286735 0.13397285 0.575812 -0.2517257 
1.3966707 0.37661105 0.49621674 0.957732 0.06730368 
0.09603716 0.6824442 0.03082093 0.12163493 -0.409126 
-2.7273443 0.8250765 -1.6411558 0.46103466 0.47767755 
-0.45578212 1.3849504 0.7954024 0.43762958 -0.82418287 
-0.47769517 0.058059134 -0.5518362 0.45215708 1.2967713 
-1.3597523 -0.56409425 -0.8872113 0.0044425516 -0.41868845 
0.22631598 0.52516997 -0.1445848 0.25393915 1.230918 
-0.89967966 -1.2935362 1.9650732 -2.033287 -1.9247223 
-0.29776025 -1.928971 -0.9045491 0.58576506 0.15524183 
0.61815023 -0.45880115 0.21821955 -0.22840291 0.36790428 
-0.16668971 -1.9606075 0.8275624 -0.931733 -0.2686313 
0.8355002 0.09447445 0.17815188 0.53626716 -0.06875788 
1.0562086 -0.029488282 0.17930686 -0.44853753 2.0476425 
-0.03294417 0.60053396 -0.0005970409 0.67766976 -0.82538456 
0.642415 0.82073736 -0.031857204 -0.3738228 0.62646616 
-0.49888435 -0.17687063 -2.2047548 -0.25193986 1.3266675 
1.3487836 1.0187882 -2.165619 0.16648528 -0.25840917 
0.29735133 -1.4271587 1.3777039 1.88753 -0.82755274 
-0.038342636 -0.104296066 0.27039245 0.004428153 -1.051775 
-0.7840794 -0.3725149 -0.646154 -1.6211064 -0.60524935 
0.041838042 1.2752513 -0.62941957 0.17609236 -0.81720227 
-0.3584215 -0.017713873 1.3804553 1.1446514 -0.12944809 
-0.35069618 -0.99972063 -1.0481371 -0.14073785 1.009856 
1.8856415 -0.81636804 0.46383655 -0.062789924 -0.38600639 
1.284368 1.4029257 -1.7873296 -0.8871842 0.043409564 
-0.8601068 0.66045713 -0.24633443 -0.02940779 0.36652032 
2.364518 -0.0477143 1.2643433 1.6080728 1.6618676 
-0.92623687 -0.04118313 -0.67886895 -1.3021835 -1.4223173 
1.0124172 -0.3907536 -0.5046345 -0.16425943 -1.9607824 
0.9387516 0.30862185 0.6196101 0.11535464 -0.7081429 
0.047974903 0.35885847 0.5333189 -0.36179605 -1.1574796 
-0.9860774 0.012557337 -0.59594095 0.20761994 -0.80662394 
-0.38650706 -0.16537423 -0.19397098 1.0473123 -0.09256757 
-0.52415097 0.50426024 0.57731503 -0.16151309 0.93766516 
0.046628468 0.40187845 -0.6607952 1.3387924 -1.1261588 
-0.17588905 -1.3781509 -1.1380124 0.47676468 0.0384504 
0.99293745 -0.18835498 -1.5738525 2.4451017 -1.059409 
1.2502279 -0.57659155 0.28805733 -0.8309523 -0.48174545 
0.2173578 3.0477276 -1.17433 1.4124161 -0.1444804 
2.963551 2.6446857 -0.47539142 0.18470238 1.1061481 
-0.7283847 -1.6309247 1.9465271 -0.054885834 -0.96438056 
0.26764232 -1.3397535 1.8879747 1.7891785 1.0696592 
-0.26500764 1.947242 0.91763264 -1.7492671 1.754439 
1.3668791 -0.3330648 -0.67394245 0.21174884 1.2660692 
1.0686541 -0.5473373 -0.29023853 -0.25148046 0.5081403 
2.0304894 0.75781614 -1.7734246 1.188132 -0.36803097 
1.3740382 0.00710783 -0.35297218 -0.72805136 -0.6997197 
-1.4229755 -0.14141333 0.13981672 -1.038435 -0.07835366 
-1.127009 0.655289 0.25563127 -0.6915727 -0.57153 
0.085341714 0.34895438 0.06455477 -0.056039557 -0.66036147 
2.0816584 -0.41702786 -1.7449014 0.8239803 0.15927382 
0.37773618 -0.9053976 0.27685183 -0.49911192 -1.0338285 
0.43648 -0.48860434 -1.1193143 -1.026236 -0.18372844 
-0.022390626 0.80855745 1.1189064 1.0792781 -0.2303613 
0.3164998 -0.28095436 0.5316617 1.1241343 -1.2142596 
-0.14114566 -0.9796068 -0.49725583 -1.837114 0.084717624 
0.81513745 1.5512648 0.53672177 1.4541984 -0.4561375 
-0.09497188 0.7401771 0.09878513 -0.060517974 -0.17304388 
0.51507443 1.1633499 0.9367159 0.18640268 -0.0006035752 
0.61355776 0.05001525 0.21752621 -0.44970593 -0.6205926 
0.31576073 -1.1038338 -0.30561057 0.25713712 0.88561237 
-0.25944486 0.48288116 0.54459035 0.071091495 0.9728099 
-0.8516286 0.76246 -0.0839205 1.3375018 0.8923691 
0.8307369 1.2738887 0.13025501 0.18392764 0.045780513 
-1.4771678 0.8295065 0.3164265 0.09949321 0.76087654 
0.48726037 -1.1861217 -0.651708 -0.46697646 0.4615748 
1.1312689 -1.4336069 -0.7761658 0.65164816 0.71957624 
0.58502066 0.49770862 0.5534747 -0.58589053 -0.56324524 
-0.9926022 1.0974741 -2.0679934 1.1087695 0.983071 
0.8456208 0.1797302 -0.44087017 2.0301251 0.38845763 
-2.190224 0.7362929 -1.3877133 -1.484988 0.39022234 
0.9195548 -0.756176 0.11286796 -0.16218817 1.4168061 
2.3068297 -0.37062258 -2.1236355 -0.20006678 -0.09529486 
-1.4738786 1.3804165 1.1282927 -0.059630338 -0.6358324 
-1.739374 1.615967 -0.26784015 -0.2014935 0.77514327 
-2.261702 1.0943877 1.659244 -0.96315444 -1.8724419 
-0.720512 0.9673108 0.33304986 -0.34901965 -0.4362275 
-0.15048802 -0.76307327 -0.330281 -0.29062802 -0.32526514 
0.715452 -1.7466469 -1.1687117 -0.048045196 1.0704281 
-0.5876632 0.9083253 0.642669 0.7927845 -1.0613521 
-2.0235913 -0.15801167 -0.012631482 0.754048 -1.089682 
-0.6297163 1.7059488 0.80233043 -0.44827148 0.23304747 
-0.38606277 1.0921289 -0.032560274 0.7842693 -1.5855552 
-0.5047605 0.39957917 1.5914557 -0.43897814 0.5786024 
0.8229289 0.8620957 -1.1143289 0.1974343 0.055013817 
0.53150153 1.9555424 -0.47871485 -0.13863239 1.2584352 
-1.3691285 -0.49240234 -1.7063569 -0.2549578 -0.7951707 
-0.39568478 0.24860878 -1.6371543 1.1985146 -0.038336884 
2.0525897 1.504923 -0.7439429 0.9451551 -1.5869497 
0.8550113 0.8511137 1.9102432 -1.2666153 -1.9240196 
-2.4028316 0.99687505 0.69225967 0.7221937 0.2698929 
0.22226332 0.83382165 0.25184107 0.692505 -0.11165064 
1.1201621 0.8955003 0.8325435 0.6235145 -1.3954108 
0.34130576 0.17294946 0.99290824 1.1232295 1.2003233 
-0.321739 0.9715734 0.076211475 2.123159 -0.4381533 
0.4766025 0.15940537 -0.49584144 -0.36883613 -0.6382449 
-0.036991723 -0.5895038 0.04839462 0.46811542 0.22618102 
0.3238511 1.1423707 0.85359794 -1.2560385 -1.5443871 
-1.7427356 1.088619 0.43030888 -0.19156829 -0.9632076 
0.18290174 0.25656468 -1.1065996 0.38521126 -0.4723058 
-0.77877855 -0.34079745 -0.18431874 0.6187346 0.4724189 
0.01191529 0.8725714 -2.083091 -0.38704377 -0.4879179 
0.53386563 -0.9144848 0.26633283 -2.3458965 0.1338155 
-0.6646716 0.13002706 0.044262126 1.0419241 -0.6260153 
-0.7396084 -1.4034036 -1.925131 -0.5477879 0.87436736 
0.8811248 -0.5591819 0.011295969 -1.5282377 1.2736796 
-0.048899565 -0.19138291 -1.0068874 -0.8038676 -0.29195192 
-0.5300079 -2.6288536 1.3404428 -0.5622708 -0.38528848 
-0.26236838 -0.5179362 -0.7285874 -0.051255368 1.6417025 
-0.36884376 -0.89759386 0.51177186 0.31402922 0.28357 
-1.6330622 0.46542433 0.40791854 -1.111105 1.1556929 
0.51454383 0.15405466 0.23154609 0.72416043 0.24185082 
0.30940834 1.4417773 1.2080446 -1.3892773 -0.26838803 
0.69536275 1.169579 -1.0567262 -0.5648746 0.23553354 
-0.006418271 -0.45060375 -1.9363741 -0.9261746 0.31329432 
-2.1910942 0.29685086 -1.9038894 1.3671615 -0.30561826 
0.61843866 -0.15908499 -0.052400563 2.4908733 -0.5586977 
0.8634506 0.065473236 -0.014288466 -1.1208341 0.61085075 
0.37497762 0.4194119 0.3897033 -0.6354747 2.8743792 
-0.74049884 -1.1397722 0.58935297 1.1267642 0.74155354 
0.10688966 -0.17503749 0.66381925 1.7067698 -0.15099597 
-0.23355986 0.9160654 -1.0212244 -0.21596402 0.19117457 
-0.06655422 -0.78485817 0.26721406 0.21292858 -0.6502692 
-0.7434338 0.065628245 -0.46823516 0.16125104 0.11142138 
-1.2275422 1.3223708 0.64788043 -0.1047246 0.1214671 
-0.66499835 0.2821805 -0.6770914 -1.1876549 -0.7321627 
-0.05776685 0.0856015 0.37411472 -0.9339693 -0.34396574 
0.9049325 2.2433228 0.33574647 -1.129269 -0.13384527 
1.0070359 1.1345876 -0.14426677 -0.42571312 -1.7681042 
-0.8928293 -0.2846853 -0.90821105 1.1600395 -0.80171776 
0.0074896477 1.1907586 -1.3074113 -0.8297991 0.3110652 
0.120430715 0.29905576 -0.94096273 -0.65897596 -0.57873493 
0.63600177 -0.31616223 1.8296144 -1.5191282 0.37272322 
-1.6863353 -1.3069029 -0.596582 -1.965915 -0.79834783 
1.5791286 0.45827204 -0.90353906 1.8800924 1.5084002 
1.8425299 -0.8392519 -1.042619 -1.6731399 0.95481586 
-0.090885766 2.3733902 0.8893208 2.3377643 0.2805917 
-0.010727064 -0.9419877 -1.1663527 0.1652534 0.5399716 
-0.39408806 -1.8505715 -1.0449489 -0.24823546 0.09358959 
-0.724916 0.7503355 0.5313535 1.2202185 -0.43635178 
-1.322618 -0.084801264 2.1628668 -0.635313 -2.4557486 
1.0203362 0.4252908 1.2129163 -0.10647037 0.5963284 
-0.40489626 0.2654367 -0.069779925 0.36209187 0.14329316 
0.70304424 -0.14529483 0.41199017 -0.93613076 -0.61214334 
0.2594359 0.46643835 -0.4103436 0.057020545 0.09755299 
0.67382675 1.517557 -0.5559761 -0.8807881 -0.23731981 
1.5763941 1.3098928 0.6200639 -1.344533 0.33750725 
-0.30549818 0.17081222 0.911669 -0.5227063 -0.1538336 
-0.15457532 0.21272092 -0.29666755 1.0830612 -0.8271632 
-0.20537715 -0.5073897 0.12331159 1.0021069 1.1104666 
0.48975906 1.0896 0.6052485 1.1403788 0.15332428 
0.4796346 1.2514222 0.23106906 0.028406883 1.5939021 
1.1923648 -0.97173345 2.0749354 0.41779688 -0.8471962 
-1.2064936 -1.4393611 -0.30242348 0.73996085 0.3936738 
0.8083768 1.4555777 -0.6388629 1.8110834 0.38911062 
1.2226092 -0.8866027 0.5486044 -0.74902797 -0.21540317 
0.39015388 -0.68677276 0.40417963 -0.2962679 -0.3693861 
1.3127848 0.16136554 -1.0993185 -0.43600142 0.69120777 
-0.23115386 1.0002731 1.3930407 0.15413307 0.44846967 
0.33018532 -0.016173877 -0.53568965 -2.5363533 1.1600586 
0.9375485 -0.13954449 -0.85993963 0.61869484 0.9504229 
1.5903205 1.9669918 1.5014005 0.007974324 -1.4442132 
-0.7868361 0.60127246 -0.22228414 0.13053353 0.17343336 
0.9225854 1.1296997 -0.49175256 -1.0520171 0.5941835 
1.8282541 -0.040748972 -1.3142142 0.5409234 -0.96842915 
-0.529409 -1.211163 -1.7737782 0.05546811 -0.06259335 
-0.16253243 1.2848296 0.22118972 -0.37696847 0.02925845 
0.1341553 2.1244173 -0.61300796 -0.26709524 -0.32876784 
-1.0237707 -0.30803058 0.05864082 -0.2911747 -1.1618396 
-0.76599425 0.9580899 -1.3051395 1.88074 -0.11502722 
0.71414894 -0.6566611 1.5437294 0.49303493 0.793403 
0.23466218 0.79306096 -1.2612731 -3.021674 -1.409956 
0.77508205 -0.9235353 0.50296855 0.85708874 0.75217307 
-0.28351134 1.9111809 -0.10375181 1.2145758 -1.3319467 
-0.31580162 -0.5485868 -1.3929478 -1.4050636 -0.1280272 
-0.18232025 -0.104221605 1.3871242 -0.9582348 0.92726666 
0.20636512 -0.5451871 -1.4086976 -0.74732155 0.8299043 
0.44241884 1.0070425 -0.0630314 0.8258588 0.74203736 
