1.104091 -0.4484431 -0.8611641 -0.71900725 0.59147984 0.20724343 1.5221728 
-0.096335866 0.7914354 0.7420369 -0.07356012 0.8243742 0.18349169 -0.85839105 
-0.29332808 0.21101612 -0.26445386 -2.1565392 -0.3349627 -0.26556286 1.2357676 
0.33798933 -0.7356352 0.8212587 0.5042377 -1.4787836 0.7003683 -0.06909201 
0.31044102 -0.28244156 -1.1050088 -1.237383 -0.6552387 -0.23114294 0.021967886 
0.33444482 0.30890378 1.2426984 1.2837726 2.5754232 -0.64772594 0.09314577 
-1.9089752 -1.720929 0.08739321 0.41903153 -0.5283998 -1.2998232 0.40676492 
2.6911144 0.7083252 -0.5938434 -0.49058995 -0.41243166 0.82954645 2.018618 
-1.2181568 -0.8129095 1.1759841 -0.06891287 0.43931636 -0.38919023 -1.5113132 
-1.6305263 0.09387447 -0.04560458 -0.51574206 1.5503112 0.9570248 0.03982396 
-0.6981425 -1.1913414 0.17478547 0.53657526 0.9024913 0.32915938 0.62486863 
-0.3216561 0.47239038 -1.9173834 0.4193298 1.5518891 0.38041657 -0.020346522 
-1.6719432 0.504845 0.47785032 1.0171889 -0.5506897 0.5807496 -0.7389582 
1.8798856 -0.35689962 -0.09890441 0.48189026 -1.6251086 0.42294532 1.1539843 
-1.2030021 0.18561292 -0.1473403 0.7556177 0.8351252 -0.7056714 -0.36503163 
1.8707925 -0.8339227 1.2735517 0.40458742 0.9209449 -0.96791106 0.55704224 
0.85981053 -2.4319015 0.20489036 -1.0319474 -0.7806738 -1.0168347 1.1876166 
1.5175087 -2.0219111 -0.9777321 -1.9987915 0.4477008 -0.062602155 -1.3454766 
-0.81896067 0.3975925 -0.93765455 -0.24633439 -0.4536886 0.2781947 0.050893754 
-0.26448533 1.3575443 -0.39750633 -0.3264839 0.6975293 -1.3739296 -0.46299183 
-0.7739796 0.6622596 1.1083971 -1.3401506 -0.843019 -0.094556004 -0.47796613 
-0.51231015 0.5899941 0.26455072 -0.51397157 -0.817456 -1.189377 -0.3175354 
0.525518 -1.7329761 -0.51419324 -0.7772048 -0.3919918 -0.36338055 1.1271486 
-0.44168556 0.92185175 0.6949558 0.7012638 1.2238237 -1.718686 -0.30743986 
0.56539834 1.7406957 0.032389134 -0.9181468 0.97279614 1.2349744 -0.90022224 
-0.08498435 0.4228606 -0.4263272 0.7143545 -0.50905424 0.031196024 -1.351965 
-0.053379174 1.5064957 -0.89118385 -0.7066773 -0.6831297 1.1900932 0.9360037 
-0.51127005 0.4843391 0.86878115 1.2010589 -0.3332844 2.1655834 1.4191341 
1.4378059 -1.5401818 0.061634485 1.4473388 1.3056245 -1.2132404 -1.8052815 
-0.7537752 0.40461093 -0.20819312 -0.35502994 -1.7448903 1.6140981 1.4165794 
0.008901228 1.5847181 0.274981 0.4391498 -0.65043217 -0.62324464 0.49341115 
-0.5479515 -0.23201185 -0.3459487 1.0093164 -1.9199121 -0.23932391 0.039660297 
1.0110244 0.63874614 -3.1072574 -1.0406677 -2.0459623 0.43790543 0.6858547 
0.54839665 -0.8573134 -0.0011654762 -0.17866178 0.761117 2.0410464 -0.46258003 
-0.2729693 0.93631625 -1.2088846 -0.12563162 -0.5490572 -1.6029042 3.4296792 
1.0905582 0.049909245 1.5326319 -1.1061565 1.0101501 -0.03408476 0.25010687 
-0.06885769 -1.2760425 -1.4440653 -0.024265211 -0.74382603 0.559533 -0.84120136 
-1.937737 0.09184421 -0.3253785 0.8497029 -0.3960191 1.3965474 1.3120519 
0.1037071 1.1778725 -0.1460807 -0.5354158 -1.083307 -0.5607393 0.39828953 
-1.3096712 0.64953804 -0.04325837 0.12987995 -0.6541618 0.98177016 -0.98266745 
1.0442301 -1.1811874 -0.6025478 -1.2582506 1.1216499 -0.6327682 1.1343547 
1.0730902 -0.04149109 -1.1659713 -0.96571416 0.5103631 -1.1741109 -1.7434797 
-0.19030797 0.66983813 -0.6003244 -0.26582348 -1.2199454 0.7730227 1.0168455 
0.650917 -0.88871557 -1.6946921 0.31846964 -0.084313534 -1.5814302 1.8817407 
1.5752896 0.98090327 -0.16840874 -0.4483907 -1.302876 -0.41549474 -1.2883457 
-0.35154915 0.63779134 0.23258577 0.28989923 0.0007936295 -0.5425256 -1.42623 
0.60708773 1.0919263 -0.25968933 0.38768488 -0.7996319 1.1115861 -1.3304726 
-0.8458487 1.1050296 -1.056051 -0.6263861 1.1582075 -1.1123439 0.779568 
1.8147968 0.6603091 0.15572107 0.71979886 1.0095276 -0.91374624 -0.38098508 
1.4318177 0.40634435 -1.461206 -0.94127923 -1.2205814 -0.38543594 0.31045148 
1.1543695 1.0425973 -2.2087593 -0.010310004 0.07588927 0.17767277 -1.132647 
-1.0424591 0.28430396 -0.10983329 -0.25032908 0.12166803 -0.5333748 -0.3312185 
0.04985803 0.29590133 0.35198504 -1.4703957 -0.5288778 -0.85090876 0.5065113 
-0.2450867 -0.51864535 -2.10165 -0.4324442 0.15201797 1.6802315 0.25815788 
1.1250842 -0.60601956 0.21018408 -0.07391529 0.29682434 1.6891142 -0.9697117 
0.10507415 -0.71173614 0.19535378 -0.7453694 -0.23063302 -0.046254918 -0.33098322 
0.31739694 1.9020982 1.0045754 -0.27172008 -0.016681768 0.807375 1.8479395 
-0.3858685 0.3864904 -0.62849 1.3590801 0.194335 1.0769478 0.4060913 
0.2959928 -0.24782857 -0.72988695 -0.70135236 0.5102106 0.6961304 -0.26097205 
-2.1047695 -1.9205347 -0.84371084 0.61629266 -0.20246829 0.27827495 0.77226394 
0.37392944 -1.3986466 -0.16894595 -0.23210976 -1.2289637 -0.19577168 1.952324 
-0.24918848 -1.2549925 0.18516739 -0.7595672 0.28466395 -0.7082057 -0.8431912 
1.3564335 -0.0720586 -0.6527973 0.69312286 -0.16797014 1.4650848 0.320158 
0.26536226 -0.79693604 -1.3877962 1.1470262 -0.27042314 -1.234277 0.7191894 
-0.4178743 0.35275266 -0.83565205 -0.79575115 -0.6083489 0.43088582 0.97727376 
-0.6268261 -0.38507223 0.62798935 1.7085168 0.20214051 -0.22231954 1.3395029 
-0.070787124 -1.2941463 -1.2897203 0.6309152 -1.1557331 -0.20168903 -0.1807692 
0.76755273 0.6118013 -0.99821323 0.028817872 2.704411 0.8166088 -0.1482751 
0.19794491 0.8607253 -1.0612007 -1.12311 1.367978 1.1294137 0.718422 
1.4873654 1.2031475 1.1664108 -0.77029735 1.115802 -2.5489228 0.48482007 
-0.13253269 -0.3532752 -1.0723013 1.233172 -0.5684514 0.59229213 -0.22563998 
-1.4007713 0.5945935 -0.27686825 0.87611514 0.7240342 0.24649796 -0.60968345 
0.7995502 -1.3371284 -0.05798858 -0.24429886 0.4296333 0.06907181 -0.07414966 
-0.8622786 -0.83439 0.31009808 0.1987443 0.8748813 1.9076961 -1.5735731 
0.97765976 0.24492688 1.1749235 -0.6971012 1.6966014 0.0269351 -1.837132 
-0.30161232 0.8506293 -0.4837085 -0.00994684 0.7165072 0.8870857 -0.48419422 
1.7610133 1.3906689 1.5350686 -0.6310936 1.1971955 -0.93372226 1.2323197 
0.24209094 -1.8401976 -1.6687065 -0.20292026 -1.235832 0.28004378 1.1582073 
0.33768395 -0.5426204 0.7452962 -0.462752 -1.7784828 1.2587129 1.1757308 
-0.13760571 -0.60197693 0.6483702 1.3822147 -0.51141536 0.72470117 -1.0411731 
0.8446698 0.3451414 -0.37882286 -1.3578879 -1.7136497 -0.8859047 1.151338 
-0.4583802 -1.1712935 -0.75177073 -0.2133145 -1.8226143 -0.5939923 2.269104 
-1.4401268 -0.1700165 -0.70266527 0.14132336 1.5108558 -0.57756317 0.071284026 
0.74583006 0.81559366 1.3893573 1.4797686 0.63942486 -1.6144388 0.5400999 
0.026800152 -0.19213119 -0.02734565 -0.23535648 -0.63078016 -1.20164 1.0783663 
0.32965195 -1.6495721 -0.3574678 0.25292486 0.22632179 0.012748912 1.3166546 
-1.2317381 -1.8812289 0.55281216 0.53877866 -0.6848695 1.3540453 -0.38594913 
0.4256371 0.09549985 0.33811435 -0.09908085 -1.1925509 -2.1980906 -0.67835236 
-0.23444341 -1.1380451 -0.10329996 -0.14435437 2.5065854 -1.0185878 -0.42246467 
-0.44019467 -1.2587265 -0.5456778 -1.0846727 0.79988587 1.7360361 0.12335595 
-1.1617298 -0.2528332 0.826475 -0.060778342 0.7904099 0.9666083 0.04199151 
-0.6203182 0.21734726 0.9784411 1.8758779 -0.9281617 0.39709097 -0.49280918 
-0.4922925 -0.06811613 -1.2691836 -1.5883559 -0.3113174 0.035571296 0.50593114 
0.7600895 -0.4686413 1.8789966 0.51870185 -0.90883255 -0.7317753 0.2806303 
0.359988 -1.6298603 0.85636973 1.5404607 0.10615225 -2.0519445 0.003579159 
-0.86521304 -0.35495305 1.6923327 -1.888275 1.0659537 -0.43750995 0.42104658 
0.46363753 -0.60329115 0.69598824 -0.7902451 0.29651213 1.3298371 -0.24295379 
-0.104379214 -0.2494168 0.36313975 0.39559886 0.4910967 -1.1085584 1.2949736 
1.2910366 -2.3297536 1.5149015 -1.0178857 0.6948041 -0.1931592 -1.9431506 
-0.9170602 -0.48691112 -0.4364652 0.8169926 0.9358475 -0.23205984 0.21907134 
1.9123902 -0.7962576 -0.23838341 0.46957454 0.17326637 -0.08963086 0.22268684 
1.6941481 -1.6122618 1.9466374 0.477367 0.23900203 0.7914478 0.4622246 
-0.061518125 2.5342042 1.193917 -0.376854 0.89462525 1.6740549 0.5173004 
-1.1512947 0.26579034 0.3541621 -0.5464858 1.3033645 0.05494745 0.22641972 
-1.1604005 -0.5955585 -0.2502379 -0.09041053 -0.9737128 -0.14592832 -0.80673754 
-0.7710069 0.38416922 -0.7896543 -0.5010001 0.771083 -0.73308873 0.37935543 
0.51364356 0.17412527 -0.3181747 1.9017565 -0.96507555 0.49317154 1.1491866 
-1.7655385 -0.36493447 0.5681593 1.1403521 0.9397244 -0.17130403 0.9056564 
-1.3503482 -0.9985779 -1.5143884 -0.64477843 -0.13113105 0.53614604 -0.34455904 
-1.3283968 -1.0302596 0.6646341 0.01767429 0.56598383 0.53237426 0.5383137 
0.31989983 -1.3972938 3.3154924 0.8730744 0.5185585 1.0161823 1.2309611 
-0.3905612 -0.86161965 1.7792103 -0.34919477 -0.20287889 2.873876 0.047843255 
-0.59363216 2.6408427 -0.37595272 0.3644844 -0.06442998 0.3264843 0.32443935 
-0.26412743 0.55956864 0.123778954 -0.32867324 1.5368421 -0.28158292 1.6759632 
-1.3848649 0.77970165 -2.4329147 -0.4646205 -0.9761022 -0.26810536 -0.6164554 
1.1329854 0.26383257 1.1851897 0.57345235 1.2261696 -1.2642772 -0.26425776 
-0.08368414 0.58081096 -0.16846898 -0.6482042 -0.06734173 2.1169763 0.5155418 
-0.5604443 -2.3344812 -0.32385838 -3.0264244 -0.9977214 1.0461378 1.2150185 
-0.7333832 -0.6830496 0.2141571 0.7365371 0.5943967 0.52695173 1.8141998 
1.6306316 -0.6147441 -0.30169067 -0.87014127 0.8344094 -0.79381096 -0.22762027 
1.604382 1.8058661 -0.16353898 0.88720834 1.14811 0.71421933 -2.0358214 
-0.61088693 -0.7341562 0.010010265 0.7583993 0.70293754 0.9281384 -0.715232 
0.6081788 0.5516893 1.8611201 0.9578749 -0.86057776 -2.4017727 -1.2297953 
1.508054 0.07828545 1.51051 -0.8234247 0.08305941 -0.48413834 -0.81022626 
0.5474549 -1.2907468 -0.37320268 0.81510293 0.5221227 0.6597997 0.28039557 
1.3984617 -0.794497 0.114013895 -0.67201287 -1.0652994 1.6585449 -1.1003942 
0.46986055 0.81056297 0.96117026 1.46271 -0.06656706 -0.649897 -0.15431206 
0.038135853 1.3761315 0.3573861 -1.1092353 0.6706555 1.1019825 -1.4973056 
-0.5258165 0.13310076 -0.08617275 -1.2808753 -0.52697694 -1.3762705 0.36972207 
-0.18008222 -0.012670687 -0.4230192 -0.68360215 1.990937 -0.77829826 1.0730507 
2.5544927 -0.5111023 -0.8081959 1.1190332 0.3774125 1.2847095 1.8119029 
-1.3758209 -0.34724987 -0.14227672 0.92862624 -1.809327 -0.23075344 0.94153094 
-0.67795426 0.04885534 -0.9537608 -1.177181 2.0864391 -0.81541175 0.62050164 
-0.11439867 -0.074166894 0.12006138 -0.5768725 0.6612585 1.5219603 0.47320363 
-0.6828304 -0.06210189 0.095495656 -1.2577196 0.6403222 -0.03966646 -0.03494716 
1.419375 -2.6228468 -0.820858 0.04505449 0.20932071 0.94972384 -0.90172845 
0.69819254 -1.4543858 0.84946513 -1.5970033 0.8500257 0.5587834 1.6849471 
0.4292817 -0.54222614 1.2587291 0.0121929115 0.30691856 -0.06325368 -0.7021955 
0.41524243 0.4649373 0.2948387 -0.6988009 -0.7622145 -1.2952353 0.45243058 
1.0897375 0.8086712 -0.74122703 0.87171715 1.4646804 -0.90418583 0.48432782 
-0.7664976 -2.219254 0.71526086 -0.071911156 0.13947102 -1.9990216 0.30099222 
-1.4817551 1.3938361 -0.28318843 -0.33091563 0.69781804 -0.54963475 -1.1995203 
-0.07882849 -0.10717685 -0.59397143 0.58124495 -1.5417689 -0.97728425 -1.3935543 
1.8257226 -0.81919324 -0.7592752 -1.0780727 0.17258856 -1.7591662 -0.4644636 
0.5558622 1.1618468 -0.20257695 -1.0052696 1.3115436 0.0031847612 -0.28879428 
-1.1094085 -0.13136254 -0.44583204 -0.020813765 -0.60212165 -0.19867672 0.8124058 
-0.9628983 -1.0459341 -0.80149126 -2.5196102 -1.9547125 0.3096602 -1.0979599 
-0.04289881 -1.123993 -0.05998969 -1.2023202 -0.5837224 -2.0000765 1.3714207 
-1.2837698 -1.236316 2.43542 0.65109825 0.92012393 -0.25846675 -0.8230127 
-1.0294737 1.1573015 -0.3390665 0.4818836 0.99153566 -1.4949193 -0.08977995 
2.1190298 -0.3218604 0.6588448 1.7551821 -0.22316009 2.0997577 1.7520595 
0.85462254 -0.88177615 0.36090806 -1.8235404 -0.42348143 -0.8681439 -0.32048133 
-0.922088 -1.6211127 -0.81068134 1.7126505 -0.32979643 2.040575 0.6031449 
0.1523706 -1.9846889 0.11598208 -0.9482971 0.0051716827 -0.604005 -0.33240998 
0.33540764 -1.3255845 2.136958 0.6791396 -0.40040904 -1.6387893 -1.1102537 
0.8154213 -1.4863092 -0.48749724 1.8885208 0.74599665 -2.2524345 -0.15885167 
0.3869942 1.7800317 -1.5343419 0.8517865 0.5960884 -1.3202815 -0.26626587 
-0.739868 0.037431046 2.0181763 -0.74064624 -0.09320627 -0.35960096 -1.9339254 
-0.40398982 -0.5841507 0.92245144 0.48782372 -0.7643367 1.8499335 -0.91328657 
1.0875262 0.3754632 0.41198874 0.48728785 0.75250494 -0.015720371 -1.3173044 
-1.4663904 -0.06233323 -1.5410786 1.8054583 -0.88123757 2.025591 -0.26136982 
0.23844035 1.6912707 0.27575883 0.19726294 -1.7354676 0.3571865 -1.7855613 
-0.3432449 0.35200506 1.0847834 0.6560105 0.47570428 -0.8557033 0.8652054 
0.43068418 -0.114428535 -0.04559626 -0.100333795 -1.4738923 0.33324844 -0.7350068 
-0.19982503 -0.9743041 1.5639114 1.168286 0.6392373 0.17057237 -0.66807044 
-0.27720478 -0.673851 -0.7770397 0.7167509 -0.5901744 -0.50642496 -1.031709 
-1.1010506 0.110363156 -0.4114768 -0.74310184 1.1473715 -0.2487754 -0.5352032 
0.34439924 1.0960044 0.7589001 0.40926635 -1.3344617 0.8507133 -0.4235069 
2.5647604 -1.01376 0.1474198 1.269549 -0.56447154 -0.86335087 0.026774308 
-0.77489537 -0.23677066 0.04834541 -0.4161902 1.7855983 -0.06848363 0.80811816 
-0.7338034 -1.0272272 0.8128496 1.8101947 0.010417627 -0.08394523 -1.0421382 
-0.021913368 -0.7511238 0.771753 -1.1865546 -0.0350775 -1.3857433 -0.10675426 
0.23916219 -3.7402139 -0.14362743 0.08894282 -0.276093 1.3611455 -1.4475356 
0.40734747 0.9919326 0.9908247 0.7747085 0.7675855 0.57467365 0.04358429 
-1.445233 -0.9183627 0.06429725 1.4968117 2.1080294 0.26668748 -0.02295604 
-0.31730694 1.3839344 -0.54349893 0.61566436 1.4250718 -1.0637013 1.2047532 
1.5543919 -2.627154 0.119635046 -0.92075735 0.18568826 -0.9861364 1.3762518 
1.119244 0.6477992 0.9665994 -0.46426207 -0.90783906 -0.2940648 1.7669826 
-0.07780423 1.0653454 -0.64308894 -2.0665655 2.4127657 0.31344348 -0.5101607 
-0.32818514 -0.9373257 -0.33592966 -0.3023995 -1.6025043 0.2175255 0.9447823 
0.6861571 0.39348584 -0.25549987 0.70910424 -2.1626184 0.37044922 -0.561063 
-0.026218288 -0.42545086 0.7269838 0.90547085 -1.4969839 0.3872718 2.0895028 
-0.12520067 1.1760263 -2.2759237 -0.95699453 1.0730299 0.690498 0.7341029 
-0.4314096 0.60375303 -1.2506739 1.059249 -0.47212192 -1.3976496 0.7298634 
-0.7833635 -0.6662521 0.16744128 -1.5784161 -0.4874798 0.17114328 -0.7518792 
0.5458421 -0.39282477 0.7229557 -0.6763632 -0.004581389 -0.44142917 -0.23462032 
1.3291596 -1.0510014 1.0889937 -1.550679 -1.3601847 1.80436 -0.028850796 
-1.2432625 -0.8540872 0.05476549 -1.4067848 -1.3652023 -0.11191858 -0.67231256 
1.4311625 0.024693951 0.69665635 0.5610446 1.0485562 0.43435284 -0.74836314 
1.0947467 1.6008134 -1.5705079 -0.5342467 1.1511779 1.296712 0.026865793 
-0.20778137 -0.2860784 1.3791524 0.77344644 1.2422974 -0.9967928 0.15617803 
1.4313468 -0.14653072 0.26036507 1.2533553 -0.3091924 0.8394159 -0.055699345 
-0.07469845 0.31756392 1.6700282 -0.71481407 1.113492 -0.5074522 -0.42904705 
0.88295585 1.0059302 -0.81380314 0.061474886 1.0872469 0.25087333 1.4921699 
-0.9419295 -1.127383 -0.24309471 0.005348562 0.31215224 0.29008785 0.1440396 
0.44298697 -0.5284571 -1.630888 -0.42210552 -1.3035357 -1.9473592 0.44457483 
-0.38499746 -0.0693041 0.55539674 -2.399037 -0.74573153 -0.713889 0.26046756 
-0.69411933 -1.3750604 -1.5783592 1.1282673 1.0450864 0.4837071 -0.8785558 
-0.43441322 0.029856406 -0.1847145 -0.039773997 1.1063961 0.00566255 -0.46555948 
0.31053856 -0.03586306 -0.4292021 -0.4871201 -2.043864 -0.6210014 -1.9038312 
0.09189803 0.5670768 -0.9652838 0.7717303 -0.28082347 -0.8731192 -0.5816509 
0.05474886 0.6890716 0.07108447 -0.67387456 2.563889 0.17937823 -0.79671896 
-0.35702753 1.0199656 -0.32587016 0.57775956 0.81501865 1.1296846 0.7017362 
-0.024172388 0.06732972 0.049572412 1.0525588 1.4924328 -1.2724245 -1.6092043 
0.051833544 0.47361174 1.2359661 0.43280885 1.3206407 -0.24493428 0.39148834 
-0.66795915 1.0305802 0.92387503 0.31128466 -1.1467925 -0.94795465 -0.22437224 
1.7064631 -0.732845 -1.1108407 -0.16819066 -0.14811122 0.46291873 0.8415461 
0.53548986 2.0272353 0.57537425 -1.4310673 -0.50304055 -1.0948197 -0.60163575 
-0.67173094 0.12715293 0.22832686 0.6913587 0.7193246 0.08305554 0.75649697 
-0.73317736 -1.2752191 -0.49251005 -0.1937607 0.36508092 -0.2818261 -0.49872783 
0.7747655 0.0928646 0.0179685 0.39436337 1.5430858 1.2089967 1.370546 
-0.35229108 -0.5323026 1.8897313 -0.26384306 2.1948168 -0.9548808 0.26465932 
-0.076686345 1.5929445 -1.6310837 -0.654498 -1.1415212 1.5646529 -0.678561 
-0.80475557 1.9938846 -1.0855165 0.5868089 0.09100449 1.3482817 -1.2250057 
-0.08431739 1.4410412 0.16408351 0.3524896 -0.96150565 -0.6695743 -0.48337254 
-1.6329069 0.15643471 -0.2765906 -2.3386807 1.5042343 -0.45816582 0.36586982 
-1.2955971 -1.0230348 0.6142364 1.0228465 0.3901062 0.7134637 -0.2633326 
0.5888566 -0.3540432 -0.78898716 -1.4077555 -0.38900074 -0.19969963 1.2351533 
-0.35580912 -0.044326004 -0.5731564 -1.2515315 -0.98921895 -1.5242504 0.24553029 
-0.39197102 -0.7031444 -0.81214017 0.7994102 0.047410384 0.7225243 1.1549327 
0.6815376 0.69768083 -0.6177753 -1.5915134 0.39808 0.7086903 -0.71699977 
0.62440926 -1.041499 -0.58116627 1.2830391 -1.4696028 0.5630158 0.59716576 
1.3122793 0.7922442 -0.5218777 0.73766506 -1.0491734 -0.9163649 2.5429213 
-0.05764384 2.4432855 -0.28152165 1.8766286 0.28298596 -0.30257797 1.1970695 
0.1472729 -0.41341907 -0.62883437 0.10177716 -0.6766249 0.8876023 -2.0467067 
0.6585919 -0.010102611 -0.10405311 -1.0716475 0.9486416 0.9640801 0.19947381 
0.017396955 -0.30332875 -0.95764637 -0.992157 -1.0867791 0.48639408 -0.07304212 
-0.29201242 1.046139 0.017823286 -1.0189148 0.4835329 0.95248467 -0.13421914 
-2.6882317 -0.73878145 -1.3211409 -0.5210805 0.8619489 -0.59272015 2.7366235 
0.033238575 -1.1502068 -1.1163561 -1.5046238 -0.79453415 0.15320669 1.193471 
-1.3550346 -0.061447103 0.27317312 0.8763416 0.13737325 0.35292748 -1.3438246 
0.3347122 -0.08878272 -0.76414907 0.1811873 -1.9181144 0.81614053 0.36253044 
-0.6812711 -1.6570952 1.120375 -1.4383357 0.18438706 -0.06729808 -0.73064655 
3.0840776 -0.57976556 1.4870478 -0.62647563 0.6287313 0.054271203 -0.06278342 
1.8184724 2.3211858 -1.0447038 1.4304303 0.5734534 -0.5535241 0.3774478 
-1.8392133 -0.502631 0.36924386 -1.107969 -0.68890214 -1.0417845 -0.04012337 
1.2679014 -1.2019259 0.00931184 -0.7750871 -0.584476 0.6870713 0.73500896 
-0.5715807 -2.2886107 -2.0432901 -1.2102686 2.0955856 0.027419576 2.0906656 
0.47564182 0.39692807 -1.382977 0.5465331 -0.78470194 -0.36063448 2.3355746 
0.6150589 -0.2597505 -0.11584032 -1.5354159 -1.7118981 1.1499871 1.0779938 
-1.1530651 0.7177416 1.9951384 -2.051442 0.26195568 0.8838051 0.33848098 
-0.74030197 0.93393964 -0.9978497 0.3204944 0.7645677 -0.20425783 0.028078659 
0.99241984 -0.97729135 0.7222597 0.36261776 2.368268 1.7536023 0.37464723 
1.0680716 0.7383289 1.6463637 0.06268545 -0.9662001 0.28874218 -0.4532635 
-0.7480579 1.784652 1.3693607 0.60601556 0.08431123 -0.07702974 1.6728195 
-0.19645618 -0.39294285 2.098425 1.9024472 -0.95001155 -0.6134742 3.0669212 
-0.41392282 -0.34355643 0.6076105 -0.83313465 -0.119923376 -0.74250674 -0.5251109 
0.17034133 -1.6388214 2.3488836 -1.6920506 -0.7428763 0.31908676 0.4633622 
2.4691284 1.0203424 0.053631287 0.045067847 -0.18922879 0.03979485 -0.3382349 
-0.8053375 1.0404665 0.21183594 -0.572766 0.53797394 -0.5554406 -0.114751734 
0.11723177 -0.09028893 1.8337626 -0.27611613 0.83537245 -0.520864 -0.35586643 
1.2270492 0.6560012 0.5467551 -0.33954242 -1.5805272 0.58601034 -0.26798245 
-0.5747394 1.4684138 1.2666026 -2.2294767 0.33786204 0.54927754 1.4005855 
-1.6702467 1.2536553 -0.0031269486 -1.3980107 1.4332019 -0.0016481718 -0.88013786 
0.28152648 0.30653584 -0.5428243 -0.39785764 0.3042809 -0.6063842 0.039757814 
1.4618235 -2.4718933 0.23196831 -0.6735524 0.8188295 0.16094668 -0.16399936 
0.7096713 -0.7883349 0.038371477 -0.21371266 1.7147014 -0.095605895 -1.0354931 
2.058864 -0.16136068 0.6096756 -0.17997953 1.3767732 1.0115203 1.1802353 
0.7854212 -0.1491692 -1.1900443 0.47650313 -0.34659177 -0.51742166 2.3791585 
-1.1586887 -0.07385807 -0.016496224 0.66802746 -1.3911008 1.6849172 -2.228376 
-0.66512203 -0.6671929 1.269953 -0.19159864 -0.07874607 -2.6844878 0.08340328 
0.9757363 1.3586886 0.84737766 0.47085047 0.028271073 1.01105 -1.7074337 
2.3212178 -0.5784591 0.39266065 -1.2877905 0.11432293 0.46428695 -0.8646953 
-2.3612692 -1.1765875 -0.42100686 -1.5232836 -0.30819625 -0.21192522 1.3235276 
-0.5584678 0.70295155 -0.41355708 -1.6536613 -1.1810967 0.3396401 -1.1255776 
0.9732981 0.36603588 0.06352371 -1.3771564 -0.60418767 -0.14047797 1.044128 
-1.4435561 -0.33992592 0.016057288 0.30633014 -0.64843863 -1.5598745 -0.18011323 
-0.750277 -1.1667454 -0.9937803 -0.36488888 0.45222723 -0.9618089 -2.0975988 
0.027863517 -0.2915995 0.89877033 1.7218163 0.9170481 1.3383149 0.8562184 
-2.2223592 2.657815 0.35917637 -1.1224918 -1.0275588 0.7106304 0.19962718 
1.4020877 -0.14963683 1.291688 -0.7238233 1.2888495 -1.2413567 -0.91663057 
0.3415886 -0.15405333 2.0846822 -0.42720523 1.9011848 0.033061877 0.58582336 
0.10042074 -0.721495 1.3273257 -1.0219641 2.1552749 -2.6864367 -1.1861039 
1.4230337 -0.8396865 2.4072468 -0.6499316 -0.8186115 0.53955096 0.5726239 
0.24783313 -2.2781088 1.3641502 -1.3855038 -0.12635884 1.457498 -0.76715535 
0.10265276 0.6693003 1.0312759 0.00710623 0.012688182 1.0572361 1.5577723 
-0.5204322 0.8655638 -0.3998282 1.2057832 1.0584772 -0.7833524 -0.011116242 
-0.44606885 -0.40413406 -0.19364814 0.8276007 0.03146936 -0.44023588 -0.01726664 
1.3232945 -0.1799167 -0.5644842 0.866032 0.85229474 -1.4827425 -0.5686214 
1.3099943 1.0412705 -0.05838554 -2.1023366 -2.1192727 -0.056653924 2.1224775 
-0.069599845 -0.63258517 0.64842886 -0.6492559 -0.28559932 1.3893332 -1.1055688 
-0.5724796 -0.8476396 1.9531709 1.6999406 -1.0284024 -0.87796545 -1.7098166 
1.3703915 -0.16480194 -0.6076883 -0.030698918 1.1319482 0.3261 -1.5001805 
0.013331478 -0.4013439 2.8346217 0.087987065 -1.6556869 -0.08582575 -0.13350187 
-1.0662295 -0.19702703 0.74438804 -0.38934016 -1.01563 0.44693044 -0.8179487 
2.0159893 -0.42687926 -0.5638442 0.0018679914 0.30332065 -0.26373956 1.1927335 
0.71764475 -0.6412958 1.5372362 1.1701797 -1.4196842 -0.43035913 -0.45804033 
0.41747293 0.78616935 1.1991333 0.042521026 0.4078075 -0.8895396 -0.10842636 
0.5956258 0.24767698 0.2835635 1.8413396 -0.67041117 2.6125383 -0.05906299 
-0.688281 0.14368407 2.1766152 -1.2003307 -1.2590725 1.8177313 -0.57155627 
-0.46011996 -1.0323919 -0.15996875 0.38469326 -1.7930362 -1.083037 1.0731359 
1.0301269 -1.7039095 -0.79534423 1.2023134 0.18311943 0.18409015 0.3648502 
-0.25143856 0.34005365 -1.3440892 0.6471422 -1.0766414 1.1393335 -0.9065727 
1.3001258 -0.25376782 0.5294805 1.2057967 1.2764884 -1.2390335 -0.026042907 
0.485955 -0.83337575 1.6563377 0.0849812 0.40809792 0.58323705 -2.135055 
0.22844914 0.18332738 -0.1301099 -2.1592457 -0.1771933 -1.0963086 -1.1440037 
2.9312794 1.164434 0.86464316 -1.0540924 0.39013314 -0.94141 -0.5386555 
1.053387 0.84715813 0.13398527 -0.99478006 -0.57568055 1.5259205 0.45278427 
-0.9644122 0.07617208 -0.25792566 -1.9470098 0.39508334 -0.4713491 -0.22937839 
-1.520943 -1.5568439 -0.81553906 -0.8596052 1.6244386 -1.1593186 0.68992203 
-0.34472296 0.3629357 0.1627222 -1.110685 -0.7659666 0.09790093 0.49097934 
-1.7288635 1.8378462 -0.8616833 -0.49100828 0.47898498 2.6046336 -0.14501616 
0.6755414 0.8768096 -0.23786902 0.76544017 -0.40021065 0.3812839 -2.3647194 
-0.49924046 -0.8813079 0.89026624 0.03711608 0.7568686 0.58131135 -1.7124909 
-0.39511523 0.35942376 -0.61207837 0.4663293 2.150843 -0.33336917 1.0695975 
0.95534414 -0.3284738 -1.0768689 1.0954692 0.50944555 -0.83658147 -1.0217832 
0.06641383 0.29261434 1.4257087 -0.017515086 -0.2258595 0.2813686 -0.28033403 
0.34386402 -0.11011945 -1.3369085 1.822647 -0.237139 -0.3508465 -0.34305063 
1.8891464 1.4842795 -1.9318149 0.96514356 1.5882881 -0.7799421 0.40341616 
-1.7536309 -1.8518692 0.44500002 -0.11327268 -0.85993636 -0.52404 0.4615842 
0.34440055 0.46925122 -1.8954889 -0.34481254 -0.6225266 0.49529055 0.022078622 
2.6531262 1.7410367 0.89339364 0.41763145 0.32440838 1.0640874 -0.10440024 
-1.2105911 0.2338553 -1.1559517 0.5448853 0.32996893 -0.45796674 -0.16670802 
-1.248876 -0.8365452 -1.3693783 2.4398744 0.40677345 0.29967874 1.2039496 
-0.17740193 -1.038459 -1.555041 0.1388097 0.54253954 0.61329526 1.6959087 
-0.536244 -0.609699 0.32411453 0.8033364 1.1836152 0.38601702 0.9984569 
-0.42638394 -0.108351685 0.066016436 -1.5526742 -0.75055873 -0.52334696 -0.07965469 
-0.86366624 0.75020856 0.25101492 0.65645146 -0.31360212 2.216063 -1.1129024 
0.3970603 -0.32106024 -0.014878337 -0.2533794 -0.9533584 -0.25269824 0.18079425 
0.4029786 -0.07940865 0.81695014 0.49865967 -0.0804818 -0.43403366 -1.6148477 
0.8240115 0.36649752 -0.059713632 0.103649676 -2.4304488 -1.7766173 -1.0200639 
0.65483344 -0.74829084 -0.28282988 0.6578415 1.4461397 0.024879508 0.8402278 
-2.7597964 0.24468677 -1.2794642 0.9616469 -0.18625534 1.0002968 0.050425515 
0.34217468 -2.2916477 0.9389641 0.7402706 -0.4432023 0.4742046 0.3075842 
0.046814553 -0.6805163 1.006417 0.40825057 -1.0471429 0.61309654 -1.3414918 
0.2951504 0.16072573 1.5185795 -0.67928857 0.2991546 0.507447 -0.33190978 
-0.091344014 0.6232642 4.133699 -1.1124104 -0.6774523 1.7523414 -2.7798524 
-0.6988592 -1.1608597 0.80816406 -2.248079 0.48228762 -0.7162044 -1.6098139 
-0.19375147 1.3663484 -0.70301515 0.76870865 1.844521 0.54617685 1.2300407 
-0.4520908 0.22095725 0.7553891 -2.0794647 2.0317154 -1.5612309 2.0025978 
0.5480919 0.7982562 0.21447138 -1.9807553 1.0637944 0.021014273 0.9230454 
0.28793412 -0.86955684 1.1334927 1.2409691 -0.515849 -0.62486476 0.42963532 
0.70079595 0.2470566 -0.61280257 0.5843377 1.7016476 0.5556148 -0.3871536 
0.402676 0.27459675 -0.8182635 0.58177465 0.36902836 -0.7920192 -1.8183856 
0.38060707 -1.4911288 0.15093145 0.3643213 -1.3360788 0.9757932 -2.0568848 
-1.4288306 -0.2612881 0.5379015 0.942512 -1.1240308 -0.9393461 -0.5953806 
1.0073965 1.9446884 -0.116842955 -0.5552489 -1.0032945 0.3004611 -1.5568054 
1.3109348 1.1014525 0.3666298 -0.41662553 -0.06973595 -1.2319405 0.77636623 
-1.4664421 1.1887639 2.5401492 0.02811598 2.0639524 -1.2147311 0.1696862 
-0.3685241 1.0334696 -0.36526012 -1.2179184 2.6145244 1.2000179 -2.0852053 
-1.5555124 1.3389989 0.1036761 0.4874925 -0.19534884 -0.175575 -0.010482979 
0.6788827 0.7145014 1.2829596 0.42182243 0.64670676 1.2223268 0.14879973 
-0.6559273 1.3859984 -0.52648747 0.8890966 -0.44731897 0.21356754 -0.07025981 
1.7892393 -0.4723984 2.2873435 -2.1288474 -0.63668936 -0.099612474 -0.78594804 
-0.8656025 1.3563265 -1.1540173 -0.5526144 0.9720144 0.6056826 1.8158586 
-2.4310193 -0.32974076 -0.104331784 -0.82937884 0.5507295 -1.3238819 0.39258543 
-0.2187387 1.3357453 0.5102453 0.7662337 -1.5569977 -0.93233484 -0.17229348 
-1.3351798 -0.4134853 0.13395427 0.42208982 0.3852363 -0.45317188 1.779186 
-0.55892473 -0.50495267 1.1396251 -0.1989653 -0.760573 -0.95345205 0.8898765 
-1.829979 0.7704379 0.18460274 0.24081033 0.24772634 -1.3102213 -1.5297247 
0.35992745 -0.39298615 0.022416476 -0.20048712 0.0951396 -0.6769554 0.11084845 
0.94889665 0.6322179 0.40283784 1.0425396 -1.4180816 -0.31913766 1.1059394 
-0.038869247 1.838765 0.21667443 -0.114107594 -0.03911742 -0.7864209 -0.15646085 
-0.23541664 -1.0604842 1.6599802 0.052110136 -0.13411781 0.38204443 -0.3988429 
-1.1024878 -0.6920583 -0.06687648 -0.5312666 -3.1483955 -1.5573304 0.14787866 
0.49028128 0.14378837 -0.1410358 1.3474847 0.3756618 -0.96199113 0.7488575 
-1.4197537 0.1038183 -1.6564505 0.85524064 0.16457756 -1.5503918 -0.0446144 
-0.8033021 0.031811018 -0.38117322 0.33698714 -1.2465038 -0.72990024 -0.7317142 
0.666307 -1.7506725 0.5863579 0.14198324 -1.641173 1.4905692 -1.3520478 
0.3985429 -0.8263774 0.8222312 0.17484725 -1.1291137 0.72479296 0.7849009 
0.50766873 0.15640579 0.5085809 -1.4225638 -2.892029 -2.4620106 -1.1533419 
1.2476219 0.63190746 -0.21194428 0.5824186 -1.1596785 -0.20622928 -1.847805 
-0.3720094 0.027116029 -1.0105036 -0.9443006 0.4062669 -0.8709222 1.7240283 
-0.72706276 1.1652879 1.0660988 -0.80849737 -2.9080982 -0.043226823 -0.028505892 
0.23961528 -1.1644737 0.9356633 -1.0322739 3.1999204 0.6332579 1.1866863 
-0.50956035 1.1990757 1.1970263 -0.82060283 0.112402946 -0.008698213 0.6286373 
-0.44324717 -0.21548864 0.016271623 0.021445736 1.4198827 0.5350128 0.34323472 
1.9011974 -0.47176003 -0.6751308 0.38426715 -2.1175816 1.0475692 -1.408359 
0.7699064 0.49239677 -0.7570038 -0.47991487 0.4173579 -1.7240095 1.8567579 
-0.72908026 -0.263752 1.1308717 -0.45231125 0.15964505 1.1987711 -0.056854222 
-0.43640727 -0.69943464 -0.8740509 -0.8453056 0.58196735 0.02003935 -1.4258956 
0.3400027 0.9203343 0.62314576 -0.3695432 -1.5911919 -1.0794679 -1.0963424 
1.0546579 -0.99489784 -1.1584599 1.3864673 -1.8266428 -1.1109501 -0.9639646 
-1.5487435 0.4709681 0.44659063 1.3053519 1.1965109 1.0473734 0.4864215 
1.0925661 -1.529084 1.0303589 0.3535952 0.56677204 -0.5638123 -0.020335777 
2.7779748 0.39568853 -1.0072039 0.38789776 1.9541018 1.414519 0.8711215 
-0.4934585 0.31948146 -0.40310848 -1.0963595 0.06874708 1.3934585 0.5735816 
0.30869183 -0.414502 0.9729153 -0.22622597 -1.3471305 -0.11241122 0.10994237 
0.3617876 -0.28075927 -0.5809123 0.36559796 -0.027524369 -1.1126585 -1.753189 
0.99598503 0.92985153 0.433673 1.1347781 -0.50816816 1.0677439 -0.21719053 
-2.1100657 -0.6759475 0.43980965 0.72821796 -0.04647552 -2.4284244 -2.0537663 
-0.44390166 0.4570958 -1.2070378 -0.9633886 0.90537626 -0.14129001 0.34941715 
-0.705496 0.60417414 0.19540031 -0.21682712 -0.03175788 0.19445235 1.1415921 
-0.32533365 0.74763393 1.8657999 0.0017032305 -0.70684785 -0.17928809 -0.0512031 
-0.23234473 0.6549998 -0.8371248 1.0818528 -1.3270165 -0.29387543 -1.5753613 
1.360054 2.467806 -0.04660609 -1.5944128 1.4405606 -0.65618265 -0.97173685 
-0.58556926 -0.25280437 -1.5204751 -0.97684836 0.6056628 0.2216571 -0.39090675 
0.5083903 0.30063114 1.4372326 -1.5588468 -0.07305894 1.3174093 0.47888127 
-0.17736943 -0.043006252 0.10976807 -0.65795267 0.8990538 -0.50887537 3.1032426 
-1.8479918 -1.2998662 -0.38631898 0.40096787 -0.27990624 -0.9542437 -1.4098089 
2.1478126 0.61790764 -1.090646 -0.7277857 -0.7370424 -0.8627348 0.28995705 
1.5711777 0.8488942 -1.6451622 0.84334373 0.5187325 -0.25334883 0.40349057 
0.92767215 -0.38350892 2.0892215 0.05536974 0.20692556 -0.4654373 -1.1882616 
-0.20737384 0.58873445 -0.33062628 -0.08124341 1.1094438 1.242445 -1.3982356 
0.14649661 1.4146748 -0.74150664 -2.2433028 -1.6584705 0.2650664 -1.3356426 
0.5352682 -0.37629938 1.1323278 1.060281 -0.9865911 0.5833468 -0.63614404 
-0.34611246 0.84022284 -0.0657174 0.4677347 -0.7182523 0.3911632 -1.0631163 
-1.0846254 0.82062054 -0.20333655 -0.915285 -1.0915588 1.0635599 0.5484791 
-0.32893932 0.63688844 -0.35390124 -1.5351119 0.0035004572 0.65152305 0.8628753 
0.27366844 -1.0554597 1.0349745 -0.4290222 -1.926874 1.1581156 0.180224 
1.7487593 -0.13946435 -0.9347523 0.9705102 0.38197672 -1.9804099 0.8842104 
1.1409613 0.43713617 -1.3624136 0.14106184 -0.24452534 -0.29924902 -0.58457536 
-0.21745454 1.4780996 0.44213778 0.79404026 0.2583961 -0.22620986 -1.1720631 
0.9627379 -0.78325504 0.30095172 -0.16369931 -0.004582882 2.2970092 -0.34795228 
0.2803236 1.2237456 1.0598133 -0.16156031 -0.22128952 -0.51927584 -1.2813002 
-0.40891972 -0.20739599 -0.7369968 -1.1247548 1.1742367 0.25298747 -2.2055047 
0.8311481 0.12366843 -0.10932877 -0.39989868 2.3997211 -0.533082 -0.76319724 
-0.1880229 -1.1313236 1.5306875 0.90905994 0.9923957 -0.132683 -0.088061 
0.3505224 -0.2591302 0.89283836 -0.59659207 0.3761737 1.2951581 -0.1497739 
0.08463102 0.8529979 0.6854698 1.4634078 -0.06876263 -1.1790216 -0.4190667 
-1.3369964 1.5658008 -1.1925907 -0.4104912 0.31976837 -2.0116928 1.0274196 
0.77084625 0.040720493 -0.3464944 0.5709825 0.5509004 0.5664016 -0.28350767 
1.6138568 1.6527447 0.76237184 -0.28089687 -1.7758427 0.18493542 0.19597924 
2.756836 0.4122894 0.4570772 0.37450916 -0.13155931 -0.2152409 -1.5884522 
1.120707 -0.87074095 0.47804952 -0.0273883 -1.4498824 -0.98807585 0.52396286 
-0.15988486 -1.8253236 -0.106524006 -0.15685327 -0.8514926 -1.0286257 -0.7043451 
1.0616697 -0.17922753 -0.9938414 1.1028386 0.15195897 -0.7808356 0.58402216 
-0.3957971 -0.76201713 1.4623892 -0.7785904 -0.96326715 0.12600812 -2.2039478 
2.136631 -2.5899708 1.4367604 -0.10336688 -0.4378546 -0.95947796 -1.1222394 
0.19817129 1.2361771 1.1887617 -1.1199752 0.9384899 -0.5740877 0.8413415 
1.4957604 -0.19796504 -0.83829045 -1.8074908 0.21662183 0.05734351 -0.1494369 
-0.10897577 -0.812099 -0.66883403 -0.775516 2.132641 1.0832973 0.18010415 
-0.9214873 -0.7792696 -0.14960383 0.6642542 0.9687344 0.82428473 0.02983407 
0.32344246 -0.02801933 -0.54419506 -0.57897073 0.11546386 -2.021973 0.5511053 
-0.16329698 0.36156297 -0.52106994 0.8190265 0.6322596 0.0457175 1.401841 
1.3105443 -1.3442993 -0.28346688 0.66022944 0.7266365 -1.03217 0.8041743 
0.3350552 -0.30893978 -0.52558255 0.06317679 0.21103123 0.37929276 1.8112625 
0.6859031 0.9031234 0.5312776 0.7136299 -0.5924081 1.2224691 1.6280066 
-0.14274906 1.3507535 0.25090414 -0.513425 -0.2993668 -0.34565496 -0.092210375 
1.6554137 0.6158447 -0.15601923 -0.8605147 -1.4630218 -0.30663234 0.3642084 
-0.503074 0.96090895 0.52005374 1.3640448 -0.93485945 -1.1827966 -0.28576997 
-1.1742209 0.66178524 -1.3274724 -0.5556689 -0.28134894 0.4321586 -0.93218666 
0.22093102 1.3540015 0.31966767 0.054994415 0.44876775 0.6388942 1.1764482 
0.93894124 1.4492519 -0.19489664 -0.80696094 0.3255776 0.75387007 2.2034574 
-0.42623183 -0.7739537 -0.9717851 -0.07268886 -2.0666838 -0.8411296 -2.3596709 
1.1446656 0.72596127 0.65387714 0.325473 0.9986489 1.286009 -0.9072091 
1.0755285 0.64612716 -0.57532346 -1.9708862 0.26193413 -1.5782965 1.2048753 
-1.294735 0.72473615 -1.3680309 -1.3843297 -0.34520972 0.33719411 -0.35451305 
0.54516506 -0.43085858 0.48696256 -0.39333424 0.5843705 -0.81360966 -0.23596221 
-1.4677354 2.7814574 -1.985063 1.1306957 -1.3390794 -0.57958573 -1.6133461 
-0.17918573 -1.056826 1.662455 0.3206815 0.3928365 0.4068254 -1.3255106 
-0.8087357 -0.06521419 -2.6389732 0.59922075 -0.26430646 0.88800305 0.23441851 
1.8097225 1.2706791 1.2540864 -0.7460572 1.4426537 -0.6757271 0.018725762 
-0.05287801 0.53613937 0.86722124 1.8593545 0.125091 -1.7347877 -0.5391057 
-1.4666649 0.42620665 -0.10407411 0.9161995 0.6290282 -0.2920127 0.11399194 
0.44365934 0.29381642 -1.2706306 1.0910228 0.3367968 0.72261256 0.53896415 
1.3865551 0.24223688 0.2328921 0.6426588 -1.1455593 0.04390246 0.069496244 
-0.08312965 0.5007209 -1.0898637 -0.494616 -0.5183324 -0.6491712 0.77286786 
0.43094623 -0.7872785 -1.6639067 0.7595424 -0.15396242 0.8715298 0.54698086 
-1.4750715 -0.06914814 1.6887724 -1.4397092 0.73627406 0.7071582 0.6672196 
-1.2354593 0.16802338 -1.1010808 -1.8362402 0.17329463 0.10024883 -0.7529213 
-0.5499945 0.097480126 0.067198075 -0.88308066 -1.4629642 -0.9079032 -1.8147144 
2.0635178 -1.3642672 1.3469226 1.0748326 1.1599668 -1.5532825 -0.37945098 
0.59659266 0.25689507 -0.9178548 0.41474918 -0.3185162 -1.6421155 1.0290425 
-0.54671574 -0.65679187 -0.68722486 -0.4717874 1.5002748 -1.6636385 2.264041 
-0.32854903 -2.3450713 0.115799285 -1.1748931 0.6802571 0.8300776 -1.2124733 
-0.90041083 -0.24933098 0.36592922 0.2713776 -0.51621735 -0.1899968 -1.792739 
-0.24823296 -0.89968395 0.9941182 -0.8872623 -1.3692026 -0.6328867 0.65050435 
-1.6500131 0.515854 -0.43516076 -0.7294671 0.07814425 0.5525728 -0.56294847 
-0.7627756 -0.19817434 -0.5144256 -0.046033893 1.5125905 -0.7384782 0.119493075 
-0.4989575 0.28523716 1.8402132 0.7690437 -1.8792579 0.06151505 -0.8750149 
-0.7626108 -2.148609 -0.26420343 -0.6235266 0.76875997 -0.15976325 -0.086768046 
0.45656756 -0.5119972 -0.23859164 1.2288573 -0.026356557 0.6312705 0.5531555 
-0.7249436 0.32228786 0.7070325 1.7686248 1.5293939 -0.43526012 -0.114170946 
-1.8080313 -1.108018 -1.3669364 1.6962285 0.43586817 0.0029983532 0.72930837 
-0.48562786 2.0889318 -2.6104465 0.884472 0.18183804 -0.533064 0.93872046 
-1.1795862 0.5485148 1.2334417 -0.001985359 -0.3466489 -0.96204615 -0.35295963 
0.95630085 -0.7101881 -1.7954335 1.3339218 -0.07048796 0.060511407 0.601856 
2.0428846 -0.8375679 0.021559667 -0.30001602 -0.2988885 -0.19244234 -1.8999819 
1.2465906 0.89928335 0.4168244 -0.04970946 -0.45011356 0.07760529 0.37156448 
0.7085759 0.11127973 -1.4317797 1.6796912 -0.6307917 1.3718942 -0.5750801 
0.25379598 -1.0609162 0.11460306 -1.090229 -1.0130751 1.9904816 0.21121883 
2.2729037 0.42591065 -1.3102599 0.024964897 -0.5246148 -0.37532037 0.23487714 
-1.6176999 -0.575306 0.0755486 1.3166659 0.09529479 -0.45031297 -0.54448247 
-0.35639402 -2.0314417 1.5201769 -1.0005655 0.92708725 -0.33637744 -1.5429395 
0.33181453 -0.45702955 0.38855955 -1.0028992 1.518404 1.3525461 0.0026988748 
-0.29069656 -1.4922487 -0.020589639 -1.5518099 0.7986625 -0.5565929 1.4071856 
-0.47140127 -2.1669264 0.22451071 0.35867634 0.10033875 0.09335971 -0.24844879 
-0.45956844 -1.7349659 -0.36088693 -2.1526515 0.49735275 -0.16557835 0.6080137 
-1.1877656 -0.43177617 1.7444948 -1.0808603 -0.7534027 -1.4888843 -0.44858342 
0.99857974 -1.3152258 -0.23225543 0.6188819 1.2484337 1.3606325 1.2782258 
0.034022804 0.3480524 -0.1979279 0.89420843 -2.6244953 -0.15363345 0.19603156 
-1.0368488 0.30184975 1.0302491 1.9275194 1.1803503 0.13862227 0.81383526 
2.691722 0.31240106 -0.08282436 -0.80065536 -0.49634793 -0.0076351636 1.3215916 
2.9718919 1.2090753 0.75697255 -0.02955766 1.2442323 -0.1706844 -0.39556855 
-0.7060189 2.9214265 0.25209418 0.084994145 -0.6857147 -1.0968889 1.1905123 
-0.06307282 -0.21432891 -0.47639385 0.93192935 0.3214815 0.24297914 0.057192955 
-1.2584329 2.3397574 1.6184878 0.12895522 -0.20781027 -0.5796892 1.9144576 
2.022489 0.774063 -0.57534546 1.1512328 -0.030537874 -0.529123 -1.2277215 
0.58962375 1.7187184 0.27429542 -0.04768712 1.3929024 -0.46868733 1.8713542 
0.4461171 -2.4696815 0.35344923 -2.2814133 2.4224346 -2.7036283 -0.6786897 
-0.16285245 0.15109137 2.9712634 -1.7430446 -0.5031206 0.30445188 0.3876156 
0.32969534 -1.1548038 -1.2649246 0.8524532 -0.20781907 0.26010716 -0.9305062 
-1.3677694 -0.48180372 0.23735973 0.86295956 1.4691749 0.021714857 -0.32598925 
-0.24752359 0.23280013 -1.1702765 0.76040953 0.52340335 0.26546103 -0.6163775 
-0.99257207 -0.6532544 -1.6925204 0.1079338 1.0584468 1.5425776 0.90528536 
0.12721582 0.9764639 -0.0057590487 0.5109912 1.4046836 -0.11936598 1.1321386 
-0.39905053 -1.6283625 0.37614757 0.32023856 0.3795925 -0.45111325 -1.1133835 
0.20704904 0.7575144 0.6485305 0.07274397 -0.27488065 1.2944616 -0.08650754 
0.4299262 -0.41231042 -1.8218813 0.6264929 -0.71840805 -1.0484874 0.91266805 
1.5178846 -0.34547007 -1.4577258 0.967561 -0.09140618 -0.5999132 -0.5604378 
-0.90126514 0.14876385 0.5332028 2.0163023 -0.4940212 1.3201691 -0.75424874 
0.02874879 0.7635701 -0.05236728 0.97607195 -0.31271604 0.85873747 0.08793043 
0.9814602 0.53025305 -2.5139375 1.6366931 0.4373455 -1.5923721 -0.973801 
-1.7481575 -0.76135004 -0.4782032 -0.60910195 -0.35366812 -1.2064023 1.3127549 
-0.18166545 0.611329 -0.49003208 0.49430358 1.1011785 -0.5716619 2.1149025 
-0.06490755 -0.9595075 -0.3858369 -0.78919303 -0.04482606 -2.685154 -0.113004126 
-0.9052662 0.32368025 -0.70365995 1.0037644 0.8349504 -1.6826162 -0.058780394 
-1.0754205 0.963577 -0.1958361 -0.32092124 -0.6282021 -1.1613821 -0.010757533 
-0.015384708 1.6808903 3.11321 -2.00025 -0.07287722 0.9220318 0.6860717 
-1.7334895 -0.76866263 0.9492376 0.39899215 -0.41442868 -0.4424381 -0.24033312 
3.6087542 0.3700453 -1.331177 0.30679217 2.373785 -0.2894606 0.42334488 
-0.36458033 0.19715153 -0.75868374 1.2769523 0.72753304 1.382584 0.06840899 
-1.9866008 -0.045609176 -2.8189673 -0.24622285 -0.004200448 0.8864338 0.008662206 
-0.48391223 -0.42962092 -1.2302241 -0.67630035 -0.8523122 0.5992893 -0.16834098 
0.55410457 -0.04620881 0.10720907 -0.0042866473 0.77619964 -0.28675127 1.6241615 
-1.052024 -0.6285302 0.4888434 -0.99036264 -1.5381082 0.3770029 1.6062235 
0.59486836 0.4920506 -1.4768724 -1.6262012 0.7397871 0.55237365 -0.5277468 
0.5218243 1.3498 0.43361875 -1.1577502 0.52273417 0.84122515 0.7045956 
-0.7996484 0.08223592 0.77332866 0.54905945 0.23405033 0.90578854 -0.9016014 
2.0159829 0.6261066 -0.3690193 0.3284097 1.1483003 0.07333987 -0.8361272 
-0.78740036 0.13336217 1.2786314 -2.4773517 -2.943554 -0.09001326 -0.5468929 
0.86315733 -2.3447843 0.52477384 -0.64116544 0.51874065 -0.19934502 -1.0779793 
-0.31790555 0.045976214 0.5500414 0.35658497 -0.09482526 2.0195398 0.21133064 
-0.35569236 0.07158459 0.20931228 -1.0025738 1.1486977 -0.42127523 0.08300775 
1.1317675 -0.30150694 -1.2693624 -0.8601486 -1.5435622 0.04866346 -0.0019055405 
0.6326265 -2.0060241 0.054694716 0.44025528 0.317262 -0.051450953 0.5633255 
-0.062279455 -0.40887454 1.1331797 -0.17918052 0.58373666 -0.18099226 -0.6801539 
0.56069183 -1.1402572 -0.42535058 -0.36918423 0.96395844 1.8550241 0.5521485 
1.2524451 -0.5885399 0.029729353 -1.540542 -1.7371038 0.028810628 1.7416668 
0.9149177 -0.6225904 -0.84306526 -0.9433829 -0.1272035 0.9570745 -0.80035037 
0.11884593 -1.5966806 -0.11320029 -0.8285926 -2.4184766 0.90746385 -0.9709894 
1.3482448 0.49092138 -1.1055839 -1.1763256 0.38064256 -1.0477719 -1.741542 
0.5445367 -0.59309083 0.34194726 0.7695211 0.49249965 -1.296339 -0.6237178 
0.08881366 0.90692115 0.011122703 0.30961177 0.400667 -1.6263341 -0.65309745 
-0.91702026 -0.6834622 -0.4816915 1.0413224 1.4740192 1.6558588 -1.6316576 
-1.389215 0.26276344 -2.266973 0.34026277 1.3832268 -1.4065448 -0.4175146 
0.16966805 -0.61578655 0.6196237 -1.0372247 0.0053228075 0.75030875 1.3104231 
-1.2336656 1.1270475 -0.5986074 0.052128613 -0.24884188 0.1179771 -0.72856104 
-1.1369947 -0.17406446 -0.10382434 1.0856653 -0.50906444 0.32719624 -1.4821913 
2.316781 -1.1797385 -1.6562928 -0.39399657 -0.06509256 -0.26593646 -2.142614 
2.4556 -0.029775389 0.18137562 1.1727495 0.71839577 -0.01199455 0.19104522 
0.8961776 -0.28305778 0.4211862 -0.63727653 2.085242 0.5247516 -2.2270517 
1.2149334 -0.5187456 0.19308111 -1.573072 -2.1219056 0.16519083 1.3991145 
-0.9284794 0.38263336 -0.5103699 0.7832728 0.9443933 0.75468105 -2.0857668 
-0.07407791 0.56029 0.112310484 1.2793669 -0.17033258 1.0536896 0.64927965 
0.6291364 0.65784216 0.19320692 -1.7728022 2.1569927 1.5293044 0.21842067 
-1.4107786 1.4487146 -0.92089355 1.4352108 -0.24455805 1.0540307 -0.3674485 
-0.25914377 2.240275 -0.94767594 0.18912284 0.22769597 -1.1018742 1.9495515 
1.5353365 0.15105003 -1.7912143 -0.7006617 -1.0215402 -1.7622286 -2.777833 
0.67699987 0.54822636 -1.1063693 0.07037226 0.2518233 -0.38447553 -1.8039076 
-2.5014696 1.2576503 -0.29765558 -0.23228738 -1.8749545 -1.1419151 1.5889529 
-0.25117064 -0.59700376 -1.4435 0.4503168 -0.70104015 -0.1423263 0.5552142 
-0.36337194 -1.0542399 2.111756 -0.73634034 1.3256538 -0.5305571 0.5823901 
0.42826992 2.3997133 -0.7833646 1.5890837 0.14685519 -0.44522318 0.6195495 
0.6977821 0.5764768 0.094221376 0.38282928 -0.07332188 0.7365513 -0.7532818 
-0.23226686 1.1469368 -0.5024954 1.0262086 -0.020130442 -0.811228 0.5966544 
0.4646206 0.89701694 0.1774271 2.245789 -0.55290437 0.69953775 1.6116936 
0.21057476 1.1007993 0.7385549 -0.51951706 -0.23223902 -1.7157903 0.901295 
1.3877674 0.94505125 -1.1276696 0.507059 1.2418892 1.361285 -0.45621756 
1.058854 0.8515736 -0.86682874 1.4247956 -0.85653454 -0.8793651 -0.6174009 
-0.15376744 1.6988709 0.64539266 0.10764557 1.8068459 0.5485148 1.4136492 
-0.78138024 -0.9229797 -1.653574 -0.7779379 0.8303897 0.33709478 0.47080988 
1.1030496 1.0878032 -1.2768371 -0.08134722 0.034026045 -0.8459305 0.32238665 
-0.85938364 0.29692936 -0.6602391 -1.0529128 0.9695253 -0.8161371 -1.5938053 
-0.26383966 2.220539 0.41262323 -0.1846455 0.33838177 1.9050571 1.0920327 
0.575425 -2.4527707 -0.2561114 -0.12818296 0.032644466 1.4552963 -0.48674423 
0.93348217 1.0797238 -0.86588866 0.44356367 -0.82553387 1.0640608 1.185711 
-0.6445358 -0.7892468 0.76038015 2.017711 -0.8547075 -0.10955428 -0.39180765 
-0.3032634 -2.0780377 -1.622568 0.58366805 -0.5068064 0.26054388 -1.0083065 
-1.3417666 -0.62512374 -0.19721512 -1.1458905 0.38606855 1.9796706 -1.2124531 
0.59412193 0.586827 1.1313641 0.016467178 0.8231187 -2.2544866 1.1305624 
-0.2655062 -0.009696161 0.30156872 0.15169784 -0.22358204 -0.6146272 2.3777633 
0.66863286 -0.20127347 -1.873208 0.37003374 -2.4101017 -0.32411188 -0.97347915 
-1.0665914 0.014169157 -0.5579355 -0.17334476 -1.1001296 -1.07533 -0.74703884 
-0.36983562 0.7163199 -0.87157416 1.457544 -3.2449436 2.4957802 0.9689057 
-0.44941917 0.92776436 2.1014473 -0.1573973 -0.84063447 0.6285672 0.46942154 
-0.36655408 2.312249 0.24901879 -1.8216103 0.11671834 1.1698492 -0.864216 
-0.4742778 -1.7991991 0.840821 0.38448375 0.9647415 0.124053165 -0.9986294 
-0.19814928 -1.2307125 0.46803114 -2.1053596 -0.31104985 -0.8695575 0.82779473 
-0.6372512 1.6648321 -0.15284687 -0.9881621 -0.6015796 1.4708076 -1.1806458 
0.49112925 0.1748333 -0.30903614 0.4733428 -1.7869716 -2.188746 0.9439911 
-0.37212008 1.0568229 1.6621896 -0.7620561 -1.5509062 0.48636943 0.0782898 
-0.009020516 0.10918106 1.8509275 0.30918032 -0.08394632 -1.0081245 1.2831923 
-1.3448936 0.91635734 1.3084093 -1.9719139 -0.63497895 -1.5672303 -1.8762267 
-2.5143158 -1.0575916 -0.09060416 -0.5611939 -2.202603 -0.2755945 -0.010026946 
-1.0665507 -0.7305007 -0.2377188 -0.95382017 1.0622809 -0.32142982 2.0184553 
2.69786 -0.8148755 0.7309885 -0.16598211 -1.3659961 1.4497052 0.061555725 
-0.12690492 0.736208 -0.025307544 -0.04116469 -0.1541946 0.34136257 1.3118631 
-0.13779578 -1.2576457 0.14651282 0.07517678 0.3118625 0.90790284 0.6374406 
-1.0590727 1.599851 -1.9245986 -1.1438769 -1.3323804 0.5990885 0.29964143 
0.5889075 -0.08270238 -0.1776769 -0.85766155 -0.89139086 0.7085391 0.03877112 
-0.8713518 -0.88575286 1.8294048 -0.52650756 -0.1763139 1.0023474 -0.96178204 
-0.3933731 -0.3888634 0.6686908 0.3131656 -1.5112832 -0.75865936 0.9127057 
0.95352024 1.0901997 -1.8328911 1.9340178 0.46008715 -1.151387 1.3651305 
1.5687487 0.16334291 1.1486611 -0.20404369 -0.9607538 -0.25027356 0.35631552 
0.29437542 -0.90779006 1.1740067 1.1467938 0.6087363 -0.6355806 0.35649455 
1.7562017 0.6374807 -0.7010847 -0.29621705 -1.3560063 0.48464233 0.04921944 
0.8862593 0.77815366 -1.8692621 -1.0119406 -0.9585776 0.76483315 1.6926427 
-0.7135878 0.91452444 -0.24748491 0.6556567 0.4945622 -1.6171585 -0.10474174 
0.11844646 -1.7148613 0.58269006 1.3438501 0.057205822 -1.8565998 -0.04779994 
-0.0110462 0.30423805 -0.39454764 -0.4137797 -1.8544797 -0.34126943 0.20891502 
0.06365146 -0.4620114 -0.8374364 0.033917278 0.6021442 -2.2927456 0.66976166 
-0.0063868496 0.3556031 -0.77569526 1.4438413 0.760356 1.825023 -0.08657885 
-0.16949733 -1.0372397 1.7664566 -0.41951016 0.49086258 -0.4117269 0.094566256 
0.71866256 -0.13413914 -0.29659528 -1.1809702 1.6447469 -0.93652695 -2.7023695 
1.124042 0.29828125 -0.31432962 0.49598345 -0.22503279 0.28847748 -0.57791317 
0.34656325 -0.7011912 1.2118864 -1.2033995 -0.19584738 -1.459479 -1.0140653 
-1.0171767 -1.3178097 -1.0857797 -1.1643674 -1.1156654 -0.5592129 -0.6679684 
1.8099486 0.8834305 0.18642369 -0.28088123 -0.66256845 -0.54118264 -0.55443746 
-0.79136705 -0.10734402 -1.6767387 -0.5815541 1.0361066 -1.6124434 -0.01799458 
-0.28689378 1.2221675 -0.5329722 1.5025322 -1.6403126 -1.1952547 0.5032953 
-0.39178744 -0.3310727 1.5686495 0.5382019 2.2074413 0.41928905 -0.79796183 
-0.8159367 -0.7683842 0.0592361 -0.47297347 0.2028688 0.2728225 2.6671245 
-1.0379277 0.5934133 0.12779273 0.9988803 -0.45454192 -1.0173467 -0.49924287 
0.15524091 0.9175553 0.4943259 -0.51904464 0.22482884 -0.7615864 -0.41768903 
-0.743119 -0.21617126 -0.81911373 -1.4121625 1.5138357 -0.07893194 0.20805164 
2.3651748 0.5614627 -0.7819476 2.441618 -0.65107006 0.43090084 -1.1054258 
-0.20953605 -0.09567151 1.598955 -0.50281316 0.31224403 0.7904047 1.4221697 
0.68958575 -0.43363532 -0.097238 0.8528124 -1.0863382 -0.26207325 1.1159272 
0.06310333 -0.23120764 0.5534289 -0.81969535 0.5948266 0.3913085 -3.0333495 
0.963619 1.8777117 -0.15366253 0.83731073 -1.1475354 0.52674437 -0.062345374 
-1.280787 -0.73095715 -0.8991461 1.2938374 -0.7612201 -0.7471716 1.1960218 
0.23788118 -0.20769833 -2.5071518 -1.0877299 0.13090244 0.20526591 0.46836165 
-0.39743897 -0.25349352 0.98857874 -0.6526464 0.75362444 -0.4256579 -0.10850979 
-1.2119094 -0.4947651 -0.26553005 -0.17576271 -0.036471885 0.014695383 0.09408803 
-0.009825847 0.09411677 -1.2059314 0.6548874 0.18243727 -0.3060361 1.019134 
0.014519021 1.4611472 0.9963488 -1.4324753 -0.21773995 -0.57226336 -0.84566814 
2.0924587 -1.4975362 1.1484702 -1.5175284 0.9966397 0.5160038 0.21004644 
0.6362693 -1.5460559 -0.38714966 -1.2804575 1.4070463 1.4557371 0.06584409 
-2.6009257 2.2755303 0.78389037 -0.5977474 0.19060765 -1.4896095 -1.1401949 
0.9343935 -0.22599882 -0.51350665 0.15373139 -0.37034217 2.1385078 -1.7047317 
-0.2288998 -0.8932564 -0.5952029 0.87663865 -0.14292654 -0.48737523 1.7184838 
1.0686194 1.2903181 1.2066232 0.5595492 -0.17856207 0.47510543 0.0063976827 
-0.51586664 -0.60848504 -0.8578122 -0.57532114 0.7093296 1.4865646 0.076581895 
0.3225206 0.6872163 -1.7119606 0.3617813 0.69575703 0.073307335 0.9816458 
-0.06904363 1.1774603 1.1633092 -0.38033742 -0.16940121 0.010700728 0.20745999 
-0.83742815 -1.8968109 -1.6165595 0.9278398 0.855998 0.25009754 0.7850595 
-2.2795825 1.612175 0.64678085 0.58926654 -1.6470481 -1.0772303 0.514053 
1.3864009 -0.20497502 0.28135547 -0.21777785 0.4607497 1.4384872 0.28691024 
0.64020014 0.5624748 1.6623714 0.13895369 0.55169916 0.9879092 -2.3184893 
0.41561517 -1.2459453 -1.2244143 0.2062299 -2.231941 -0.76575905 -0.52673465 
-1.3875028 -1.0336839 -0.7723503 -1.1076488 -0.5343215 -1.862201 -1.4875907 
-0.19714153 -0.45644248 0.7719372 0.6375484 0.23895505 0.07874664 -0.6825406 
-0.58085114 0.38754994 1.797872 1.0974126 -1.1020142 -1.0400512 -1.3551633 
0.38238132 0.9137383 -1.2714051 0.25933042 -0.29658902 -0.055639807 0.44563413 
0.3471356 -0.31829178 -0.97791076 -0.257704 -1.2895507 -0.361018 -0.92274594 
-0.45966893 0.28599375 1.1850843 -1.7837551 -1.5313941 0.57150644 -0.14381927 
-2.514383 -0.13067724 -1.8132428 -0.29855967 -0.41660592 1.474904 -0.80173635 
1.0054988 0.2577185 -0.43961477 1.8180364 1.2622323 -0.08903474 1.2057445 
1.6751956 0.11090414 0.22264062 0.13801102 0.37785628 1.1361791 -0.46023265 
1.7290252 0.35731012 -1.1456894 -0.054838363 -0.4270454 0.17896283 -0.41284278 
0.47285807 0.05348474 1.3393226 -1.5392873 0.98331773 0.46717915 0.04200819 
-0.31759956 0.52134335 1.7331295 0.36068013 0.97578025 0.55601275 0.78607327 
-0.74464643 -0.44016773 -0.14535971 0.044162042 -2.483218 -0.40671724 -1.6076844 
1.5469484 -0.21747322 -0.014914328 -0.6451751 0.80558157 0.5996092 -0.33943895 
0.62233585 -0.6987203 2.55642 -0.18557559 -0.12837027 1.7521384 1.2756693 
0.562686 -1.2757323 -1.0970554 0.86222523 -0.70845866 0.7156571 -0.022594998 
0.020762015 1.3235687 0.09353626 -0.551362 2.1084635 -1.0066953 0.12993857 
-0.028440116 -1.1490082 -0.2183823 0.24640156 -0.16777484 -0.4096408 0.4312166 
0.4722273 -1.0117 1.1749938 0.31824407 -0.17804644 -0.15836361 -0.2839921 
-1.1232067 -0.98410654 -0.64143866 1.3008192 -0.6517029 -1.4660528 -0.8520313 
-0.49383372 0.5032702 0.16303678 1.4315462 0.76142377 -1.113829 -0.5397012 
1.3191615 -0.95463735 -0.64576846 0.5908168 2.772398 0.033443354 -0.98793364 
1.3390138 1.0078256 -1.1890278 0.5358031 0.82780606 -0.86784226 1.955645 
0.042678062 -1.278275 -1.8355471 0.33027986 -1.0385764 -1.58512 -0.7057046 
-0.44008386 0.60693 -1.5390705 -1.174552 -0.94144773 -1.2886513 -0.029160222 
1.6832173 -1.2271979 -1.4403307 -0.2586347 0.16713384 1.0988128 1.7772398 
2.6451185 0.14799368 -1.5285028 -1.7721229 0.4060062 0.263476 -0.07147843 
-1.4375767 -0.95532626 0.56150347 -0.42001903 0.8469133 -0.15773217 -0.19057065 
0.9173972 0.45259622 1.780184 -0.18287276 -1.2356838 -0.3568721 0.43101966 
0.8216514 -0.3671056 -1.4222007 1.7048188 1.3767275 -1.5285156 0.55952066 
2.4242241 0.8453252 -1.5299635 -0.22446404 -0.78654104 -0.71679264 -0.34210813 
-1.5229536 -0.6378421 0.9799245 -1.1347531 0.04771512 0.829343 -0.3916702 
-0.17603506 -0.69886553 0.6998406 -0.73019314 -0.17624106 -1.4627783 -0.49041554 
0.6564284 2.2778397 -0.09034114 -0.38076353 -0.7232797 1.1882428 -1.4038608 
0.5661729 0.05797432 0.9979727 -1.6229184 -1.1887423 0.33876306 1.5136732 
0.7284923 -1.6700623 -0.47244677 -0.52060014 1.5955843 -1.5699 -0.7936167 
-1.3792903 4.470783 -0.4337476 0.05682149 -0.20680861 -0.57976896 -1.831411 
-0.43315092 1.0546381 0.6498413 -1.214919 2.490729 0.7902663 0.56428564 
-2.0658698 -0.93254876 -1.2509578 0.9094571 0.8714424 1.7073976 -0.6014986 
-0.068270534 -0.72792983 0.64877105 0.76864684 -0.8094097 -0.31367654 0.2956253 
-0.086953335 1.5701641 -0.19586062 0.10243926 0.3557675 0.088044 -0.9534359 
-1.2019522 1.9115932 1.0374393 1.1412195 -0.014280921 -0.6863405 0.013941122 
-0.4330681 -0.5228392 1.1921258 0.9908235 -0.34531158 -0.85378325 -0.8369287 
0.3835789 0.8057485 -0.2177265 -1.1904886 -1.9991397 0.6014855 1.6188725 
-0.6279761 0.4702981 0.039642677 -1.9978652 0.2860033 -2.1926196 1.3876151 
-0.95207506 -1.1851588 1.2969962 0.24645086 0.888317 1.5634035 -0.49878842 
-0.5757211 -0.1287345 0.03732156 1.1128743 0.5972944 0.15150198 0.5358136 
-2.074019 -1.969314 -0.198683 1.0125387 0.4579861 -0.77959234 -1.017452 
-0.41356778 -0.8933495 0.23722486 0.08792625 0.5742773 0.45854226 0.6282872 
1.295973 -2.182148 -0.7978174 0.16748808 0.36774486 0.15911277 1.0566041 
0.039359957 -0.77527654 -0.7298311 0.83038545 0.4006718 -0.16492742 1.6148007 
0.3185792 -0.791319 -2.65151 -0.29109904 1.7172889 0.38924205 0.025253348 
-2.1190355 2.2996035 -0.17023452 0.04626638 -0.43262333 0.9242388 2.4932635 
-0.49972954 -0.79568994 0.22933717 -1.8007452 0.9308162 0.43785945 1.2720203 
-0.6799065 -0.07763358 1.595197 -0.31708202 0.59977686 -0.19485825 -2.1675055 
-1.1367556 0.19259162 -0.24467559 -0.09935658 1.7362754 -0.38866276 -1.2301859 
1.5428553 -0.040577427 -0.35885373 0.363648 -0.08198784 0.09356591 -0.7735181 
0.32764933 0.31666505 -1.3588367 0.8991976 0.9138001 -0.3922902 -1.8921968 
-0.6994714 0.47425988 0.88136 -0.95518553 0.06446232 -0.91977113 0.52238214 
1.0730056 0.24811666 0.103023976 -0.73822516 -0.3966421 -1.1703106 -0.65063363 
0.8325509 0.81965923 0.34274566 -1.4991885 1.0458816 -0.06792269 1.6543158 
0.34912628 0.88967067 -0.23471396 1.491281 1.0146581 0.5632284 -1.4769552 
0.031193843 0.6220726 1.9858611 -0.13863204 -0.7610854 0.52911353 0.89376855 
0.3277525 1.3499217 0.0857409 0.3932747 -1.1353171 0.9149232 0.13002016 
1.5076959 0.5223138 2.1713152 0.6062047 -0.5577268 -1.2258489 2.1193116 
-0.009005304 0.81886107 -0.030530153 0.8506021 -0.9956166 0.97661424 1.9194016 
0.47107944 1.881067 0.7705922 0.586506 1.0723125 -0.6423734 -0.65575975 
-0.2815876 -1.8535718 -1.2280934 1.6000957 0.12996767 -0.61579067 1.3208625 
0.4465961 -0.24769184 0.46259442 0.39641348 0.028573833 0.6726715 0.117351264 
0.34974387 0.30015445 1.8304038 -1.4015119 -0.5501269 -0.28549954 -2.2843294 
2.38682 1.7177802 -0.8120851 0.5806455 -1.1974615 0.13977814 0.6996058 
0.8712407 1.0821612 -1.8236395 -0.84383285 0.51601976 0.08009523 -0.16982806 
2.0188124 0.1427301 -0.13757078 -1.8522567 -0.9077275 -1.4038557 0.016800309 
-0.50418526 -1.9033295 -0.7181788 0.49303523 1.3204932 -1.5934931 -1.3256454 
-0.037202317 1.3134828 -0.10454975 -0.8596528 0.34418032 -0.07102531 -0.23931904 
-0.9055195 -0.25746903 -1.0256376 0.5056244 -0.023520647 0.43623105 0.106612355 
-1.1190163 1.9860432 -1.5023311 1.0334297 0.24051216 0.012023287 0.7939984 
0.012797643 0.644443 -0.47888508 2.1653452 0.5471677 0.25950006 1.1193428 
-2.3654099 0.009417043 -0.4150364 1.0717678 0.71545875 -0.53210443 -0.04280917 
-1.3128141 1.2126409 1.8875856 -0.06202488 -1.0983301 1.2011375 -0.6423118 
-1.026687 -0.16353533 -0.09969933 0.059154138 -0.4351994 0.23336892 0.3003286 
-1.1647807 -1.1557921 0.42388976 -0.29935783 0.24365143 1.9784442 -1.9226773 
0.4544166 -0.9790914 -1.1010678 0.84815216 0.32677495 -0.68844587 -1.8277302 
1.4318924 0.33355606 -0.59848547 1.1413386 0.7539224 -1.5646206 -0.56949127 
-1.086651 -1.6077242 0.5142591 -0.542537 -1.0862972 0.7416035 1.5390909 
0.27559546 -0.28768942 2.3460462 0.5403729 1.3068731 1.4597914 -1.0675695 
-0.07924143 0.6705985 0.37288737 0.19888176 -1.2346923 -0.2982542 -0.90788084 
1.0182912 -1.1015819 0.17803395 -0.8533966 -0.7788355 -1.6216274 1.2665784 
-0.48567268 -0.67192566 -0.51264155 -0.93449795 -0.4479153 -1.9481535 -0.45230347 
-0.6713854 0.74450964 -0.79396784 -0.8158653 0.83601326 0.9911684 0.8810281 
-0.5425059 -0.98131907 -0.3050954 -0.7750004 -0.02878664 0.8164363 0.9148335 
0.7106686 -1.3827379 0.810729 -0.65038437 -0.34441933 0.026623532 -0.8255652 
-0.36551788 0.35195598 1.8113468 -0.5082984 0.6064495 0.7543318 -0.25180587 
0.28044978 0.8179762 -1.2559015 1.2384479 0.38449734 0.015913146 1.6607885 
0.64028543 -1.466774 0.48261413 0.94959223 -1.1001636 1.2808908 -0.7723722 
0.7176023 0.6460385 1.1992809 -2.320444 0.08782405 0.82399017 -0.3835064 
-2.740323 1.91655 0.06369777 0.17748879 -0.43937376 2.5403876 -0.908149 
-2.8869703 -0.8550627 0.27196193 -0.05647602 1.3208708 0.2668309 0.7851303 
1.236454 -1.3555299 -0.41225368 -0.42035937 -0.55822545 0.11964374 -0.077265926 
0.78693986 0.4592789 -0.3732155 0.7696002 -1.4474474 0.76016694 1.0168936 
1.435671 0.1297393 1.088963 -0.13410878 1.1650084 1.2386208 -0.043932058 
1.2573239 -0.64510703 -0.39686158 2.1644008 0.4908164 0.7426797 1.7712517 
-1.0711154 -0.7839254 -0.46583647 -1.373512 0.232396 -0.15410744 -0.6414188 
-0.7182598 0.58686525 -0.22100171 -0.5661124 -0.8015293 0.1561336 -0.11598267 
1.8868144 -2.3115048 0.26190364 1.4795411 -0.8487327 0.51427424 -1.035664 
0.54912776 0.2951613 2.5021284 -0.5773717 -2.2116654 0.8143893 1.0060027 
-0.0078765545 -1.5273851 -0.1925837 -0.15772827 -0.4663678 -0.10291736 -0.14118288 
-0.7479447 -0.3002799 -0.69810027 0.119691916 0.4000546 0.5973983 0.19378133 
1.5686209 -1.253437 0.34417117 -0.48511025 -0.82369035 -1.6133459 1.5759954 
-0.2531645 0.20497516 0.6215406 -0.7751392 -1.4452869 -2.570236 -0.0013346304 
1.6932797 -1.788116 -0.54176843 -0.19285966 2.3329685 0.36846486 -1.0946852 
-0.6623124 -0.1270122 0.9534107 0.41975686 1.01072 -1.8558917 -1.2128794 
-1.5030658 0.86550707 0.32302442 -0.12929772 -0.87353307 0.9624017 -0.07641715 
0.7765322 -0.6265152 -0.9839878 -0.7263368 -1.733061 1.2971381 -0.5225616 
-0.453207 0.9334489 1.1525925 0.5259316 0.9401594 -0.300751 1.1222636 
-0.26528874 -0.6236817 -0.29758412 -1.2092148 -0.7866685 -0.7449011 1.3214123 
0.39228773 -0.6271884 0.48180506 1.8469312 -0.5389186 -0.896586 0.16964284 
-1.2905493 -0.20515046 -0.62073237 -2.8063233 -1.2762833 1.7008235 -2.4669046 
0.6244542 0.7310559 -0.5167295 0.1731759 0.5328588 1.0355104 -0.70561206 
-0.027569573 -1.2347331 -0.5567801 -0.024792437 1.793716 2.032359 -0.27206734 
-0.2952729 0.0766541 0.46853918 1.9235346 1.6076789 -0.9531567 0.01833157 
1.0847491 -0.66470176 -2.308657 -1.1566243 1.0532919 -1.4775255 -1.372887 
0.04608078 -0.7515668 -0.4975595 -0.24793138 -0.49906266 1.8160369 -2.7001927 
-0.4534855 -0.88647133 -0.076074116 -0.22248258 2.0561507 0.3848145 -0.80902344 
0.24658522 0.2962987 -1.5042765 -0.7205208 2.322988 2.5130253 0.7267392 
-0.37793234 0.6670848 -1.64356 -0.50391734 0.91188985 0.56880987 1.8497139 
0.11146378 -1.2038171 0.13416524 0.32622325 -0.7455669 -0.9932162 1.4772733 
0.98118746 0.3394654 0.025449028 -1.5843982 -1.3442222 -0.4339895 -0.8274874 
0.4092207 -0.14841755 -1.1550848 0.62666154 -0.8103791 1.1753465 2.0302281 
-1.1918856 0.91795343 -1.6847692 -0.57455474 1.1248544 -0.57503057 0.40199575 
-0.25305238 0.19581287 0.922468 0.45586878 -0.7217235 -0.24225056 0.18298559 
0.41073695 -1.2104589 1.4612796 -0.20946026 1.4563793 0.43187603 -0.25605056 
0.43537194 -0.72222626 -0.2889033 0.019567767 -0.16353081 0.67295057 1.2105057 
0.07003151 -0.39843422 -0.020563552 0.30874413 0.20396586 -0.6856203 1.7301894 
-0.5009519 2.9629443 -0.5319783 0.49747732 -0.18107092 0.48681638 -0.1708318 
0.07149236 0.19736363 0.11752536 0.2497916 -0.03276813 -0.67206645 0.088658705 
-0.019144803 2.1062443 -0.010980283 -0.09868121 0.22939669 0.90055126 0.48355594 
-1.3444505 -0.12633751 0.47679272 1.4231902 -1.7806929 0.24126257 -0.28475028 
1.5838162 -0.32703298 -0.8846166 0.53388536 -0.44159013 -0.25975996 1.188569 
1.3157918 1.5129173 0.31929138 -0.7663504 0.46886772 0.36285913 -0.3992257 
-2.1093502 -0.8964989 -0.24240375 -0.122358434 0.28671926 0.82350725 -0.051690537 
0.6269806 -1.14119 -1.097461 -0.5892297 1.5728782 0.22308853 0.73095196 
-0.6045851 0.99855 0.24737212 -2.3173037 1.4814502 -0.7114229 -1.7465403 
-0.3734488 0.65113723 0.4161214 -0.5396674 2.1630785 0.3526154 1.5067348 
-0.089645505 -1.4713159 0.20557857 0.7715539 -0.1605014 -0.6314152 -0.8286973 
-0.28856015 -0.88533103 0.25026727 0.56607664 0.5445149 2.7415674 1.1497375 
-1.6208168 1.5590967 -1.5060405 -1.1409616 -0.33907706 0.8371698 0.44208643 
0.5130609 1.5216498 -1.4114801 -0.46005458 -0.27551484 -0.2697149 1.7178347 
-1.0026854 -0.81295013 -0.4124919 -0.054602046 0.79972374 -0.4215164 1.2841297 
-0.3409121 -0.40164337 -0.34353912 0.8115402 -0.8106847 0.3900485 0.07044017 
-0.91950977 -1.3105017 0.26453674 -1.0022005 2.1579971 0.27276587 1.4539996 
0.2671251 -0.47498053 -1.1468165 0.5196612 -0.56559134 -0.38371813 -0.057599653 
-0.84490925 0.26754713 -0.32654542 -0.60348666 0.037479512 -0.32866853 0.30046102 
-0.56951296 -1.3823777 0.290227 -0.57172036 0.5374995 -0.2913907 -1.6285037 
-0.23017348 0.4941016 0.89034265 -1.0300016 1.1844409 0.20158981 -0.36403114 
0.6796883 -1.3238248 -1.2983619 1.8095049 0.70093954 1.3005182 -1.924232 
0.69392043 0.57900447 -1.8877168 0.504669 -1.1741711 -0.30353102 0.42403665 
0.8882186 -0.2956462 -0.69324934 0.36889312 0.53848493 1.6569278 0.8360177 
-0.41006723 -0.1292323 -0.044170298 -0.0033788735 -0.9362654 -1.0106331 -0.1707889 
1.0391699 0.5185673 -0.7921937 -0.004090974 -0.093044914 1.5249336 -1.0900961 
1.2065855 1.7727954 1.7183683 1.4557672 0.26573813 -0.043383528 0.60143405 
1.09607 -1.166371 -0.9693167 0.3901461 -0.8001491 0.12181922 1.0406454 
0.9860734 -0.044708237 1.425529 -0.30296174 1.3941147 -0.87322885 -2.043034 
-0.70729905 0.35403225 0.8048466 0.88747174 -0.45665997 -1.1128168 -0.03855789 
-0.41925463 0.9783407 1.7525373 0.31768802 -0.4883139 0.13294539 0.093115814 
0.528609 -0.915729 -0.2444447 -1.3370355 0.7357702 0.7806076 -1.4007295 
0.18568654 -0.14840038 -1.3275808 0.87572193 1.562081 -1.3355558 0.043629784 
-0.50901496 1.6289649 0.41254202 -1.2871497 2.070303 -0.2295327 -1.3457744 
-0.29489145 -0.8071076 0.0113656735 -0.025352148 -1.9210935 -0.9192778 0.9866295 
-1.567416 -0.4482963 0.074450046 1.8372808 -1.993977 1.94786 0.99947494 
-2.7016609 -1.0298294 2.8429987 -0.70753074 -1.082593 1.0912346 -0.7843274 
-1.1720415 -0.61943525 -0.42564985 -1.6161507 -0.31764883 -0.79082525 0.89919865 
-1.0342681 -0.3759932 0.7186984 -0.20663469 0.0689202 0.6004777 1.0923866 
0.85773236 0.99081296 0.35006705 0.40451455 0.38193375 -0.79264957 0.44164103 
0.41731176 0.26273918 -0.27901214 -1.4297019 0.9388799 -0.83320165 0.8091395 
-1.25555 0.7825293 -1.6943176 0.6428213 1.286728 0.7866817 -0.47804222 
2.901183 0.36733425 0.49971592 0.019257596 0.17863251 -2.189233 -0.5922453 
0.42730653 0.41773328 0.3647485 -0.15393855 0.7065545 0.27400637 1.4707 
-1.2557677 -2.5086246 1.6256965 -0.79055065 -0.14442785 -0.16588464 0.7898527 
0.2977191 1.1251129 1.8443397 1.5467448 1.1128755 0.8069403 -0.2779416 
0.27405074 -0.18603297 0.09515978 1.1952531 0.30779463 0.111222595 -1.4866195 
1.1099865 -0.71880835 -0.20032272 -1.1067948 0.5858423 -0.19547498 -0.11130216 
0.43872476 0.10385783 1.6884797 -0.61631024 -2.4837751 1.201455 1.4619143 
1.2232744 -1.1682727 2.167954 -0.7389619 -0.56668687 0.32716218 -0.47282308 
-1.7349795 1.0246302 1.6290371 -0.28001598 -2.052583 1.4465288 -0.21607648 
0.8215973 1.37607 0.79651827 -0.89789 0.79888237 0.9350858 1.2074609 
1.4387612 0.600101 -0.9462694 0.5912109 1.0142908 -1.0325569 -1.1675743 
1.2776252 2.1365712 -1.2027773 0.9020507 -0.106073245 0.022162212 1.2095835 
-0.7794771 0.23197176 0.34008348 0.4054983 0.6996256 1.8773339 -0.53598666 
-0.5566297 -0.21103433 -0.0765376 -0.4782989 1.0432422 0.40255886 -0.2984776 
-1.0723523 -1.3541296 0.9214102 1.2533035 0.33729717 -0.18310659 0.6083894 
-0.79059803 -2.3037288 0.64800227 0.8025257 0.78767127 -0.15963198 -0.030653048 
0.15104572 0.3773296 1.2728422 -0.8802867 0.7353357 -0.73524 -0.47780254 
0.27166495 0.3888948 -1.3443645 0.025603814 0.7703929 0.6910672 1.480661 
-1.3098634 0.9561042 -0.22715603 -0.13155961 -0.13514656 -0.4092366 1.1832082 
0.59517604 -0.792793 0.64500237 0.8231369 -0.3748918 -0.024441365 0.7630681 
-1.0659848 0.15982974 1.4455013 0.47138965 -0.012684401 0.9744293 0.23833331 
-1.175485 -0.49321848 1.560798 -0.3301348 -0.3593547 -0.3976713 0.30896923 
-1.0090586 -0.6287658 1.3945892 -1.1247953 0.6870067 -0.34657934 1.4549627 
0.081480116 0.54900974 0.434093 -1.8795216 -0.41444674 -1.8200723 -0.9809144 
-0.44939616 0.2653337 1.2555293 1.3850796 -0.62770694 2.4355998 -0.50382656 
-1.548867 -0.92293686 1.9670202 -0.60344094 -0.1423842 -1.4765569 -0.7498019 
-0.095894255 1.2130924 -0.31489512 -1.9020994 -0.119060405 -0.04577882 0.23347539 
-0.032409262 0.6519978 -0.33769393 -1.8887576 -1.5607915 -0.5967641 0.4239932 
-0.5496992 0.74133915 0.12919189 0.21280849 0.5567402 -0.3788587 -0.18380874 
0.5022363 -2.177021 0.6973 -1.6466343 -0.2150667 -1.2489421 -1.479889 
-1.2908453 -0.11879661 0.9626343 0.096086144 2.1046085 1.97917 1.8987668 
-0.5067794 -1.1792325 0.6055641 1.5019065 0.5143521 -1.7030166 0.80780303 
-0.28688177 -0.117432214 0.48370716 0.6486863 0.5196566 -0.19289422 -0.4939772 
0.86520565 1.4652913 -0.58543205 -0.6739455 -0.8558508 0.23019002 0.07521889 
-1.8315923 0.4254149 0.5907222 0.13818146 1.5716655 2.0025725 2.409524 
-0.33858958 0.6513538 1.1276329 -1.0623983 0.45587754 1.3695027 -2.2445393 
0.48315823 -1.5218651 1.7864517 -0.7154646 -0.5923802 0.06743216 -1.6402111 
-1.2070898 1.773664 0.2171572 0.18878345 0.1931546 -1.1047119 0.58285564 
-1.1404729 0.61891866 -0.4435341 -0.81095546 -1.3536488 0.21067938 0.66073924 
-1.1364204 -0.034657605 -1.0500135 1.5425825 -0.38353705 -0.13961984 -1.413936 
0.17750399 -0.2437833 -1.7890586 0.03642942 0.32707304 -0.1181011 -0.666972 
0.46991247 -1.0456729 1.1147963 -0.08390035 0.5712988 0.27084532 -1.1968708 
0.16311686 2.6428611 -0.17681016 1.6720704 -1.1483983 -0.97809625 -0.64769995 
1.0053302 0.26306632 0.7064205 -2.3070655 0.29826266 0.9778528 1.7846389 
1.7087058 1.4972576 -2.120169 0.2088619 0.3322869 0.35979298 -1.7145952 
-0.5910026 1.4982772 -0.6853818 -0.47804305 0.7234844 0.13607258 -0.64543986 
0.41994217 -0.527153 0.3526563 -1.764989 -1.2361574 -0.19358453 -0.57039213 
1.3155007 -0.64496416 -1.0484029 -1.0522175 1.3398421 1.1617854 -0.44662416 
-0.34269744 1.0011991 0.23072502 1.7659354 1.1473708 -0.6038322 0.8748786 
-1.4401245 1.228416 -1.6626407 1.1059467 1.8802049 0.08840819 0.9449762 
-0.52842915 -0.09898009 -0.89103705 1.0321852 -0.14407298 -0.8130636 -0.12593046 
0.5490542 -0.40293944 0.75322926 -1.3991547 0.32039902 1.8981277 0.02788346 
-1.6240629 -0.28479487 1.1579622 -0.84813035 0.8719615 1.135748 -0.2810525 
-0.11188133 1.2499274 3.4594882 1.344876 0.6363046 0.19423714 0.07738675 
0.4419276 0.009626323 -0.26383045 -0.25193262 -0.7299572 -0.7106085 -0.696678 
0.18543968 0.59851104 -1.1756248 0.7856986 -1.3702513 -0.31793267 -0.6683202 
-0.02581659 0.7518069 -0.7386883 2.125203 2.0750954 -0.3246854 1.0464151 
0.2489015 -0.745541 0.72766674 -0.27118582 -0.24927899 0.85682136 1.2472596 
0.26536337 0.71828675 0.84377474 1.0849121 -0.687935 -0.31330007 -0.8949861 
-0.45271254 -0.083880134 0.34046403 -0.5555872 -0.63793826 0.10458259 -0.87398505 
0.5953834 0.72208446 -0.936342 0.60638 -0.28455317 0.54468286 -1.0850255 
-0.489375 1.3456209 0.35256803 1.556949 -1.1757989 -2.285122 0.48337382 
0.4472408 1.0418315 -1.7981799 0.31292543 1.8008617 0.043143716 0.28904778 
1.1921387 -0.21699116 -0.51708317 -0.23014292 0.06881887 -0.13535962 0.28125036 
1.0902522 -0.56077707 -0.20657595 0.27218488 0.6087251 0.74601716 1.3930235 
-0.15031694 -0.8222775 -0.98456895 -1.8536522 1.7655762 -1.6055343 1.5416039 
1.0706979 -0.9815391 -0.5962205 -1.8052619 2.2820756 0.7876575 0.6849811 
1.0635043 0.5244302 -0.9373864 -1.1818558 -1.0185524 1.9491608 -0.92675406 
-0.3873951 1.2259854 -0.779104 0.50733316 0.5264562 -0.15243654 0.1042802 
-1.2138798 -1.0388016 1.5008193 -0.08612621 -0.49918514 -0.7660096 -0.13543083 
-0.81474644 0.5440183 0.79607075 0.06350021 0.023717726 0.24327001 -1.8380435 
-1.4036431 0.48528427 -0.77506477 1.5442824 -0.21328211 -0.066619195 0.91109824 
-0.9057444 -1.1265732 1.2564188 1.482153 0.22879046 0.8746989 -0.20924106 
-0.24131994 -1.0485905 0.35591543 0.076247275 -0.4225773 1.1475337 0.5058309 
0.79460716 -0.14381231 0.93893796 0.023176327 -0.6477578 1.64135 0.3958871 
-1.4455702 1.1826848 0.27886546 -0.43572983 -0.40682918 1.6298859 -0.9341769 
1.2646973 0.70473427 0.06360582 -0.7842391 1.0439937 -0.3572581 -1.6674967 
0.45215112 1.6134323 -1.4178939 1.1421568 -0.48322558 -0.16754466 -1.50055 
1.3353834 -0.62404054 -0.4439479 -0.3605743 -1.0622638 -0.5035839 0.056397773 
0.68231165 0.013995261 2.6876788 0.6681589 0.8708106 1.8206377 -0.9238483 
-1.409715 -1.7528466 1.0775181 0.2036476 0.92394966 0.8161001 1.9344541 
-0.016689144 0.122441314 -0.85375035 -1.8000356 0.41091248 -0.787813 0.287724 
0.3909488 -1.4504483 1.1258832 -1.5675316 -2.4981081 -0.038216352 -0.9162918 
-2.1878295 -0.33411896 0.613323 -0.78367263 -0.4640679 -0.12746105 1.119873 
-0.15564775 0.057707023 0.22874874 -2.7740564 2.5350673 0.8312922 0.7822123 
1.3601215 0.08502261 -0.13323335 -1.0396026 -0.83875227 -1.1814624 0.01897804 
0.024173673 -1.5765927 0.46155122 -0.13140571 -0.49859527 -0.5763901 1.124473 
-1.5330101 -0.45466003 -0.8963011 0.2557303 0.43034258 -2.1869543 0.2815534 
-1.2951196 1.0634892 -0.1846879 0.02548177 0.4807293 0.0061262427 0.792585 
-2.351723 0.46588963 -0.09293642 0.9625581 0.15512098 0.28039226 -0.9846655 
1.0550443 0.84717005 -1.7209865 0.31044018 2.9145892 -0.123255335 -1.2923669 
0.5850092 -0.88417745 1.4023964 -0.13910255 1.6202385 0.8024679 0.8522334 
1.1635851 -0.83383733 -0.60158896 -0.13217878 0.974333 -0.49550694 0.1877912 
0.38675085 0.47412533 -1.4268752 1.2924393 0.056146726 -0.9612284 0.3351076 
-2.6023405 0.5719557 -0.7197962 1.3495502 0.8397794 -0.13897873 -0.75855947 
0.124571934 -2.1244721 -1.0113868 -0.28081653 -0.12258031 -0.49979386 0.413064 
1.0298288 -1.8402019 -0.34800878 1.0022305 -0.24764365 -0.9679876 0.41050315 
-1.0744493 -0.26571274 -0.4866033 0.46587956 0.34089667 -0.1794416 0.34195644 
1.5660892 3.1120975 -0.88647383 1.9335045 -0.9778318 -0.7259489 1.1913066 
-0.41084254 0.75974673 0.42305878 -0.16254804 -0.6238029 -0.7165016 0.896927 
0.1629854 -0.32540488 -1.0844145 0.64759284 1.3547812 -0.7273571 2.8176308 
0.48075253 1.1194105 0.18297063 -1.3465726 -1.3875085 0.027434742 0.13964655 
0.52269274 1.1423166 1.5978874 1.3809104 0.144722 -2.3985868 -1.2198027 
0.17374673 1.5541414 1.0317442 -0.37582648 1.4274805 -0.83108944 1.0426629 
-1.1954712 0.020473475 0.6235341 -1.669019 -0.13877557 0.5905725 -0.05313672 
0.81066614 -1.2559274 0.5406945 1.0677294 0.24751578 -0.15447438 -0.0087017715 
0.4537993 -0.26679638 -1.4183272 0.89545757 1.2721761 0.10770174 -0.83362156 
-0.7092625 0.89531296 0.24131252 -0.45474774 0.40698949 0.5280141 0.7067323 
-0.9197669 -1.6615894 0.9545155 0.91429543 1.301466 -1.0390087 -0.4234294 
1.3106824 1.2905142 -0.40293446 -0.87819475 -1.5180715 -1.670043 0.049031127 
-0.39897504 0.2379021 0.9645124 -0.109393954 -1.4796075 0.35704896 -0.5435989 
0.34757957 -0.4684292 -0.39677554 -1.4518218 -1.3773506 0.33115327 0.3941238 
-0.6136011 1.9588964 -1.2465018 -0.27639169 0.8765183 0.07938296 -0.19348316 
1.289679 1.1117569 0.20961064 0.8362308 -0.120999 -1.3406551 0.41040337 
1.2638258 0.6107043 -0.2911795 0.8872778 -0.14547102 0.723003 -0.31181324 
0.59745866 0.291976 -1.1369925 1.0187228 1.5619984 0.65762186 1.2704304 
-0.7915119 0.45193696 -1.8169891 0.18418244 1.1410855 0.39394277 1.9447858 
1.25665 -0.08386718 -0.16701308 -1.3323088 0.7833774 -0.118947014 -2.1744642 
-0.64248854 -0.1403226 1.1815912 0.7313064 1.4724624 -0.42626742 0.36209488 
0.75778747 0.78885835 0.2985136 0.6780906 -1.6360677 0.52875656 0.69592446 
0.77854633 -1.7396785 0.00604019 0.89125377 1.0368133 -1.2975817 0.3878272 
0.8105781 0.51808405 -0.539556 -0.056732092 0.31155 1.7878202 -0.6609828 
-0.35787278 -1.1503814 -0.5019603 1.1214068 0.8533744 1.4530832 -1.5798162 
0.455649 1.2715576 -0.63137335 0.48043814 -1.2475898 -0.010841862 0.14240725 
-0.6340862 0.7471905 -1.3418717 -0.9153331 -0.43201795 2.1872475 -0.637164 
