0.578052 1.878241 -0.21074118 0.3999677 -0.094991304 0.3054187 -0.48959193 0.47627476 
0.8181296 0.8162982 1.0874168 -0.2191529 1.2047118 0.8886283 -1.1699878 0.500306 
-0.26239508 -0.5681899 1.241629 0.8095682 0.6727293 0.8390314 -0.14342915 -0.5266699 
1.2692975 0.11653627 -0.6536994 -0.04668009 -0.4291451 1.0502526 -0.67368525 0.5593332 
-2.2060902 -0.7252321 0.48084956 -0.25044432 0.7988586 -1.7260083 0.65822756 -0.0130342115 
0.3122161 -0.40087458 1.1629943 1.3265007 -0.2148009 -0.5065294 0.27382174 -0.24268697 
0.5670424 -0.87179977 1.9598769 -1.9899263 -0.33115143 -0.27817667 0.1801955 -0.112522095 
1.5382669 -0.99843353 0.30095443 0.44999635 -1.0390898 -0.8495574 -1.102455 -0.057665132 
-0.25543654 1.7397765 -0.21531512 0.9682996 0.18854652 0.37034136 2.4937932 -1.0595315 
-1.4948864 -0.6175588 -1.6666069 0.5910227 -0.038875382 -0.5063339 1.5210775 -0.55689764 
1.7387755 1.1016805 0.58996236 -0.13239232 -0.35210064 0.79912484 0.48435986 -0.8100665 
-1.3144089 0.25675127 -0.03819074 1.0242854 1.6278701 0.32289726 -1.30446 0.398146 
-0.34564257 0.0123862205 -1.6441402 -0.28018567 -0.4875131 0.3286704 1.5695667 0.27023056 
3.240171 0.7128457 0.20224957 0.17511825 0.80857646 0.053743646 -0.49725708 -0.863552 
-0.924456 0.74007875 -0.47066006 -0.64567465 -0.017499894 1.32351 0.35561758 -0.38807902 
1.6823477 0.44141522 -0.12969548 -1.982785 1.4803934 -0.31549346 1.5537289 1.9920669 
-0.14310361 -0.272096 -0.54507196 1.9100206 2.0417278 -1.209001 1.4955579 -0.91327524 
-0.6748903 1.1162616 -1.8755648 -1.6812618 -1.5584179 0.12858738 0.7226804 -1.1966542 
-0.17434669 -1.0697337 1.3458856 0.21497393 -0.26953483 -0.7588748 1.3073677 -0.65103525 
-0.71294373 -0.33632973 2.1662533 -0.6765995 0.11690998 -1.284293 0.4882414 -0.28989467 
1.581142 0.23591182 -0.4788573 1.3628689 0.9648399 1.9271046 -1.1470236 0.5150489 
0.3136369 2.0310004 -0.70111704 0.63097227 -0.6110327 0.11210304 0.62006307 0.79710084 
1.9320911 -1.3146887 -1.3355443 0.9768059 1.264694 -0.39327112 1.5110929 0.7070386 
1.1362541 0.6480062 -0.018050205 -0.29333702 1.3213693 -1.3387357 0.050131984 1.435943 
0.20167907 0.2360837 -0.5953771 0.47107393 -1.7283082 -0.07190482 -0.86606324 1.9119205 
-0.27869636 0.46785742 -0.38686037 1.6195939 -1.596878 -1.2887044 1.6304884 -0.969093 
-0.9346411 0.1913803 1.2937974 -1.3336542 -1.8557694 1.736985 0.81710434 0.5784359 
-0.00856851 1.1492426 0.10010561 1.4375925 1.0639694 -0.97361547 -0.56092453 -0.2798986 
-1.1830137 1.9372351 -0.7601811 0.96161497 -0.68581504 1.8749301 -0.66537744 -0.5603684 
1.5298507 1.7128351 -0.66185105 -0.10649724 -0.45515093 1.3982468 -0.4198328 0.5309844 
1.4023807 0.35121223 1.6903905 -1.0578337 -1.1746981 -0.9436641 -1.8746514 -0.2682728 
-0.11605993 0.6082297 -0.55127084 -1.759461 -2.0228264 0.9264883 1.1401056 -0.218756 
0.9938426 -0.9643276 -0.8238707 0.41762313 0.03781942 -0.3127184 -1.0640405 -1.5124427 
1.0140477 0.43807888 -0.86507916 0.98804873 -0.41470796 1.1620371 0.2835228 -0.53864634 
0.5810294 -0.39767224 0.41177946 -0.35351616 -1.1352482 1.141043 -2.2145429 -1.2420595 
0.6131023 -1.0840162 -0.37902153 -0.6077609 0.5194639 -1.6393666 0.6673802 -0.50402665 
-0.15899658 1.1490897 0.39407068 1.9059346 0.6651253 -0.029184604 -0.29187778 -0.37292126 
-0.36223587 -0.3527821 0.1091475 2.1301277 -0.85727775 -2.06138 0.016996913 1.926789 
0.2261248 -0.13005786 2.4510071 1.0956026 0.056550484 0.32286972 1.82767 0.07483718 
1.0002993 -1.48372 -1.8894924 1.0758632 -0.64993495 -1.9095873 0.6561716 0.09851806 
-0.30495146 -0.542387 -0.06940558 0.1812772 -0.0027078472 -1.0050565 -0.16838194 0.17507733 
-0.6260022 0.78595537 -0.2961852 0.024781255 0.38053203 -2.1304247 1.2627151 1.226865 
-0.7321027 1.4280809 0.73392004 -0.6249219 0.871636 0.8870511 -1.1667641 -0.2966233 
-0.44415453 -0.7407805 0.45826146 0.83468276 0.32405853 0.10776892 -0.10731088 0.6867405 
-0.028227566 0.09202239 0.40433586 -0.8687962 -2.2987025 0.7547887 -0.6506174 0.022315526 
0.93072665 0.22613557 0.68489563 -0.21476711 0.3337929 0.28397304 -0.39592 -1.1900277 
-0.3778196 -0.99619037 0.6697928 -0.24046637 -0.38014743 -1.1376364 0.76536274 0.06575603 
-2.1706429 1.1546906 -0.23354164 -0.9238407 -0.1899088 -1.3468765 -0.44206518 0.9051613 
-0.90810305 -0.6036236 1.0838766 0.59578097 -1.6924591 -1.2469797 -0.6304608 -1.0231988 
0.8598163 0.5511012 0.29175282 1.6735533 -0.42184198 0.26088658 0.8553503 1.0949476 
-0.43839094 -1.2669373 0.65418065 -0.25228003 -0.7743828 -1.0789795 0.08776938 -0.34532508 
-1.8120017 1.5434873 -0.59909713 1.0530049 -0.27019683 1.7588528 -0.8734291 0.6898769 
0.31271496 1.8274252 -0.26445585 0.7525998 -0.50940335 -0.36858207 0.4994853 1.4054157 
-1.1492472 1.9057082 -0.8859834 0.37186044 -0.15385947 1.4499772 -0.40226173 -0.90972143 
0.90148866 0.648501 2.351243 1.4598479 0.15348265 0.34441903 0.15644577 1.0289004 
1.1074394 -1.0523874 0.14769882 -0.7709644 1.5342438 0.6899947 1.2246305 0.5269532 
-0.18122001 1.451648 -1.9249998 2.4640286 1.3825781 0.6270739 1.0117973 0.6380666 
-0.988428 -1.1366664 0.93906265 0.71670663 0.01828309 0.03850439 0.6476372 2.0189567 
-0.4825795 0.3444229 -0.600767 1.3672049 -0.41890755 0.3415278 -1.5044998 -0.96163625 
0.92331606 1.2646834 -1.4124559 0.48081034 -0.22735667 -0.512616 -0.0639168 -0.3879596 
0.29296193 -1.1000408 -0.64822173 -1.0121609 -0.9009933 2.624874 0.36277872 -0.9069523 
-0.3724953 -1.170171 -0.6501285 1.356501 0.46648872 -0.3562872 -0.03154675 0.20834276 
-0.124930725 0.0727077 0.8882017 -0.15284187 1.5927628 -1.1396942 -0.6445561 -1.0053025 
2.0921178 0.16859463 0.10134891 -2.0810425 0.3249563 0.6889038 0.68277496 -1.5567731 
0.043762818 0.8126475 -0.79268116 0.32333508 -0.11394009 0.01143054 0.43127322 -1.1465747 
-0.7381431 0.66216165 -1.2346833 1.0580386 -0.8834394 0.770471 -0.9443026 0.74530447 
-1.4201754 0.64968926 0.3086183 1.1205792 -0.38161778 0.023472674 -0.6490357 -0.5480822 
0.049542088 0.8335691 -0.48040873 -0.6869412 0.86413085 0.48682097 -2.3883657 -0.013844128 
1.6351881 1.1656461 -0.10619302 1.6454697 0.28526217 -0.013267719 -1.251826 0.14084208 
-1.2134238 -0.1394724 -2.7907202 0.080323115 2.124865 -1.2359492 -1.4056371 0.07697979 
1.1011488 -1.1212796 -0.3733784 -1.471776 -0.73086554 0.92457116 1.54993 0.9103666 
0.103296906 -0.74269754 0.9415587 0.73499596 -0.00238062 0.64933515 -1.1587638 -1.4624072 
-0.68629086 0.7503562 0.35639077 -1.3718381 0.8461846 -0.024694316 1.132465 0.8875081 
1.6180873 1.4075625 -1.2457604 0.7088598 -0.70453376 -0.47886032 0.18249182 -0.64381677 
1.924601 -0.29607576 0.9945533 0.31773826 0.24085326 0.81747806 -1.0554098 0.28824353 
-0.53397804 1.8480221 0.7289536 -1.000073 0.84292185 0.77208465 -0.44435316 0.69101596 
0.20627317 -0.4473818 -0.39288688 -0.03885877 -0.67494494 -0.68917114 -0.61519873 0.99272925 
-0.8199527 -0.012056848 -0.024022242 -0.10824299 -0.1376217 -0.557345 -1.4510386 -0.9366948 
0.46243206 2.997209 -0.716039 -0.36853114 -1.1161983 -0.7239782 1.0743952 -0.57119346 
-0.37895188 -0.58129 -0.65398973 -0.78228945 0.5229049 1.2512376 0.09591226 -0.14793211 
0.21240255 0.28114083 0.5119635 -0.6676813 -0.3990148 0.43305144 0.28659624 2.5515575 
0.46402723 0.26878387 -1.2616992 0.88010466 0.68826455 -1.6442224 -0.4779272 -0.17024301 
0.8918207 -0.82258606 0.20696357 -0.27446836 -0.41155803 -0.16803843 1.9701794 1.3637441 
-0.22139981 0.5210092 -0.91212857 0.13397843 -0.42541164 -0.7512228 1.6073624 -0.10586807 
-1.8515373 2.1525283 1.4556552 -0.26099163 -0.7261638 -1.3835003 1.4523853 0.06889338 
1.6058583 -1.0358292 0.6326178 0.20725267 -1.4158621 -0.5940725 0.25391987 1.0457088 
2.0276105 -1.8134135 0.05925472 0.7589169 -0.98663527 -0.4899821 -0.013325883 -0.043699797 
0.19531819 0.48019677 -0.55548054 0.28504074 0.5952599 -0.3477251 0.87869424 -0.7614631 
0.74956065 0.77054137 -0.9033149 0.89281684 -1.47241 0.82020867 0.83608764 -1.067888 
0.8478859 0.415271 -1.7911514 0.5038454 0.4338143 -1.0060945 -0.551805 -0.31318796 
0.69403213 0.13732058 1.081857 -0.6792041 -0.8951686 -0.24656317 1.2049317 0.84266156 
-2.327514 1.3957977 1.5969682 0.9771626 -0.08206956 0.57464755 -1.9032313 -0.49416927 
1.4422294 -1.1131576 -0.6568453 0.12599382 -0.58433133 -1.2957984 0.5784555 1.8670789 
1.1956222 -1.3366314 1.4845695 -0.63537115 0.12903522 1.7564605 -0.17813323 0.18307866 
1.4323678 -0.16446827 0.18977977 0.05595878 2.0865335 1.1066037 -0.05247661 -0.13896851 
-0.4219452 0.48366815 0.3357878 0.7421782 -0.5440018 1.4507135 1.7547235 -1.8437271 
-0.35331982 -1.7940626 -1.1861731 0.57056165 1.513904 0.65345395 1.2198367 -0.55159914 
0.13571167 -0.56542706 1.9585042 -0.31591767 -0.48789203 1.264197 -0.2698022 0.13984884 
-0.11236564 -1.0193048 -1.6505508 0.32721645 0.28335372 0.56404495 -1.9187899 -0.4817701 
-0.2946889 -0.10683948 -0.81544036 1.4867631 -0.08682458 0.1993906 1.0312426 -0.5967551 
0.3328565 -0.8861022 0.54474944 1.0135506 1.4796627 0.6691288 0.75659704 1.6609435 
0.8576479 0.5181748 -0.02817114 -0.8868805 0.556059 -1.7240556 0.72376484 -1.0155268 
-1.5919452 -0.00592705 -2.7426646 -0.106512666 0.42577428 0.6827802 0.06757585 0.34584326 
-0.03617297 -1.4907241 -0.11332016 -0.08487665 -0.08381845 -0.8532575 -1.0522189 0.44820938 
0.5407228 1.0398147 1.163415 -0.5670666 1.3640063 -0.519723 0.29934406 -0.15807822 
1.6276026 0.7644023 -0.5053579 -1.723103 -0.47348744 -0.6515586 -0.558166 0.44165826 
-0.71891356 0.41106048 1.4958256 -1.2937219 1.0490228 -0.397875 0.36792058 1.1883736 
0.21247406 0.7121397 -0.14567183 1.0305963 1.5017118 -0.12162106 0.27634493 1.4162369 
-0.31652763 -2.0225933 0.11497556 1.2447605 0.35566017 -0.7459518 0.5935068 0.52971107 
-0.029003125 -0.15779771 0.44715694 -0.45899922 0.77531284 0.25485468 2.1493325 -2.193442 
-0.62895006 1.0568091 -0.7461171 0.3257871 0.3313811 0.98394614 1.337479 -1.5465355 
0.54763573 -0.019617347 0.021812975 0.57697505 -1.2733456 0.5510333 0.3839076 -1.9899638 
0.3957106 -0.25876123 -1.1854534 -0.7953878 0.6815376 0.8383919 -2.564962 -1.9114145 
-0.98835075 0.90423334 -0.54428536 -0.11224931 0.21900876 -0.89270717 0.6685431 0.11550806 
0.008989446 -0.77252436 -1.0167418 1.5948622 1.2756163 -2.8286333 -0.17904572 0.14556462 
0.33557475 0.7648778 0.4089847 -0.2437797 -0.34704822 1.1234245 1.6358593 -0.21547012 
-0.11254474 1.3251927 0.5549855 2.3938909 0.9225137 -0.38336015 0.19786684 0.36876118 
-0.7719324 -0.3341024 0.006351435 0.026830621 -1.8093019 0.359212 -2.1013873 -1.2616736 
-0.8545694 -1.3761348 0.18054703 -0.87317467 -0.51995295 -1.7798058 -0.73364246 0.56536096 
0.43400967 -1.0079882 0.5324428 0.5611503 -0.3965195 -0.54389745 -0.54981625 -0.33014122 
0.094691075 -0.5154343 -0.890801 -1.1797253 -1.5290456 -0.6258809 -1.0546426 -0.053742807 
0.4354438 -0.76624024 0.6243441 0.042147428 -0.41593885 0.13849583 0.6149753 1.6570158 
1.421822 0.32235965 -0.0855245 -0.48564819 0.10490315 0.8109264 -0.012857322 -0.77228165 
-0.674477 1.0335016 -0.121148445 -0.5370178 2.104725 1.3761542 -0.78010285 -0.27808383 
1.2528075 -1.5103188 -1.2097955 0.045367707 -0.6867297 -0.4597835 0.003910718 2.3246436 
-0.8719426 1.1371427 1.208267 0.83704597 1.3053178 0.04171608 -0.30767933 -0.27712464 
-0.5264396 -0.8018966 0.97793454 -1.155283 1.4921466 -0.70841366 -1.9595171 0.2812863 
-0.23043863 1.029851 0.3987336 -0.31811363 -0.19488065 -0.50772536 -0.017132793 -0.36383563 
0.8110854 2.033722 0.874383 -1.4728471 -0.0061378633 1.5612539 -1.0999153 -0.28542733 
0.44399744 -0.21814837 -0.79946786 -2.1872923 0.59736735 1.5382107 1.1961749 0.18806316 
0.6463335 -1.2183164 -2.3156085 -0.18704607 0.6304458 -1.6955029 -0.04044151 -0.4255172 
-0.20768316 -0.35584646 1.2255363 0.99919105 1.779568 0.4292517 -0.84612423 0.20734534 
-0.25965557 1.1747211 1.2981015 0.39644036 0.77605355 -1.1328443 -0.43131658 0.9149247 
-2.5991185 0.14297731 0.19142468 1.9987115 0.0017325204 -0.389725 -0.63241667 -1.0073711 
1.7779506 2.1230206 -1.3685118 0.060313128 0.54372746 1.3975728 -0.8322993 -0.19412649 
-0.1513094 2.5911071 0.2553868 0.00046789055 1.8629731 -0.2145337 0.12413903 1.2375001 
-2.286669 -1.0231653 0.638566 -0.64113593 0.81622106 -0.28257048 -1.4084857 0.35092175 
1.1732064 -0.72020775 2.1008909 0.70788574 -0.6199297 -1.7055628 0.90393424 0.23436458 
-1.9008758 -0.46311444 -0.08713444 -0.13547492 -0.5643553 0.33130354 0.97325444 0.46009746 
-0.730347 -1.1261153 0.29508993 -0.9907944 -0.7710342 -0.14853914 -1.0614614 0.16488248 
0.62390137 0.12004592 1.6760017 1.9168832 1.1074106 -0.6919742 -0.7142132 0.23321925 
0.89160883 2.1032438 1.0431315 -1.5916929 1.3173242 -0.9493365 -1.562408 -0.50151163 
0.8643832 1.239826 0.7136491 -0.24279347 0.5749709 0.11579767 0.41266096 0.22539827 
-0.35959044 -1.082479 0.45427456 0.45681933 -1.9713563 1.0425022 0.7400459 -0.67609286 
-0.15440933 -0.5573285 -1.2140161 -1.3842547 -0.3326078 0.20378906 0.35053048 -0.3137297 
1.4049541 0.49897745 1.1611078 -0.10646986 -0.38791838 -0.5983497 -2.5651262 0.9266044 
1.3784922 0.8938172 0.8984809 -1.5204556 0.932693 0.15117688 -0.9294613 0.27210385 
-0.8131544 1.6029983 -0.17247583 1.6223515 0.89943755 -1.2736995 -0.20213981 -0.028226227 
0.3706176 2.3117292 0.31231573 -0.39749137 -0.5734579 -0.278496 -2.0012405 0.9746314 
0.3214432 0.6855679 0.13662241 0.4890484 -2.8225353 1.3396246 -0.12344058 -0.66193205 
2.2297032 0.029141098 1.6045611 0.8470124 -0.3733752 -1.8700489 1.47571 1.8402276 
1.7020599 -0.0070067034 0.59327435 0.37694067 0.50829726 -0.8992794 -0.49728987 0.70522743 
-0.5252461 -0.10292395 0.02430095 -0.5684361 -0.945756 -0.008444657 1.2954892 -0.80012316 
0.2498665 -1.6165841 0.28486627 -0.8695189 1.4824007 2.2019784 0.7380255 -0.931145 
-1.2271042 2.3688855 -0.7500422 -0.554865 0.4711576 -0.06647692 -0.6196578 0.33437264 
0.104625404 0.0085026985 1.8895426 0.64435256 -1.1547388 -0.87029475 0.79346305 0.58690137 
-1.4906658 -0.30769485 0.7447509 1.0463187 -1.082032 1.2670395 -0.06441286 0.20885344 
0.49950132 0.64751387 2.19537 0.10722195 1.513736 0.40971163 -0.34095615 -0.42985255 
0.7045846 -0.8218382 0.5637586 -0.16779938 -1.1289588 -0.5368166 0.8612758 0.54102254 
-0.99879587 0.79424256 0.11494953 -0.432846 0.35406086 -1.881617 0.022742135 0.8219164 
0.051120017 -0.59833914 1.3617966 -0.49510154 0.46194917 0.4193473 -0.046092466 -1.055135 
0.49090567 0.43892652 -0.5442279 -0.6048499 -1.1020386 0.4305698 -0.8772531 -0.055630136 
2.144519 1.1078653 -1.437708 -0.30495268 1.0576131 0.67817795 -0.9290082 -0.70640117 
1.1642506 1.0738423 0.63299 0.35805106 1.2160902 -1.4385041 -0.009679826 0.5228329 
0.39224318 0.4396367 -0.60283816 -1.0311323 0.44275868 -0.30242136 0.48495033 -0.6507858 
1.19069 -0.27753815 -1.4695117 0.8677644 1.9127284 0.3360649 -0.711893 -1.1845403 
-0.5850003 2.0059352 0.6723154 1.6713156 0.5246383 0.37468886 -0.3428966 -1.3198637 
0.14746886 -0.14284053 0.4504096 2.2788904 0.101173334 -1.3693507 0.049628727 0.19425023 
2.3007762 1.2468036 0.9204112 0.55055225 -0.5079932 -1.2321508 0.10110923 0.0020011778 
0.9233413 0.91186863 -1.1644231 0.5354917 -0.8156172 0.08513968 0.37658623 1.1906729 
0.6621939 -0.70217085 -0.9633908 0.47406995 0.22885342 -1.6374024 -1.0508758 -0.7783142 
1.6414281 0.08515327 -1.1492914 1.4738954 -0.34036967 -0.3991008 1.1217393 0.8893001 
2.7732873 -2.1715698 -0.6104925 2.119595 0.5178117 -0.7457863 -0.80429804 1.7558647 
-1.6650034 0.27457783 -0.43513995 0.5176173 -0.2357027 -1.3075258 -0.47156793 -0.6099399 
-0.75249434 0.6367792 -0.35191315 2.8463726 0.90052366 0.00978741 0.19662985 1.8283411 
0.528187 -0.79475003 0.16734678 0.03300898 -0.26669705 1.4583668 1.5634087 -1.0412929 
-0.84986347 -0.86594003 -0.8449757 1.3157951 -1.0626936 -1.3734138 1.2264866 -0.8832724 
-1.4946545 0.9578159 -0.57607543 0.8590373 1.2177972 0.438176 0.27447644 1.224719 
-1.9840797 -1.7878002 0.87725025 -2.643019 0.53973824 0.53815013 -0.55723774 -0.6717447 
0.7365541 0.4803856 -0.1520651 -2.2170315 -1.3256841 0.7932526 0.022246953 -0.607224 
-0.22155279 0.32533818 -0.6187981 -1.8968064 1.8940537 -1.5098464 -0.15632896 -0.80696476 
1.2762706 0.43116125 0.29094425 -0.5873074 -0.94756484 0.21086253 1.4133946 0.10459679 
-0.56098443 1.5584952 1.3259883 -0.16779357 0.24589843 -0.18235101 -1.502171 -2.0638363 
-0.59180796 -1.2937869 -0.30581462 -0.33053237 -0.7078429 -0.057536308 -1.7099661 -0.27738056 
1.6901988 -0.3182296 -1.621937 -0.06476329 1.1970836 -0.59129137 -0.060692478 -0.8448839 
-0.29091954 1.6164953 0.8735545 0.7263205 -2.233248 0.38741538 2.6937141 0.15672834 
0.96511453 1.3933287 1.7702147 0.6222366 0.76427275 0.5117562 0.20415086 0.2866456 
0.48660067 0.33048794 0.7726839 -1.8346126 0.22241084 0.14448011 -0.36440375 -0.77165544 
-0.57842505 -0.85806113 1.3475609 -0.2478459 -0.032115594 0.8608634 0.8412377 0.4716147 
-0.62941384 0.46291065 -0.9125691 -0.6460925 -0.4162363 -0.30392662 -0.42887133 0.5463246 
-0.11069764 -0.5936957 -1.3162819 -0.46842664 -0.30762175 0.4382431 0.83283883 -1.7414924 
2.0495398 -1.2452273 0.26066273 0.54445344 0.65315884 -0.59472036 0.43886954 0.612549 
0.014942111 0.8974309 -1.0380747 1.5047638 -0.75469315 -0.43605864 0.122328766 0.0008882441 
-1.5461087 -1.8758622 -0.90249056 -0.4080883 -0.84914625 -0.06816127 0.6829691 -0.48067746 
0.48837954 -0.9386271 1.358083 -0.25276792 0.71662134 0.069875434 -0.22125714 0.11487673 
-0.17848703 0.3993343 1.0533293 1.3472767 0.09551913 -1.1648113 -0.81647146 2.114581 
1.0984148 -1.2084861 0.42084977 0.34558296 -0.94729054 0.11586498 0.3050173 -1.2042334 
-0.5722757 -1.1135709 -1.1607281 -0.7012081 0.6693882 1.1576928 1.3878978 2.31828 
-0.6491909 0.7529208 2.0949812 0.1453777 0.31844312 -0.041347038 -0.04482852 -0.2975704 
2.6410031 -0.3449044 0.06705184 -0.09788539 -0.286685 0.25610217 1.1521542 0.62650853 
-0.89228755 -0.37431222 -0.76132035 -1.3208673 0.74162614 0.58883846 0.17032626 1.1416003 
-0.32786658 0.87605244 1.4856552 -0.47589445 0.98186487 -0.5918028 -1.4372964 0.17257251 
-0.20535219 0.21888709 -1.0061164 -1.0517418 -0.9449264 1.8934671 0.03880599 0.08322903 
-0.3920494 0.52281404 0.100702204 -1.3146703 -1.5771672 1.5237503 1.0827432 0.25818443 
0.77311105 -1.0694736 -0.5408706 0.12666686 1.5905379 -2.519952 0.17217645 1.3442099 
-0.8160391 0.22409071 -1.9573644 0.19831848 0.96522474 0.09365262 -1.0210226 -0.62939847 
0.04022029 -0.025312277 -0.2565309 0.579135 -0.47727126 0.10242219 -0.75572336 -0.62712413 
-1.2902261 -0.9505424 0.9906964 1.6795967 -0.27377385 -0.15448181 1.3381107 -0.22096682 
-0.8449507 -1.280269 -0.9889571 0.48147225 1.524079 0.07411118 -0.9407483 0.010587034 
0.8886545 0.65184 1.1484473 1.7836852 -0.13909675 1.4760972 -0.8424761 0.39649972 
-0.11448923 -0.75645584 -0.016160116 1.6282951 -0.19898477 -0.76535124 0.38433075 -0.7553146 
1.0429453 1.0311307 -1.0939734 -1.7070588 -0.087843925 1.6897899 -0.11700414 -1.570996 
-0.27254355 -0.8758875 -0.42027813 1.3327903 -0.32807693 0.6914776 0.51688606 -1.3270746 
-0.058656305 -1.2876143 -1.5113541 1.8482056 -0.23046961 -0.3855198 0.25281668 0.8719541 
-1.4932758 1.4367701 -0.60410154 -0.17412576 1.5666839 0.26392114 -1.4229139 1.5231911 
0.7227654 0.07044452 0.31086716 1.0130156 0.48968992 2.8679001 0.20373705 1.3896074 
-3.3486087 0.088403374 0.55385673 -0.46869847 -0.18051645 -0.8210148 -0.9196773 0.11916728 
0.36703607 -0.6491274 -1.0044794 0.5089588 -0.97549355 0.26885387 -1.5753328 0.5205504 
-0.64993626 0.39323306 -1.5021104 -0.1427949 -1.6125603 0.2921522 0.18409216 1.9243377 
0.22237186 0.79748267 -1.7175908 -1.3318796 0.40113238 -0.098183125 0.5952909 -0.45888013 
1.0655035 -0.37062657 -0.8363871 0.3946707 0.33703238 -0.26775193 -0.9086026 0.062488344 
1.3299322 0.3560678 0.6052304 -0.4055618 -0.09785425 0.06019122 -0.63752997 -0.8014456 
-0.29466176 0.7236711 0.4654035 0.8922239 -0.6337115 0.023136504 -0.836055 0.10533647 
-1.9342309 0.58434004 0.6601464 -2.43428 -0.91603786 -0.8693754 0.013348799 -0.6722846 
1.2618375 -1.0136013 -0.6674265 0.48866427 1.2541173 1.2500021 0.009744482 0.43282032 
0.34449336 0.16222242 0.9789241 -0.2846984 -0.8415252 -0.9372025 0.72289634 1.063543 
2.9201624 0.81173587 -0.76589984 -0.04660663 1.0706198 0.3952693 -0.3676665 0.38095823 
-2.5470397 -0.05482594 0.6072685 -0.3312131 0.7685787 -0.5464328 0.06084821 -0.14466739 
-0.49800318 -1.8200234 -0.27121755 0.8147392 0.95795935 -0.8993597 0.2249419 -0.19640167 
-0.21882577 0.6044691 -0.75930154 1.1123698 -0.0154946 -0.12221075 -0.2226828 1.4201664 
0.080454186 0.78443414 -0.7787027 0.7106206 -1.0615411 0.04094716 -0.90616727 0.022091748 
-0.5643613 1.8154505 0.8128515 1.0887104 0.60046613 0.837076 1.7930624 -1.7251477 
-2.4838498 -0.09829536 -1.9361613 0.18072817 0.16494937 -0.54961354 0.02756898 0.6876778 
0.68995893 0.298279 1.7290728 -0.67068285 -0.12981544 0.4780587 0.08290331 0.50830775 
0.53758216 -0.39259294 0.41591436 -0.06968503 -2.288405 -1.114533 -1.1581917 1.2772481 
0.42018273 0.50858104 -0.12529995 -1.2769558 2.9597871 1.1667764 -1.2077466 -0.043499112 
-1.888179 -0.4316638 -0.79183793 1.1615738 -1.0720911 -1.2136143 0.45462438 -0.94289756 
-1.2650318 -2.0083742 -0.5458319 0.428089 0.95114034 0.27296412 -1.4985695 -1.123405 
1.4741046 -0.32149032 -0.42598686 0.12266536 1.2925035 -1.6611514 -0.46081915 1.2220844 
-1.8350818 0.2601649 1.9302613 0.61331326 -1.5077809 0.032097347 0.3656056 1.5100347 
0.557394 0.4572291 0.34105873 1.7863241 0.90316916 1.2120429 -1.381965 -0.6493067 
2.060074 -1.4483694 -0.069912374 0.0041009225 1.695905 -0.73481053 -0.35394722 0.4981585 
0.4049567 0.15527456 -0.028249117 0.60130197 0.1785282 0.21513206 1.0812849 -0.5530928 
-0.400618 -0.30068722 -0.750462 -0.3886614 -1.0710267 -0.31710508 -0.21003285 0.5776445 
-1.6913029 -0.7755564 0.21518168 0.4851684 1.274195 -1.6187975 -1.9953437 -0.11629918 
0.49990726 -1.0306686 -0.27952626 -0.2761677 -1.1812134 -1.58291 -0.53411263 0.5542049 
-0.86040545 -0.89790744 1.0930122 -0.31092268 1.2895764 2.1059837 2.2454414 -0.16384466 
1.6005279 -0.22574212 -0.2667408 -0.9469306 0.30253276 1.0401217 0.68244064 0.2549155 
0.26839146 -1.9027278 0.44408053 -0.3988143 -0.51536095 0.030656189 0.61498225 -0.07336418 
-0.7991207 -0.4865507 -1.2584763 -1.8815755 -0.34611034 1.5053931 0.7059694 -1.1204971 
-0.9795093 -0.76765394 0.07350065 0.20411532 0.76250046 -1.3516971 0.5393463 -0.8534082 
0.117705874 0.6799823 0.30223694 -1.1257523 1.1309603 0.31349784 -0.030631527 -0.64599687 
1.3401376 -0.5852301 -2.2791505 1.1464405 -0.32200322 2.066383 1.3587681 0.06873235 
1.8942809 1.8663157 0.39265683 -1.0279412 -0.115360394 0.89954686 0.79609996 0.2981508 
0.32009855 -1.350476 -0.820065 -0.91134673 0.12278492 0.7852849 0.7608176 3.0056233 
-1.391263 0.7508487 -0.17872065 1.021975 -0.714856 -0.9383489 0.9483092 -1.0705916 
0.023420278 0.29920912 0.9416901 0.43941173 -1.2305206 0.62762797 -0.802427 -0.48196793 
0.12136748 -0.38719195 0.098919995 -0.31480387 0.4934614 -1.4839828 -0.9637129 0.060675077 
0.54989564 -1.1839823 -0.62223405 -1.3310678 0.3934764 -0.43006447 0.07119194 -0.34637418 
0.577267 -0.29971337 -0.22475174 -2.9429977 1.1744087 1.6942189 -0.47204387 -0.1753599 
-0.02817344 0.4115565 -0.87635016 -2.404792 0.45188662 0.15004112 0.17355761 0.8201825 
-1.5938827 -0.6601814 0.81691504 -0.36812815 0.490148 -1.4444149 0.49147367 -1.0658593 
0.20525843 0.8892177 0.44999388 2.1191485 -1.0186306 -0.2804235 2.783934 0.723347 
-0.046269484 0.118021354 -0.90695095 0.3581413 -0.8797599 1.1799343 -0.57773435 0.5731791 
0.044603527 0.13038616 -0.9986927 -0.053328432 -0.12801817 -1.3507622 -1.3322939 -1.9524128 
1.6364303 -0.18279082 -0.30018815 -0.5194528 -0.18942976 -0.96893746 0.34492582 -0.6743054 
-0.4135095 0.31820184 1.0531431 0.3465629 0.12936804 2.4839408 0.084981084 -0.7973709 
-0.9768653 0.9747535 0.40062436 -1.0961283 0.28171253 0.32255223 0.6092821 -0.93811613 
-0.25144133 -0.97882867 0.29638696 0.07403348 -0.84715414 -0.77447593 0.6243425 -1.4320532 
-0.65723807 0.9537866 0.07178406 -0.078346536 -2.1847124 -0.08018419 0.776943 -0.77336067 
0.6947484 -0.6322729 -0.85057 2.1736248 0.9663144 -1.4179664 0.57439417 0.7235675 
0.43625754 -1.3598188 -1.2726347 -0.3299092 -0.3296654 0.92424667 -0.17109986 0.4309106 
1.4409472 -1.4659653 1.3815352 -2.2456243 0.17988367 -1.5531114 0.025082141 -0.021004647 
0.46120676 0.41292834 1.2010111 1.7421604 1.6994193 2.0186737 -0.7692506 -0.016643165 
-1.7446437 1.3283666 -0.7304996 0.27517384 -1.0032407 -0.6127621 0.35589528 -1.0901226 
0.3493305 -0.51942754 -1.1886578 -0.7308798 -1.8571469 0.72208375 0.24612902 0.34567368 
-0.9224845 -1.3906796 1.1555488 -0.6651516 -0.19232047 0.3413368 0.20918836 -0.07017587 
-0.7103958 -1.1476902 -0.36896074 0.985974 0.90845704 1.3440017 0.08260007 0.4087267 
-1.6244226 -0.27552962 0.049195837 1.1147792 1.1468437 0.06995689 -0.049601965 0.3972246 
-0.17589466 -0.72107005 -0.8422946 -2.9167902 -0.25232378 0.7165157 -0.19768038 -0.61950105 
0.17149994 0.5003122 -0.91049117 0.9599922 0.68989724 0.62152237 2.057971 -0.040687114 
0.092306726 -2.6577837 -0.09918995 -0.051424578 -1.0716465 -0.39656055 -0.53112394 -0.33865252 
-0.100997865 -1.1979213 0.9397565 1.3618082 -0.059761897 -0.48860288 -0.43147665 -1.3860766 
-0.15340881 -0.60705525 1.0606834 1.3955091 -0.3129001 0.3537484 -0.29905668 1.0238708 
-0.5027605 -0.7791156 -0.19703923 0.55784434 -0.9159835 0.8010486 -0.35908684 -0.45539102 
0.3706491 -1.7254204 1.6183345 0.7169161 1.5706024 -1.3270946 -1.0107234 -0.67684954 
0.46857908 -0.028396433 0.30803645 -1.1502391 -1.3870629 1.2081188 0.12166238 -0.4714393 
-1.4612013 -1.1517133 1.8241853 -1.1308334 1.3386477 -0.7843959 -1.1422772 -0.905444 
1.2068477 -1.247742 -0.76125187 0.1405892 0.036186658 -0.35797843 0.48936126 0.19928382 
-0.72694755 -0.06043592 -0.5267638 -0.60682505 -0.0978582 0.65821964 0.4503496 0.19199511 
0.75597167 1.6570302 -0.017046833 0.12783594 0.83726066 -1.7341323 1.0938324 -0.0893678 
0.9533306 -1.0022191 1.7682759 -1.9282571 -1.3073924 0.19464308 3.019236 -2.0679018 
1.0057943 0.94309556 0.9988974 0.16356136 -1.289964 0.070727 -1.0644159 0.86690223 
-1.7955356 0.60666454 0.21674754 -1.3990499 -1.4858296 0.8996772 1.4102234 0.3716933 
-0.5763446 -1.5361758 0.7694728 -0.92622435 -1.4825925 -0.4634478 -0.44429502 0.39834362 
1.0011622 1.5956287 -0.8521907 -1.0506176 1.0964558 -1.4372103 0.0794342 -1.8476397 
-0.5694586 2.2581367 1.0453211 -0.103242114 0.8820799 2.4956024 -0.23335555 -0.37058717 
0.8997518 -1.2357392 0.042864513 -1.1072888 1.4720109 0.50442797 0.7601423 -0.9478571 
-0.93796444 0.74146974 0.9144286 1.6399835 0.12670915 -0.12486569 -0.06837553 1.3663964 
-0.20852707 0.9448468 -0.6504276 0.25521496 -0.3799526 0.49694997 1.4003127 0.6975001 
-0.7433784 -1.0442644 -0.60231227 1.3017917 -0.067726634 -1.1122692 0.68270737 1.2001868 
-0.6187234 -0.8179841 -0.25948316 -1.1718197 -1.0493602 0.8339997 -0.5933982 -0.13180627 
-0.20097342 -0.60689884 -0.94540626 -1.1871747 -0.4905772 -0.82219726 -0.24775475 0.8426017 
-1.7440948 -0.08021581 -0.97149134 1.2944047 -0.002409646 0.5886525 -0.8573743 0.82035667 
-0.6245023 -0.54936606 -0.51284945 -1.372586 -0.3814088 -1.1831098 -1.0764239 -0.88527936 
-1.0884542 0.7795193 -1.0713708 0.9167062 0.16649438 0.31881663 0.5921417 -0.33393484 
-1.2400868 -0.6117174 -2.0866065 -2.629209 -0.44734383 1.5123198 1.9026229 0.14197798 
-0.09001594 -0.94303274 0.050618973 -0.9024584 1.4886159 -0.08486366 -1.4553989 -0.88913167 
-0.8777567 0.7901502 0.25148782 0.406273 -0.18084528 -0.27442113 1.8649231 0.2243801 
1.6480179 0.3283553 -0.25112802 0.32263288 2.1546571 0.57547724 -1.1809151 -0.6863439 
0.5225484 1.642004 0.12735653 0.7540116 0.5823161 1.5179214 0.68208146 -1.0476445 
-0.08172523 0.2169639 -0.41024294 -0.08272739 -1.473003 -0.34180358 -1.0225986 1.3888549 
0.7069124 -0.2877542 -0.4160928 -0.12012168 1.9558727 -0.5807108 0.6288093 -0.2994827 
0.37757108 -1.5651687 -0.0120144915 1.0897276 -0.12944952 1.0555542 1.3087972 -0.3363865 
-0.42199403 -1.7549964 -1.4529873 -0.4995064 0.1457554 -1.6320757 0.23219788 -1.5845778 
-1.5682408 -0.52511615 0.5054141 0.19196318 -0.23780634 0.30473337 0.4523122 1.1575121 
-1.4105632 -0.8080946 0.52466965 0.19271022 -1.2408954 -0.9515242 -0.76182884 1.1897148 
-0.24364714 -0.8130967 0.12880646 -0.39286336 -1.249285 -0.037577093 -0.80971694 1.1839616 
2.3314242 -1.0841581 -0.17205934 -0.46894276 0.30561846 -0.34623137 0.90200657 0.5094608 
1.8445699 -0.5747708 1.7270097 1.1773869 -0.106780134 -1.2900363 0.07313444 1.2112948 
-0.6859193 -0.7809353 -1.0241811 2.1967287 0.3778584 -0.46613264 1.3028169 0.40517834 
-1.4035732 -0.39307573 -1.200965 -0.10304045 -0.074829735 0.5931282 -1.6971751 -0.39563105 
-0.7441642 -0.21597084 -0.39102647 1.4030635 1.9486344 -0.9633287 -0.49457523 1.063958 
0.26760235 0.23550321 -0.6883329 1.3944385 -0.9530958 -0.65096486 0.19300745 -0.60678333 
0.062629275 -0.21866095 -0.46912405 -0.8774936 -0.21716176 1.1565068 -0.5257938 -1.634615 
-0.4751368 0.4123804 0.50847125 -0.50846374 -0.92029214 -1.4400808 -1.1154587 0.9842277 
0.086494826 -1.711108 0.7594445 0.8577005 -0.22669716 -2.5492911 -0.56868476 -0.34837127 
0.3592555 -0.34043133 1.6236297 0.8735323 0.6679738 -0.86928385 -1.4951777 -1.4070208 
-0.14100537 0.0802537 1.6878153 0.082847424 1.232584 1.3289922 0.6049047 -0.46070495 
1.3182772 1.2170982 0.20810445 -1.0887821 -0.46266332 1.3893505 -0.27367336 -1.7372286 
-0.08679106 0.120491356 -0.5123181 1.1648976 -0.4632851 0.77178156 0.2817515 0.8472455 
2.3676167 -0.26130354 0.7754076 0.75052804 -1.3488947 0.6440561 0.78742534 1.116503 
0.6991346 -0.84021723 0.6596637 0.35229528 -0.16523185 -0.42163888 -1.5665898 -0.50068694 
-0.35069335 -1.7436 -0.93793756 -0.3359178 -0.5271644 -1.1219221 -1.231221 1.4857512 
-0.9484245 -1.0129894 1.2693514 0.39705622 0.08098039 -2.0698602 0.9604543 -1.6448088 
0.6425797 -0.2843 0.46625346 0.23378384 -2.478707 -0.51230013 0.88960105 -0.9018643 
-1.6233842 0.37969238 -0.20043576 0.5503893 -0.29933152 0.50841117 -1.1314903 -0.022272775 
-0.36842903 0.25907895 -0.29202855 -0.20072983 -0.7002206 -2.7550066 -2.018105 -0.5740473 
-0.84562385 0.5697342 -0.91219676 -0.27927965 1.0615417 0.21629402 -0.9998304 0.66385347 
-1.0769496 -1.0946008 0.3291852 1.5757792 -0.49056354 -1.0533476 -1.0619187 -0.14884087 
0.10687751 -0.06532901 0.5812833 -0.82226765 0.75505465 -0.584853 -0.629618 0.7161484 
-0.8638083 -1.1236987 1.1041665 0.16857219 -0.36470094 0.88912725 0.74989223 -0.32595843 
-1.6741823 1.9011583 0.097275764 0.05210735 0.19421014 -0.6221599 -0.4620412 0.42498618 
-0.688364 0.18244062 1.3811575 0.79427457 -1.8610628 -1.3564311 0.3537238 -0.2652937 
-1.2609236 0.82319343 0.67929214 0.60593724 -0.36987457 -0.45470583 1.3980626 0.4056361 
-0.8398838 -0.44906312 0.5621347 0.22890282 0.7991939 -0.9585786 -0.7261925 0.48787767 
0.2328053 -0.55239165 -0.89768857 0.8663559 0.09358431 -0.6968768 -0.1521038 -1.0296724 
1.5946001 0.94660896 0.2949301 -1.4552195 -0.93459463 -0.14022207 -0.6583058 0.84365666 
-1.007541 1.7294948 -0.12828198 -1.5925092 0.6271605 -0.0045519993 0.9455777 -0.68436563 
-0.052798573 -0.98508054 -2.011027 0.14583327 -2.1925895 1.5542051 -1.445539 0.05237493 
-0.41643327 -2.2995148 -0.4844581 0.5012248 0.7611409 0.42256483 -0.2227717 0.74341273 
-1.9142255 -0.07719764 -0.56361395 -1.6482754 -0.07535358 -0.045409653 -0.5166428 -0.6805722 
-1.5301347 0.99994075 -1.2001158 -1.3723584 0.5044288 -0.28939852 -1.4710772 1.0367304 
-0.68567955 0.3960132 0.58202696 -0.98760587 -1.714273 0.7886246 1.2731127 -0.56806356 
0.52194315 0.118785016 -0.5057905 0.54383343 0.07775384 -0.1199413 0.39975017 0.23900922 
-1.244368 1.0143093 1.0458219 0.3713829 -1.0060613 1.0076483 0.14796369 0.14926161 
0.19040017 0.2258779 -0.38316825 -0.08508695 1.7949064 0.13243002 0.6162798 -0.8063208 
-0.2046882 1.2533208 -1.7378384 1.3929455 0.51488656 0.14882195 1.126126 -0.11729626 
-1.7506567 0.5669179 -0.47396994 -0.5367334 0.34886885 1.7122205 0.16853978 1.9357103 
1.1318938 0.51729405 -0.40059602 1.4161848 -0.47938767 -1.9366268 0.8926786 0.57998824 
-0.6467434 -2.309251 -1.4013561 -0.8304728 -1.0451254 -0.5801977 -0.30196947 -1.5824717 
-0.7815168 -0.5270676 1.2349417 -1.3999441 0.13931611 0.03472613 0.45908004 -0.20808287 
-0.2595009 1.2957914 -1.018325 0.48170295 0.2190471 0.966779 -2.0627558 -0.53462774 
-1.0577773 -0.28614658 1.4258509 0.43841523 0.24937463 -2.0199454 -2.1796744 0.9325478 
-2.1318526 1.2986815 0.018641124 0.038879387 0.1467215 1.8863568 0.37258467 1.7797254 
0.40418088 -0.43310875 -0.8654582 0.1722508 -0.87229407 0.70185095 0.69868445 -1.2841113 
1.0502855 -0.28200722 -0.23734537 -0.8582612 1.0587188 -1.148144 0.11440226 0.24417192 
0.20965911 0.7310815 -0.48893556 -0.6865093 0.72766405 2.369817 0.23622623 0.9728164 
-0.7319393 -0.1641833 1.6264418 -2.1409783 -0.18873625 -0.85675055 -0.28992483 1.0508281 
0.6150158 -0.59196097 -0.44502398 0.6631424 -1.1991532 -1.1662239 1.465805 0.1626915 
-0.9721344 0.10210082 -0.38582957 1.6863675 -0.63963085 0.29178464 0.62821776 -0.8504583 
-0.21409696 0.6710118 -0.621978 -0.07426353 -1.3481013 -0.24276043 -1.0044217 -0.0475651 
0.23389891 -1.3831978 1.2924006 0.3043758 0.9584939 0.94750255 -1.3913801 2.085534 
1.2972786 -0.38108915 1.2055097 0.7972739 0.2782634 -0.93934655 -0.124747746 -1.0386056 
1.0408583 -0.6191337 0.728289 0.05441238 -2.153887 0.9068211 0.3458528 0.39998025 
0.065402664 -0.85066175 2.686282 0.24596864 -0.7669562 -1.5552282 0.60789233 0.4190462 
0.12127503 -1.3189899 -0.29661474 2.0816846 0.65901047 0.36842096 -0.72962654 1.332637 
-0.30590087 -1.5623653 2.6720908 1.8591977 0.78379565 0.13208774 0.5780431 0.07258961 
1.6770451 0.038574968 -0.3767281 -0.24543032 0.30346945 1.8673006 0.31256023 1.5303875 
0.6060894 1.7023109 -0.1565779 0.61072904 0.43758717 0.4565231 1.711522 -0.05481578 
-1.436989 -0.3243053 -0.44866198 0.1997103 0.5073155 -0.27335253 0.3581808 1.7821875 
0.20466456 -0.44908503 0.13657406 -1.1214216 -0.6494756 0.44806677 -0.85420716 -0.4167989 
0.48314753 0.13254309 1.2600495 0.24933179 -1.5247356 -0.7228985 0.9356287 -1.1320488 
0.7035293 -0.11241026 -0.5957896 -1.2826736 1.5930413 1.1198394 -0.36650768 0.22752391 
1.4117345 -0.69152033 0.89980066 0.57383734 0.8615726 0.95195085 1.8610536 -2.2120852 
0.21833669 -1.4197495 -0.868204 -1.1374311 -0.013240395 0.42397788 -0.038194742 0.40533775 
-1.3428348 -0.51355064 -0.06267303 -0.14880061 0.23180892 0.6481686 0.75671804 -0.5598343 
-0.3343805 -1.0440899 1.1200306 -0.07749252 -1.5127401 -0.19535483 -0.22708009 -0.46258947 
-0.53429204 -0.5863585 2.091913 -0.89317846 0.4636849 -0.69630295 0.16543736 1.9137628 
0.7294751 -0.70114684 -0.07257049 -0.8159577 -1.7256492 1.29967 -0.22443826 0.9426593 
-1.4763501 -0.9597803 0.9605851 -0.75117016 1.4553702 2.1427057 0.733225 -0.7400436 
-0.82411927 0.080329396 0.13018365 0.7834723 0.77869606 0.05403807 -0.05127954 0.04521967 
0.43246475 0.07701432 0.783331 0.5449195 -0.14457335 -2.0668032 0.7007922 1.1148925 
1.3567038 -0.44578475 0.63505584 -0.05260385 0.6377292 0.4635989 -0.42539427 1.9945587 
-0.59844667 0.025350988 0.2691445 0.17204559 1.4561284 -0.7229418 0.1988103 -1.5869071 
-0.18218629 -0.70344615 0.31122604 0.8913979 0.4611311 0.7235461 -1.1095643 0.7165022 
0.92038393 -0.50167507 -1.9816513 -0.216967 0.44875252 -1.2455046 2.4188533 -1.9827863 
-0.014593317 1.1711473 1.1622494 -0.5518853 -2.2384586 -1.046353 -0.19595428 -0.1828968 
0.8517079 0.37696537 1.0935456 -0.98971546 -0.8740175 -0.06676329 0.8190664 1.5985901 
0.5332752 0.030352283 0.43453845 2.0881581 0.5734806 1.7824991 1.2237321 -1.1407194 
-0.28644213 0.13147333 1.1553518 -0.9768643 0.7945226 -0.6720595 0.6991527 -1.7058883 
-0.8537115 0.6840038 -0.5268691 0.3973476 1.490099 0.06446961 -0.17737065 -0.27632377 
2.1116967 -1.9142096 -1.0708185 -0.82957757 0.29789874 -1.8043482 -0.2762777 0.5377563 
0.83174074 -0.63955307 0.32719555 0.2679856 2.5550792 1.0270284 -0.04102838 0.15822485 
1.5233092 0.2288507 -0.042130023 -1.2780304 1.158996 1.191014 0.31683823 0.81169397 
-0.3430326 -0.26093215 1.2996591 1.6419002 -0.22271986 1.3865172 0.7549554 0.26749593 
-0.51478285 0.85467416 0.83075297 0.7453968 1.1050353 0.35412064 0.9421874 -0.35613677 
0.85441476 -0.05046695 0.773325 0.2766139 -2.065772 -1.360829 0.5367972 0.66084945 
0.1560666 -1.2263222 -0.42457208 -0.01814808 -0.69086057 -0.59239703 -0.9189066 -1.0413558 
0.31611237 -1.1791623 -1.0786865 -2.1108677 -0.46326315 -1.0077327 -0.32672048 0.70160925 
0.7688504 -1.1342849 -0.27263314 -2.0142338 -0.9249707 0.22365165 -0.22778475 -0.32924247 
1.5702674 0.023671772 -1.653322 -0.79625654 0.80382264 1.3674843 0.08580102 1.5143805 
-1.3248028 -0.12626463 0.16936754 1.6171 0.3105691 0.6776973 1.8844274 -0.6082946 
-0.042876642 0.3754952 0.4558584 -0.37044737 0.040423993 -0.88395876 -0.14944829 0.844158 
-1.9507322 -0.3499219 -1.2203037 0.8468697 -2.9946697 -0.36697087 -1.2724029 1.5069927 
0.46004227 -0.49996203 0.7461016 -1.6342905 1.8551241 -0.98629403 -0.87700737 -1.5074935 
-0.58548546 -2.481207 -0.5942586 3.0426126 0.25994453 -0.68700314 -1.0183039 0.018328676 
-0.27500007 0.0044144886 -0.7743431 -1.0652376 -0.3576973 0.81205255 -0.7621352 -0.6728944 
-1.5235682 -0.8834548 0.5786799 -0.09876014 0.79536843 0.5957012 -1.4239053 -1.7785835 
0.66790456 0.6277108 0.5944776 -0.34937596 0.16976893 -1.2127174 0.19354342 0.23429228 
-0.12514709 1.2218281 -0.9267314 2.269532 -0.83910406 2.1828845 -0.5355272 -1.7250364 
0.2226218 1.4815902 -0.7409233 0.8992062 -0.15497658 -1.7015916 0.828763 -0.51055056 
0.54741716 1.2123634 -0.4907491 -1.5797187 0.33234963 -0.23945883 0.35891515 -2.4586735 
-0.25805923 -0.7667173 -1.3739221 0.69293034 1.2878289 0.19879569 1.2945023 0.36573577 
-0.7450236 0.23562992 1.1605972 1.815944 0.08423627 0.6733817 -0.8182273 -0.53487957 
-0.19041175 1.2069808 -1.7325629 -1.6138185 0.24053845 0.4240408 1.2551447 0.7659654 
-1.5117571 0.7326654 1.4065764 0.80514634 -0.88063276 0.8705436 0.4803216 -1.1861746 
-0.59502226 -0.5817127 -1.2098005 1.1854522 -0.121681854 0.05168295 -0.8625411 -0.57399845 
-1.109716 -0.46183965 -0.21681678 0.48347086 0.9959365 1.6786107 0.5042223 1.6309938 
0.8148214 1.7810196 -0.24410355 0.15185511 -0.50649315 0.39171582 -2.9954548 0.6784402 
1.7094964 0.8136707 -0.88884276 0.39032468 -0.723907 -0.4263718 -0.9222396 2.4964194 
-1.4188683 -0.45278803 0.44083908 0.14366771 -1.9317188 -0.4952479 -0.3186699 -0.5125812 
0.07052213 0.097730495 -0.9121233 0.033653524 -0.45661327 0.65274155 1.3372302 -0.42544413 
1.2282188 -1.60951 1.1727188 -0.9950604 -1.2358081 0.1220923 1.8197694 1.2271239 
0.081769 1.1153816 0.85405266 1.4468749 -0.34633985 -0.85971576 0.13368022 -0.6494377 
-1.6948997 0.9954609 2.4015143 0.4822925 1.1296521 -0.91543156 -0.53827715 -0.394826 
-0.8756352 1.1758898 0.23232394 0.10117966 0.40588686 -1.3717968 -0.48841733 -0.08038643 
1.1366512 -1.0379679 0.24990714 -0.9567276 2.483627 -1.1271769 -0.12864648 -0.80991393 
-1.5944055 -0.4638222 -0.5135597 1.8438536 -1.4184304 0.9777868 0.7226869 1.5465523 
-0.30784816 1.3881056 1.9707062 -0.041888855 0.5733715 -0.1979658 -0.59709424 -1.6640142 
-1.3283198 -0.6356973 0.76677406 2.0603452 2.634719 -0.3486029 0.87179595 -1.1727487 
-1.2197882 -0.28250322 1.8482506 -1.4033135 -0.65976495 0.42863 2.0046735 0.7976405 
1.8716981 -0.18437877 -0.736477 0.11181529 -0.43170837 0.33649766 0.53275985 -0.5706707 
-1.2146425 0.23874281 0.68497854 0.24591483 -1.6146173 -0.2804268 -0.5570588 -0.69818246 
1.6682463 -0.5402309 -0.25378257 -1.2464994 0.009588214 -0.57963026 0.9687667 0.4360582 
-0.10033671 0.16527608 1.1116474 -1.8678992 -1.3731358 -2.0754995 -1.1111634 1.0096751 
1.429882 -1.0038178 -0.2804614 -0.021925995 -0.49096492 -1.5266705 1.1735119 0.03879283 
-0.3648921 -1.9679725 0.017348167 1.7923397 0.022969572 0.823643 0.33030027 -0.6679796 
-1.843406 -0.2133868 -1.8449941 -0.84805727 -0.60489464 -0.45410034 1.8360358 -0.32978386 
-0.50925076 -1.6324672 -0.40539938 1.6406791 0.947812 0.5155329 -1.1407806 1.6663821 
1.4486285 -0.37768164 -0.0048069567 0.080318905 -0.88796806 -1.299031 -1.5373722 -0.88682324 
0.015533023 -0.021269819 1.6960225 -0.022959 -1.0560416 1.9605359 0.50649583 0.16882122 
0.32550484 0.11459719 0.539381 -2.0546494 -1.2832196 -0.7037154 -0.7613507 1.4139023 
-0.03681353 -1.3432416 0.361629 0.6087138 0.19841991 0.4138767 0.46402323 -0.13261992 
-1.0678197 1.6632156 -2.1998258 0.5585668 0.12366362 -0.5939755 -0.16811457 0.049859162 
-0.7527704 -0.43412834 0.5787766 0.13835384 1.4515456 0.39415017 -1.7538348 -0.17000182 
-1.1010038 -0.38730222 0.30122074 0.7733955 -0.24244118 -0.11699805 -0.3260089 -0.7451958 
0.73593074 -0.7560505 0.8552479 0.06118262 0.4340679 1.1149473 0.075704165 1.5442034 
-0.3276639 0.82978135 -0.2795701 -0.4722544 0.31666273 0.37670302 -0.7158971 -0.60485774 
-1.1513113 0.03534178 -0.4951717 -0.2778424 -0.84432703 0.174581 1.2694521 -1.5233011 
-0.2525602 0.8552066 -0.3590355 0.20050552 -0.86849904 -0.65240127 -1.2104464 -0.8264696 
-0.48828351 -0.42776394 1.098551 -1.4113388 -0.725297 1.2317326 -0.2931065 0.39421454 
1.5853541 -2.1959052 1.9623346 0.58817714 0.46784818 0.5947256 -0.48383135 1.1991822 
-0.09551772 -0.8434871 0.06431601 -0.11652145 1.826239 -1.301346 0.99182254 0.5838185 
0.30406097 0.58318716 -2.4563031 -0.040126104 0.986418 1.1746817 -0.39734337 -0.4789666 
1.6600157 0.09944818 0.46743986 0.50893956 -1.3358803 -1.8650264 0.12188851 1.0548158 
2.046776 -1.7628089 -0.76759183 1.7416137 -0.71526796 -0.3432827 1.7543311 0.27607006 
-0.24383286 0.28355137 -0.08942809 1.636634 0.5411469 0.15075043 1.4230516 0.15465602 
-0.92822474 0.8319265 -0.03173868 1.4863156 0.73503363 -1.6882818 -0.5885639 -0.2339041 
-1.4681988 0.8884267 0.43490154 -0.20105907 0.9128977 1.2843331 -0.5059825 0.70921093 
-0.32028764 0.3663003 -0.53123796 -0.20400092 0.8166494 0.11757426 -1.0967764 -0.77598953 
-0.9215466 0.36041927 0.42686024 1.425317 -0.14615044 -0.5048921 1.2054851 1.3542733 
0.8682041 -0.07712821 -0.5567698 0.93461233 -0.93721485 1.3765125 -0.38957068 0.35343206 
0.34519795 0.58308834 1.540467 -1.2884771 0.09205884 -0.21223083 -1.5663971 -0.88567847 
-0.77947843 -0.76854074 1.0110772 1.6601017 1.1613472 -0.75302213 -0.3988244 -1.4422288 
0.97844464 0.057262734 0.54648066 -0.1318264 -0.85073715 1.10785 -0.5587695 -1.5068903 
-0.3469 1.5382133 -0.40262133 0.52853835 -1.0874249 -0.091091886 0.36862594 -0.1002932 
-0.6710094 -0.9453199 1.4291021 0.21143818 0.9318047 0.47372854 -0.6957695 0.615623 
-0.5393126 0.5335988 -1.0072443 1.1940155 0.78991836 -1.7871271 -1.3314853 -0.7596665 
0.9427907 0.31822434 -0.69823545 -1.3967627 3.057293 0.5796144 -0.94161415 0.42124954 
0.539309 1.266079 -0.77885926 1.3095572 0.95588493 0.77667433 0.11808284 0.4703204 
-1.0526069 0.69834214 0.20917547 1.9381129 -2.1129985 -0.099764645 0.11933891 -0.27025035 
-0.26772007 -0.9794117 -0.2023896 0.9478334 0.5422722 -0.6621289 0.19779795 -1.6700239 
1.5583464 0.20026554 -0.0068975817 0.13847287 -0.26414382 0.8776589 1.1547838 1.0177194 
2.8237576 1.068368 -0.37231773 -1.3434026 -0.91006404 1.6037642 0.20288599 -2.5376778 
1.2059469 -1.2229372 -1.4292066 -0.3834521 0.32035017 -1.6488142 0.41110724 0.5562909 
0.7875686 -0.11800004 0.50353926 -0.7168923 0.10074732 -0.60628444 0.58413327 0.5279582 
-0.839494 1.248647 0.61947256 -1.4122753 1.4239632 -1.0634683 -0.09259369 -1.0929581 
-1.1174712 -0.33673215 -0.18168025 1.8662844 1.257688 1.3231584 -0.1355 1.6346852 
-0.39638582 0.25830853 -2.1215813 -1.7561722 0.974163 1.0771006 -0.7089319 -0.9228618 
1.5801135 -0.3322121 -1.478 1.9459664 0.26618966 -1.0357366 0.21348408 -2.712591 
0.019424167 0.24961492 1.2471162 0.11912747 1.0364505 -0.17460924 -0.6768564 1.3813324 
-0.088946596 0.97976977 0.78092295 -2.6076293 -0.82166356 -1.8229166 0.75941396 1.6489358 
0.02577654 0.11974506 0.5346652 0.8185976 0.09144004 1.5312982 -0.9724612 0.22311847 
-1.6466035 -0.32715037 0.82131404 0.32431805 0.60148644 -0.9621464 0.45761457 -0.45660388 
0.55247056 1.7441492 -0.29624313 -0.41881245 -0.5965394 0.7554416 -0.76678884 -1.7259276 
-1.1610382 2.6050172 0.3003984 -2.1135995 0.372969 -1.0230446 -1.436876 -0.75077426 
-0.90665084 -0.8876692 0.77327055 0.5636497 -0.28556207 -1.9726901 -1.0324037 0.1402362 
0.77842385 0.4604863 -0.1778432 0.392271 1.2806591 0.307163 0.41152453 0.08114844 
-0.97055006 0.15089297 0.6662218 0.5805171 1.3159176 0.92681354 1.1238548 -1.3799016 
-0.6244582 0.70333284 1.7314588 0.026553245 -0.18504786 -1.7500966 -0.676668 -0.4861776 
0.8957956 -0.95384794 2.372836 0.46573544 1.2942226 0.67324126 1.1093082 2.966381 
0.908273 0.31480244 -0.40901756 -0.23094621 0.15733324 -1.4148724 -0.8023923 2.892747 
-0.9713408 -1.2025007 0.55839044 0.4279763 -0.09385822 -1.9395511 -0.42911536 0.5416561 
-0.47604597 1.1394519 0.7171934 -1.3331226 0.445558 -1.4581546 0.14571974 -1.7793432 
0.36914116 -1.2440735 0.49282527 0.7238701 1.2189596 0.4332187 -0.13218491 -1.0200127 
-0.3411581 0.06162884 0.59305453 1.3453202 -0.72995126 0.26439542 0.83756894 -0.2364718 
0.68657357 0.61834925 0.060682267 -0.41973153 -1.1934273 -0.36225444 -0.8471258 1.2248245 
-0.061053902 -0.3307966 1.5737978 0.16146512 -2.0303566 1.1489019 1.0663204 0.5007897 
0.11943015 -0.25426722 -0.1732502 0.13409862 -0.18965378 0.884903 -1.4224728 0.8667593 
0.55246884 -0.39340895 -0.5420313 -1.6393045 0.81507856 -1.336731 -0.66005087 1.1613911 
-0.081967615 -0.860836 -0.10536833 0.04704588 0.7443814 1.1642854 -0.76578456 -1.6441827 
-0.90761757 -0.036309294 -0.1372357 0.04898676 0.060911573 0.42575032 0.8447452 0.29182416 
0.47523114 -0.4850335 0.068694495 1.0412556 -1.0456109 0.31193516 -0.17173177 -1.498447 
-0.461081 -0.67955095 -0.61941093 -0.19187695 -1.389438 -0.8968545 0.8357772 1.0328689 
0.114699684 0.62211865 1.4833666 -0.28072217 -0.06013813 -0.6021937 -0.39025253 1.4895791 
1.608814 -1.3050026 0.05372314 0.77845454 -0.46734473 1.2314243 0.51741374 -0.19747487 
-0.49839747 -0.45290425 0.7930702 1.5522361 0.43095008 -0.084185794 0.013322028 0.35084957 
-1.7617577 -0.16985488 0.11749914 -0.9830258 -0.6902107 0.8818788 0.95304877 0.9113108 
0.7945023 -0.3470891 -0.43009582 -0.446388 0.37002224 1.1924142 1.0581906 0.22857524 
0.67026836 -0.38815948 -1.8819236 -1.558383 0.2754198 -1.1626313 0.95076174 -1.620062 
0.47597507 -0.48446402 -1.1783465 0.15825292 1.2915572 -0.502931 1.6359321 2.4187803 
0.49203634 -0.22489987 1.0927013 -1.3436205 -0.4330725 -0.8009623 0.5387026 1.1769792 
-0.81773055 -0.5334036 1.922701 0.47433907 -1.4312127 1.2512562 0.30687088 0.027117921 
0.39647803 -0.6480487 0.49561232 -0.73735106 -0.49914184 -0.046646398 0.65688 -0.3912671 
0.088667296 0.9852096 -0.8201067 0.30880716 -0.46590066 0.34370348 0.90164036 -0.9984154 
-0.31129587 0.02892316 -0.7811612 -2.2279856 -0.79689974 0.2858093 1.6133701 0.79381007 
0.588024 -2.284167 0.2114934 -0.44913325 1.0359589 -1.3427768 -0.98098946 -0.997467 
1.4413644 1.3360497 0.3037122 0.08833293 0.17741677 -1.2840359 0.7209049 -0.6814219 
0.9157737 -0.15124819 -0.38114497 -0.56892633 0.75364995 -0.5135893 -1.0871427 -0.20354852 
0.035526447 -2.124169 -0.32349652 0.028316578 2.1456425 -0.26737797 0.89551497 -1.4603801 
-2.1690319 -0.22079891 1.4192667 -0.10159335 0.590908 -1.8930179 -1.2893883 0.91381603 
0.99083513 0.33446416 0.25722992 0.48743644 1.4565065 1.5230635 0.28604248 -1.8643897 
-1.9855204 0.5394798 -0.79716474 3.0781224 0.29504064 0.106344655 0.8971296 1.1843078 
2.2811952 0.13903357 0.37075943 0.30797696 -1.4311638 0.12888901 -0.34457102 1.2197154 
-1.0833788 -0.950957 -1.6385261 -1.8474418 -0.08377643 -0.7263986 0.44356078 0.048670404 
-1.1371129 2.0087125 1.3405888 -0.038802043 1.4428216 0.2376599 -0.7793634 -0.1709025 
-0.008271249 1.2034297 -0.8287784 1.8428551 -1.6792403 -1.22279 0.5649808 0.07473947 
-0.19660664 0.6845592 0.9957587 -0.3183757 0.18769878 -0.056042396 1.5146531 1.3390023 
-0.1253385 -0.4483369 0.085758306 0.018137993 0.042854737 -1.5853502 -0.6751883 0.57044494 
0.34540015 -1.7740186 1.5648183 -0.23701073 1.8587472 -0.2506675 -0.0077625397 0.7815535 
0.9378931 1.6545435 1.2066385 0.6749769 -0.018342089 -0.5478033 0.569508 -0.1481764 
0.2755647 -0.36100352 0.24149041 -0.9805478 1.3657489 2.862475 1.4727641 -0.4436411 
-0.70109075 -1.0104109 0.8303246 0.89357525 1.7621572 -0.48641136 0.247406 -1.3301055 
1.4717387 -0.107213154 -0.4064532 -1.8672445 0.6899769 0.8215117 -0.027127272 -0.2328247 
-0.81424624 -0.022948515 0.6279419 0.30413914 0.21435374 -0.118226826 -0.10275404 -0.7948227 
0.44377965 -0.61688864 0.015076868 -0.13272129 0.65662754 -1.0475944 -1.0951128 0.048969693 
1.778389 0.26599932 0.45942092 0.79420745 0.5138225 0.35284737 0.4317862 -0.7574358 
0.2792618 0.05286217 0.91873145 -2.0377753 -0.992543 -0.31752864 1.5681962 1.0261903 
1.5623115 -0.5690487 0.9099399 -1.4743026 -0.99339795 0.588073 0.2993866 -0.12821606 
-0.8267666 -1.6869175 0.35176095 -0.05449947 0.44871446 -0.9776844 0.50807506 -1.7104741 
-1.1082342 0.8255772 0.59646016 -0.95824987 -0.6043855 -0.016204957 0.6423061 0.2111402 
-0.9650147 0.86768264 1.3094949 -0.3725646 -2.7263067 -1.3202327 -1.0881311 -0.80958533 
-0.2929885 0.18756163 -1.465347 0.31725308 -1.2555166 0.12465967 -0.66664577 -0.28705084 
0.19841447 0.09303579 -0.87320155 1.1020625 -0.40283102 -0.42385426 -0.6465984 -1.6590663 
0.3616772 -0.022789065 -0.13076103 0.37787843 0.9235766 -0.47714892 -0.2863683 -0.92631006 
1.2685024 -0.347352 -0.561556 -0.68056905 2.1504016 1.1744325 0.009726544 1.036346 
-0.3351938 -0.4803916 -0.10560131 0.6737883 0.43984413 -0.7640452 -0.56868446 -1.3223468 
-0.72744286 0.17411143 1.2232237 0.5807856 -0.15844843 -1.8933421 -1.443274 0.947489 
1.2300181 -1.3487297 -0.9294547 -1.9872465 1.2952946 -0.49730328 -1.5975832 0.13368364 
1.2115122 -1.8206861 -0.47051582 1.6483229 -1.4545703 0.4527217 -0.7885069 -0.23355435 
-0.46290025 -0.57065374 -0.21529563 0.55257636 0.3904163 -1.263321 1.1786783 -2.1566083 
-1.7287809 0.10477805 0.38914362 -0.10629733 2.2397273 -0.845688 0.97357696 -0.9507595 
-0.13376103 -1.3368771 -1.4856944 0.36433458 -0.7138034 1.578274 -1.4993426 -1.4089489 
-0.34630832 1.6537424 0.63804543 1.0723974 -1.1189424 0.10654594 0.23647578 0.046475146 
0.6402118 -0.44089106 -0.20802692 0.023285836 -0.38509497 0.3466697 2.1149254 -0.37843198 
-1.6270194 0.24360803 -1.6064723 -1.0495638 0.6865956 -0.73930514 -0.8880198 -1.005888 
-0.05388624 -0.20030496 -0.3263283 -0.8453087 0.18462597 -0.26266322 1.5373833 -0.087403506 
-0.8846857 0.3022554 -1.8499304 0.8469512 -1.2883283 -1.2591974 0.03239436 -0.37381497 
0.42908615 1.8862401 0.7661273 -1.8652238 -0.7744511 -0.8486065 -1.1725438 1.6638671 
0.38827905 -0.1637874 -0.42733946 -1.2675464 -1.5328908 -0.7943317 -1.0171767 0.9382311 
0.4392815 -0.29684106 -1.6385217 -1.1670727 -1.8559722 0.24563047 0.06593073 0.038878646 
1.5735793 0.7620601 2.4356768 0.33738974 0.9467597 -0.75699395 0.98205316 -0.8670929 
-0.6823477 -0.68335843 0.6519541 0.83038926 -0.011941712 -0.07606961 -1.3381394 -1.3356503 
-2.5648499 -0.119240515 1.4133636 0.12261493 0.4842814 0.3280786 0.2961456 -0.26043501 
-0.747703 0.83892906 0.46440402 0.9142349 -0.4784819 -0.6079404 0.8565659 0.05750691 
-0.9137323 -0.78926086 -0.07168037 -0.25364572 1.0647796 -0.32029068 0.08985823 -1.5736753 
-2.2051787 0.84557897 -0.44010907 1.6393461 -0.42555487 -2.0500681 1.7334108 1.4768873 
0.030247187 1.2633361 -1.8142195 -0.68854964 0.7635281 -0.5665141 0.7228356 0.19014065 
2.8189843 -0.36985126 -2.1784592 0.5529956 0.5234591 -0.7426698 0.48797774 0.6791769 
-1.4305367 -1.7821234 0.12054315 -0.8939116 -1.2989364 -0.26548806 -1.1385703 -1.9593745 
-1.1789145 -0.12613603 -0.88868755 -0.7783922 0.4941104 -0.11063708 1.0113676 -0.28173274 
-2.06553 -0.52450705 1.9335253 -0.21457349 -0.8931944 -0.37790123 0.45607328 -0.6260951 
-0.29098713 -1.5016916 2.7597032 1.350737 -0.90245837 1.4396058 0.31250465 1.0398526 
-0.6010298 -2.2228503 -0.08654857 1.2638029 0.5519497 1.3753183 0.037798014 1.465322 
-1.1697936 -1.4583842 -0.7148751 -0.8761591 0.6554161 1.2140503 -0.1137232 -0.5018449 
-1.0586156 2.3232088 0.6351549 1.2554092 1.1845758 0.64454323 0.018187277 -1.7670301 
-0.861939 0.26917794 0.51049906 -1.2540439 -0.45490575 -0.75152177 -0.71513647 0.5341505 
-0.015797535 -1.1366636 1.3591074 -0.3176232 0.9160264 1.433744 -1.2047246 -1.3138738 
-0.08666179 0.046095017 -0.030617055 0.30555937 0.0452539 0.18382494 -0.53790236 -1.1535856 
-0.28762734 0.0996498 1.4738973 0.03890734 0.15841104 -2.3231068 -0.6818308 -1.9268159 
0.081039846 0.103462644 0.4891941 0.012729139 0.117007814 1.0677445 0.59303164 2.0198724 
-0.3202411 0.054912023 -0.084984325 -0.5974183 -0.14516333 0.07745067 0.5309397 -0.72135025 
1.390382 -0.9917073 -0.27180934 1.0272002 -1.3222592 1.044177 -0.29234618 -0.80824727 
-0.5668757 0.15411991 1.5714382 1.2716649 -2.289212 -0.31449246 -0.95062137 0.93513924 
0.7452638 0.052758034 0.9534355 0.91544074 -0.25057688 -2.106748 -1.5641872 0.62448406 
-0.16346982 -0.5519753 0.018656021 0.39838105 1.4252844 0.3705262 1.3854973 2.2152061 
-0.04388239 1.7136043 -0.2628021 0.27306372 1.7606134 1.8620543 0.6789408 1.3483331 
1.1648372 -0.5753952 0.36765882 0.68925995 -0.31488854 0.28656375 0.9436294 1.6068667 
-0.87861073 2.4560742 0.4519449 -0.8079043 0.18103093 -1.0744216 1.0348725 -0.69234 
1.4104892 0.31967038 -2.5381393 0.13475303 0.6069581 -0.80364877 -1.1343004 0.5091408 
1.5515523 0.43291885 -0.23756233 0.99360454 1.566467 -1.2090745 1.4370195 1.4781218 
-0.03704075 0.5141509 0.58180356 -0.9626687 0.12571351 0.3154911 0.62686026 1.3506854 
-0.56527615 -0.29164153 0.04999623 -1.5223725 0.2618424 -0.4873314 0.66988647 -0.9948481 
1.7360911 1.2794662 0.21690254 0.95199865 -0.79677397 -0.4701942 -0.585485 0.6702045 
-2.2070794 -0.5043441 -0.13046941 -0.04357665 0.46349016 1.368916 -0.1633462 -0.46372575 
3.0486934 1.0726963 0.24010582 0.5664451 -0.7471444 -0.46890882 0.15235737 1.6862963 
-1.2212237 -0.6307784 0.8983262 1.2181801 0.52603203 0.3261168 1.3716675 -0.39163417 
1.1808283 -0.6304416 1.2093225 1.3461877 1.0341065 1.2011195 1.3812146 0.14498417 
-0.41156706 1.858791 0.8051713 1.232987 0.952429 0.38052598 -0.68845165 -0.25759748 
-0.0344661 1.2373489 -0.013224158 -1.9817275 -1.4034799 -0.34533417 -0.20403145 0.18421312 
-1.3594007 -0.3067724 -1.1430242 0.9372534 1.0150295 1.1640875 -0.16093627 -0.21745297 
-1.8223621 -0.30268225 -0.73306465 0.53684926 1.552915 1.9054228 -0.78996104 -0.8821431 
1.6302278 0.15073298 0.82086885 0.6233779 0.72794646 0.4994602 0.8414797 2.6444838 
-0.5360913 -1.1433249 -2.0664907 -1.376397 -0.055570856 0.7770741 0.6958259 -0.7982235 
-2.015299 -0.7981828 -0.45207673 -1.1294546 -0.012943538 0.764097 -0.4933071 -1.0242828 
-1.968275 -0.21936895 1.1599412 0.71183723 2.3452387 -1.1456023 -1.3930249 -0.3209009 
-1.0778177 -1.9609869 -0.74120635 0.6246502 -0.49591398 0.40776357 0.67341393 -0.46503192 
-1.2113587 1.0961624 0.6440214 0.7034031 -1.6762149 -2.2448714 -1.1337651 0.006763808 
1.3149686 0.51760525 -0.2830642 -2.1012075 -0.3815342 -0.5436593 0.0010189137 -0.13619313 
-0.99829894 -0.6244396 0.48904854 0.69261545 -1.3577704 -0.843654 -0.0092556495 0.782152 
-1.2829864 0.9386191 -0.99141955 -0.22882016 2.9724383 -1.06705 -1.3287413 2.5272574 
-0.5742609 1.0788051 0.3574306 0.015740342 1.3450098 -0.086043864 0.2035904 0.8346129 
-1.5770463 2.1686425 0.87940925 -0.6281275 0.3494447 -0.62047267 -0.9543561 0.5802912 
-0.043820027 0.10919899 -1.1358938 -0.05805484 -0.585845 0.05560784 0.30862427 -2.0575924 
1.3098458 -1.0227915 1.0725008 0.31881952 2.148252 -0.24154046 -0.19609837 0.3019055 
0.25853553 -0.9902089 -0.6110533 -0.24208255 -0.570943 0.10498636 0.1069762 0.74840546 
-0.30117866 1.9914985 -0.90621704 0.13346681 -0.33599097 -0.06326356 -0.638139 -1.2676983 
-1.1374092 -0.9068075 1.2652156 0.0125512965 0.13153264 1.953509 0.14495978 1.2180085 
0.009732557 0.27939025 -0.7783699 0.3981711 -0.32612813 0.10761106 -1.6333473 1.0018504 
-1.572663 -0.47268566 0.25944343 -1.2930236 0.22838052 0.97244805 -0.73749226 -0.046998605 
-1.1749353 1.4480653 0.22947627 0.55173105 0.9277726 -0.26689652 0.39649385 0.5455695 
-0.058751862 0.5118298 -0.74128264 0.031727485 -0.38976076 -0.1456336 1.083247 -1.8161125 
1.5964435 -0.38366836 0.29472834 -0.24412635 -0.9086129 -0.08239036 0.16934864 0.09103506 
-0.10630877 -0.22901501 -0.34039605 -0.23322047 -0.20548587 0.8925267 -1.745929 -0.087699264 
-1.0315864 -1.659287 0.8534012 -0.30585957 -0.7531104 -0.7436171 2.599564 0.058845755 
0.8570578 -0.5888898 -0.011455492 -0.34624574 0.44291592 -0.21177544 -0.6178477 1.1630447 
-1.2872224 -1.3689616 -0.57349885 0.53500247 -0.28239268 -1.1724458 1.1575228 -0.49597833 
-1.32968 1.3006392 0.5676899 2.3079748 -0.4022122 -0.35421416 0.479452 1.4641203 
-1.247513 -0.039039146 -0.761958 0.7170358 -0.19854811 -0.44652715 1.3979423 0.70351017 
-1.0971416 -0.06258353 0.9406229 -0.2776247 0.2566537 -0.26710528 1.2773253 0.32860768 
0.021046426 0.805865 -0.8269129 -1.2682014 0.64254755 -1.1107771 -0.2598312 0.95537233 
1.6733931 0.9790089 2.802276 -1.6889937 0.8278465 0.25368896 -1.0575871 0.5359782 
-0.88874424 0.8167238 -0.4975172 -0.18295492 2.4449623 -0.005931666 0.5573723 0.7840835 
-0.43506068 0.9532974 -0.19980042 2.514473 0.5381134 -0.028569527 0.28878346 -1.7315097 
0.65066904 0.72433585 -0.35820684 1.2910153 -0.8558116 0.102177255 -0.05994441 0.96206605 
-0.26238146 1.7837698 -0.49841192 -1.3387907 1.8400223 -0.8926702 0.3205004 1.2353259 
1.4476097 1.3663912 0.38445354 0.5686137 -0.76759094 0.28450373 -1.493009 -0.44859323 
1.7358567 0.030717373 -1.0487924 0.056647677 -1.4698998 -0.042186987 0.9344042 -0.16605136 
1.9792291 -1.9114875 -0.16347085 1.0284172 -0.073377006 0.47862267 0.4507122 1.0663427 
-0.22778322 -0.23988707 -0.28708914 -1.7211591 -0.6641032 -0.59838754 0.8712639 -0.05153752 
1.9253293 0.15846515 0.11626471 1.1767236 1.4198303 -0.70372003 1.7513553 -0.07111963 
1.0749013 0.04799741 -1.8724608 0.5766417 0.9065301 -0.6357228 -0.72974473 2.19347 
-0.45225206 -0.0667637 -0.45828044 2.2177835 -2.184274 -0.5481334 -0.5462273 -1.2929512 
-1.1815213 -0.618893 0.43071443 -0.7131646 -0.36804724 -0.62399846 -1.3686843 0.008024964 
-1.2366933 -1.403181 0.090200305 -0.95490044 -1.4499356 -0.68142116 -0.030558797 -1.0158229 
1.1028974 -1.3206162 -0.42916965 -1.3335115 1.6787841 -1.2906151 -0.02057924 -0.78757036 
-2.0448813 1.0136272 0.852449 0.023059163 0.5132024 -0.5174878 -3.2698414 -1.5536819 
-0.3949197 1.6444689 0.9045017 -1.1725185 -1.1365856 0.043583516 -0.10975545 0.29482588 
0.037907347 -0.12908779 -1.7996385 -0.7569939 1.324684 -1.5353816 -0.09861302 -0.89693177 
1.6679821 0.29125008 0.597418 1.4638546 1.7011385 -0.642437 -0.30440992 -0.5392002 
0.694176 -1.3254695 1.2673767 0.27915347 0.054364912 0.19981138 -1.4060928 -0.9700277 
0.19333738 -0.075511605 0.6033608 -0.37738985 -0.9485321 0.41413954 0.31631476 -1.0019208 
0.52980286 0.012904262 1.3453304 -0.45265335 -0.6204897 -0.3976853 -1.9129968 -0.11310689 
-0.03585794 -0.46631935 -0.23733677 1.4849097 -0.42220223 -1.3344964 1.2157065 -0.03177379 
-2.1664712 0.17706768 1.0013711 0.1294335 1.0777487 -0.3972025 1.1103737 -1.2831938 
-0.18947805 -0.6536849 0.010014304 1.2756138 -0.51232964 0.16380085 -0.12083468 -0.4569196 
-0.075331695 0.65158147 -0.37941325 -1.5033042 -0.4137395 0.4032727 -1.2277237 0.06612194 
0.041109864 0.02658134 -1.5690681 -1.3607603 0.7281493 -1.3745425 -1.617602 -0.6883226 
-0.9479648 0.14110003 -1.253824 0.1740858 0.7435758 -0.8684494 1.0338609 0.30904478 
0.15951084 -0.9015931 -1.0185864 0.1954865 -0.02808166 -0.28202966 -1.3985621 -0.4160955 
-0.73228115 -0.8932662 -1.2312249 0.09578434 2.1048408 0.14545678 0.3252463 -0.12852354 
-0.5661462 1.1801893 -0.25731945 0.19545864 -0.9161586 1.1767082 -0.007267091 0.586636 
-0.55765444 0.19623475 2.1126578 0.7683198 -0.61070836 0.5470583 -1.8150048 -1.7239277 
-2.1016312 -0.8668965 0.53647584 0.24479368 1.4072877 -0.20931807 0.45233297 0.9223803 
1.8713735 0.21041241 -0.18107596 -0.16081202 -1.3709027 -1.3171694 -2.618714 -1.1770881 
1.0762028 0.86531514 0.0033584978 2.0279906 0.28367805 0.20562872 1.3601294 0.30239487 
0.2957656 -1.807523 -0.18032907 0.14917809 -1.4215301 0.34889936 -0.36086056 -0.8486049 
-0.7825497 -0.1402018 0.6949311 0.06387101 -0.40069237 0.21664377 -1.375704 1.2238896 
0.47447073 0.86474854 -0.36616474 -0.11134924 -1.3850764 -0.44381633 -1.1720966 -1.0877968 
2.0092003 -0.5840719 -1.4133205 -0.25125828 0.19879936 0.94702995 -0.058791198 -0.1253023 
-0.54271317 -0.449972 0.806554 -0.81838197 0.9201437 0.025751837 -0.42125866 1.9534953 
-0.19737373 -0.9332759 0.8341904 0.40628973 1.0163008 -0.9508777 -0.7695087 -0.16024257 
2.2753773 0.34441385 -0.25319973 -1.3137895 0.880847 -0.075920485 -1.397601 -0.71795684 
1.6695912 -0.8837149 -0.42051786 0.4108406 0.49450836 0.9574186 -0.09336634 -0.46117362 
-0.72379494 -0.95549786 1.2074622 0.15427105 0.3616944 0.76162934 -0.2497497 -1.6424837 
0.640603 0.97656375 -0.20331591 -1.172546 -0.650256 -1.2933729 -1.1098123 -1.0241545 
0.21078816 -0.18513085 -0.5492247 0.3739478 0.8409372 -0.16081217 -0.86679924 1.7532171 
-0.98398346 1.1166894 0.3213574 -0.97861373 -0.0881297 1.2718625 0.11561186 1.9578769 
0.6280544 -1.341936 1.8421884 0.03411324 0.5204125 -1.331158 -0.0018464981 -0.49772215 
-1.7534243 0.9626987 -0.5495347 0.7559229 0.40296808 -0.11519197 -0.48829427 0.66204494 
-0.85795254 1.2538726 1.254356 1.5328126 -0.0043185935 -1.4008447 -0.0086351605 1.0999317 
-0.58737075 0.36042666 -0.07055993 -0.95574623 0.6874206 -2.4340217 -0.76088685 -0.65790457 
-2.0939667 0.43733156 0.34543785 -1.4925467 0.16934277 -0.05962348 -0.2925576 -2.3936708 
-0.69935995 -0.14583941 0.71824515 -0.45627302 0.44445086 0.64095473 0.4945066 0.75441194 
-0.5110521 2.266011 -0.20886822 1.0842153 0.003444473 0.80283654 -1.697135 -0.090038896 
0.7327841 -0.48821944 -0.1969759 0.8209451 0.41481295 -0.93530184 -0.0550836 -0.34340966 
1.4613774 -0.96344644 1.2640535 1.8318756 -0.83202314 0.31010467 1.6107302 -0.7028175 
-2.051805 -0.06965584 0.156661 -0.036916964 1.5709484 -0.6173776 -0.8146953 -0.00012002967 
1.2107433 0.5638115 0.26832846 -0.88712865 -1.5601563 -0.84907734 -0.7920093 -0.56889606 
-0.7345865 -0.41931713 -1.4133457 -0.5601089 -1.296734 -0.6115819 -0.68028 2.1601188 
0.67042017 0.48521784 -1.3462019 -0.22170316 1.3287797 -1.011182 0.0940069 -0.10962448 
0.572155 0.5886665 1.2140343 -0.7937835 -0.6541341 0.03283794 -0.5889257 -0.4410524 
1.5307957 0.7293385 1.8338239 -1.8536466 -0.19604616 0.8166119 -0.22817636 1.2225727 
0.92469275 -2.0348632 -0.8522435 1.479013 -0.3132634 0.73537844 1.525939 -1.0472012 
-0.8136159 0.15511717 0.014614914 -1.0845408 1.5215622 1.6016889 -0.17881651 -1.2013166 
0.46096888 0.6988732 -0.5108386 -1.1128391 0.62169486 -1.515156 -2.6494286 -0.14650133 
0.60147494 -1.1821408 1.5208834 -0.14636588 -0.59363055 -0.80094206 1.1773574 -0.8520984 
1.2691623 0.575071 -1.0865303 -0.9853432 -0.39035118 0.5067575 0.10480206 0.46908072 
-0.3012048 0.7177464 -0.7407299 -0.9942534 0.17049421 1.5007957 0.0118674245 1.1262066 
-1.5748774 0.072454885 -0.7656541 0.2988412 -0.9762426 -0.03151703 0.0896774 -1.3095763 
0.29136837 0.68945956 -0.7823041 -0.39813194 -0.8336152 -0.541269 2.1472735 0.109614894 
-0.7704843 -1.6136776 -0.8618486 -1.43761 -1.5877485 0.94447803 0.23673674 -0.35156277 
0.05692213 -0.17917196 1.5269215 -0.45234218 -0.084023155 0.52293164 1.3760679 0.062291212 
-0.42041636 0.10997851 -1.0034654 0.7350167 -1.2673075 -1.9822056 0.37944788 -0.8777172 
0.58867174 0.14496842 -1.5917314 0.5519514 1.0171425 1.4217511 -1.7828407 -0.38393533 
0.5537874 0.66105884 -0.07722271 0.5241911 -1.3740011 -0.68411815 -0.2933522 -1.2970333 
1.4451542 0.64450026 0.33861685 -1.3743091 1.8864931 -0.6197375 1.1894522 -1.5964988 
-1.5073186 2.1061935 0.10427449 0.06008449 0.9939535 2.6743186 -1.1500225 -1.5955265 
0.3212206 -0.18160994 0.47146064 -1.0667803 0.8180395 -0.6303555 -0.5848747 0.3335776 
1.9153298 -1.7163767 0.23909083 -0.13171694 0.4707032 0.62618226 -0.47873563 0.8488485 
-0.036837827 -0.9525297 0.8041761 2.0569308 -1.7814007 1.6763502 -0.36974472 -0.6606832 
0.84563845 0.46076182 0.42051274 1.7754335 0.5981591 -1.438573 -1.2498947 -1.7388415 
1.2371485 -1.5297602 0.55286396 0.15664165 -0.31393522 -0.053324044 1.0107633 -0.17838734 
-1.0893233 1.5851413 0.9774097 -0.30859104 0.47449937 -0.14697435 0.8055912 2.4060967 
-1.629245 -0.4975593 -0.59397 -0.6053936 0.19645223 -1.1805186 0.4909446 1.0188074 
-1.1531467 0.30580032 1.1608113 0.739571 -0.68745714 -0.0017403128 -0.10592138 -0.4924743 
1.8050816 2.494746 1.2660712 -0.10042769 -1.8592093 -0.6270691 -1.1509646 -0.5059424 
0.42358762 -1.0959947 1.0137271 -0.58268696 -1.0647697 -0.6913954 0.21703167 0.7521399 
0.12813935 -1.0089184 1.4695042 0.9205023 0.34270576 0.99870545 0.3290031 -0.4796227 
0.73908734 0.05099133 0.8137364 -0.8493302 -0.47390446 1.1796653 1.661944 -0.22033331 
0.1242957 0.48917598 0.519635 1.1590321 0.77226657 1.0505651 -0.10044273 1.9453844 
-0.8348923 -0.03898591 0.08540531 1.6023723 -0.12885876 -0.17433229 0.49886596 0.65359193 
0.0792234 0.83092856 0.38505894 0.8008169 0.4671401 -1.7619512 -1.8812087 1.3555913 
1.4231037 -1.0030075 -0.35677627 -1.0489911 0.47661486 0.6780607 0.51175016 -1.4512185 
0.26289344 1.9253266 1.0458014 -0.1418574 0.462474 -1.9766505 -0.52890664 -1.7783269 
-2.1749926 0.28368104 -0.118779294 0.15552247 -0.64211375 -0.76397324 -0.21579951 1.9652052 
1.779979 2.2697425 -2.068821 -1.3806137 -0.04530137 -0.17697875 1.3929588 0.36303502 
0.42985162 0.9825288 -0.75706047 1.3915714 0.38545617 -0.27194992 -1.532577 0.8617633 
-0.40526003 -1.1360425 0.2526879 0.34694663 -0.090004675 1.179524 -0.6292166 0.62124306 
-0.7242416 2.0768898 -2.3784266 1.1294975 -1.2014978 0.7227873 0.61199296 -0.07435247 
0.6578518 0.06722851 -0.24139906 1.2073302 0.88742083 -0.09990783 1.033164 0.13979882 
-0.9163685 -0.5739192 -0.91177845 -0.16834821 -0.49395165 -2.0787969 -0.6422762 -0.29395354 
-2.2846508 0.9598759 -0.23144363 0.7656631 0.37278768 -0.80455357 1.0244491 -0.4208452 
0.28456295 0.5034787 0.6885298 -0.44132996 0.34094796 -2.3217347 -0.27951992 0.10026664 
-1.4735504 1.4423646 -0.87449175 1.3813143 0.3026857 -0.048947968 0.113250986 0.29049432 
-1.0567347 -1.6793311 -1.4483253 -1.0325768 0.1684261 0.48842356 0.7582626 0.9460428 
0.7579043 -2.2928426 1.5247626 -1.6064019 -1.235354 -1.6607809 -0.8904188 0.86958027 
-0.6778308 -0.7981068 -0.67772406 1.127447 1.821205 -0.47007534 -0.136731 -1.6381445 
-0.4481614 1.6448076 1.4405771 0.5941735 0.5089994 0.47158352 0.59570503 0.3506895 
-0.08341073 1.1106082 0.4475435 1.6027277 0.113782726 -0.23768444 -0.06685194 -0.29597405 
2.3730726 0.6432083 1.2986555 -1.6702038 0.4023251 0.2071813 -1.0671751 0.6785137 
-3.3494794 0.49903893 0.28749716 0.32128775 -0.09516218 0.44873163 -0.08385425 0.20908496 
0.7985106 0.90035117 0.54015815 -0.4345578 1.9595838 -0.9605235 -1.0547502 1.4663984 
0.5570115 -1.2390687 -0.045504373 -1.4418471 0.87254536 -0.551886 0.50047684 -1.3613483 
0.90008825 -0.6297684 -1.24461 -0.6236813 -1.1761885 -0.17940749 -0.63172007 0.20314309 
-0.30127943 1.59161 0.4484347 -0.36551115 -1.5880105 1.3880529 -0.6657877 -0.68056476 
0.7486347 1.5370754 -1.122636 -0.75352573 -1.5862894 -0.33075687 0.4618368 1.2949167 
0.8053953 -0.20001346 0.86834425 -0.066180564 -0.4345424 -0.10008181 0.640804 0.19335948 
1.3813912 1.4444529 -2.4905107 -1.6671302 0.55690235 -2.1001773 -2.0808928 -0.74079347 
1.4426548 0.7286774 0.787035 1.9821411 -0.38628286 -0.317725 0.79083407 -0.5348558 
-0.43958938 1.2933164 -0.7061016 0.9239734 1.0697763 -1.5170097 0.30252004 1.6760784 
0.5318373 0.3675774 0.92483634 0.36280456 1.4010344 1.207013 -0.5905431 0.002181517 
-2.5946896 -1.0340463 0.050681222 1.4287491 -0.71148825 -2.043675 -1.1180135 0.3242767 
1.3970526 -0.34441504 0.81378156 -1.6593857 1.125636 -0.7496223 -0.28643483 -1.430455 
-0.9576728 -0.34790608 0.68166447 0.5011756 -0.8108538 0.43104646 -0.8094601 0.3280526 
0.42191812 -0.08269736 -1.7167174 -1.2876996 1.8806001 -0.052981384 -0.529668 0.3234566 
0.45347142 1.7754226 -1.2349612 -1.1920872 0.683559 0.0011386647 -0.17067932 -0.33285382 
-0.71000165 -0.7324644 0.81920046 1.8475598 0.98627144 -0.80463153 0.19826622 -1.4190702 
-0.54835314 1.2381467 -0.34564012 -0.9425714 -0.34125364 -0.9821218 -0.051815312 1.3103039 
-1.0643439 0.86606634 0.575462 0.876561 -0.16977963 -1.5470096 0.61833817 -0.83630073 
-1.4258589 -0.8262631 -0.610479 0.46268404 -0.009922793 1.7553798 -0.19313897 -0.38891834 
0.58926976 0.99551165 0.79546547 -1.1888472 -0.2383357 0.55495346 0.7675902 -0.80146503 
-0.30651107 3.1828496 -1.0015063 -1.7315904 0.8359708 1.7942791 1.5878797 -0.24749665 
0.23704451 -0.01938013 -0.36082175 0.41969723 -0.738745 0.8444694 0.052270677 0.8121319 
-0.6276902 1.335971 0.5787373 0.18659003 -0.046290413 0.2596095 -0.9607528 -1.4387054 
0.16531529 -1.6683779 -1.9190141 0.7157266 0.047722902 0.7131185 0.16249515 1.1239815 
-0.019519046 0.48774755 0.59652895 0.5369036 1.0201637 1.4927931 0.3266606 -0.71599156 
0.74185157 -1.1060616 1.4007322 0.08291479 1.3992227 1.7352103 0.9871507 0.28227127 
-0.1973198 0.028260874 0.07872449 -1.3045946 0.60097206 0.99968743 1.0486902 0.63008314 
-0.6414289 -0.6203951 -0.43024772 -0.4879031 2.5162013 0.37384993 0.90882367 0.10523786 
-0.18008451 0.40437177 -0.18767074 -0.9580076 0.3894636 -0.069126666 0.09598894 0.40202785 
0.047828756 0.4091788 -1.5358365 -1.1547629 -0.8375604 -0.43058538 -0.4887968 -0.16602725 
1.5426036 -0.08649491 0.31899416 -1.0649731 -0.69271475 0.18591045 1.0609473 0.8963536 
-1.2359066 1.2981428 1.2538049 -0.75783175 -0.5129082 -1.1994007 -0.274459 -0.2650145 
-0.95850366 -0.7604318 -0.13663048 -0.31298512 -1.2892779 0.0463433 -0.9698791 -0.7523298 
0.37399444 0.6321952 -0.87323886 -0.8859093 -0.18711899 -0.9708472 -1.1468232 -0.46343535 
0.91159433 0.64431816 1.5184815 0.7747129 0.511038 1.3500736 0.10825963 1.4005609 
1.1463759 -0.1991256 0.04893929 0.07167401 1.145302 -1.6211742 -0.50287825 -0.074105814 
0.78413874 -0.68204844 -0.54581356 0.5828547 0.45407516 1.8034823 0.8385155 -1.3382133 
0.55231017 -0.24725701 -1.2225326 0.9561278 0.05403567 1.2460203 -1.3062452 0.5879242 
0.5693186 -0.27466378 -1.2865589 -0.3893194 0.5645481 -1.0772942 -1.3692935 -1.3330775 
-0.49872354 -1.2657149 -0.38052666 1.6285144 1.4375982 -0.49218434 -1.191314 -1.7898555 
-0.38010505 0.6674973 -0.28081802 -0.6369105 2.455574 -0.14822537 -0.36702114 0.028467022 
-0.17486736 0.22382908 -0.50393033 -0.04258976 1.2332976 0.1907317 0.52517474 -0.28059027 
0.15034145 1.1960846 -0.81925994 -0.5612913 -0.8843623 0.3267493 0.019099614 0.62644136 
-0.061511405 -1.1040884 -0.040606897 0.55337125 0.31192 0.12104553 -0.81109995 0.44126266 
-3.4257572 1.134229 0.9280511 -0.25788856 -0.5967405 1.250676 0.17390503 2.2635205 
-0.85329425 0.46732715 -0.42176858 1.0443166 1.1283652 0.4166925 2.237536 -0.5845374 
0.38559353 -0.8358056 0.82326335 -0.7566813 1.269875 0.78236765 0.887482 -0.7733534 
1.2303896 -0.74091494 0.09664832 1.1385285 -2.4612541 -1.5674741 -0.671229 -0.037735555 
-1.5344167 0.6663641 1.0371342 -0.017439932 -0.21736734 0.35823393 0.49630103 -2.4265785 
2.1199818 1.4726233 -0.05936124 0.16483904 0.8553511 -0.1728349 0.95407397 -0.9147853 
0.95483506 -1.5592558 0.0014035938 0.45483395 0.15415034 1.1298761 0.20900838 -0.7930849 
1.9190968 -0.5808569 0.2607474 0.11914981 -0.67085135 0.41710743 -1.3092858 0.3735221 
-0.37529194 -1.3967475 1.3204921 -0.27614912 -0.53731835 -0.5528983 0.3441706 1.567213 
0.68353033 0.61422354 0.322827 0.74621856 0.021954622 -0.7404538 -1.942244 1.7738413 
0.05864896 -0.97609407 -1.655952 0.91271466 0.62482846 -0.27483773 0.3632025 0.13623334 
0.6663487 -0.8088153 0.31308696 1.7929933 -0.19232558 3.3769338 0.53857064 0.86128724 
0.56499743 -0.8736407 -0.49413723 2.1661334 -1.9553612 0.41350046 0.3385905 0.7165809 
0.86469847 -1.3923229 0.14486703 -0.8752415 0.31382364 -0.40627465 -0.24291049 -0.24331987 
-1.0263103 -0.6951218 0.28967512 0.02576697 -0.20726019 0.72085804 -1.0320218 0.25735015 
1.4896435 0.7627625 1.0976319 0.17479251 0.07888594 -0.44982892 1.0725965 -0.74944025 
-0.59474736 -1.097548 -1.9350042 2.548995 -0.47182968 1.1850787 0.1297992 1.2358396 
-1.5644926 -0.0059106327 1.2299078 -0.013687115 -0.15475483 -0.26590374 0.33000576 -0.34276953 
-0.27322462 -0.40662044 1.078456 -1.2622169 0.42517033 1.2734041 -1.2534871 -0.13455312 
-0.5644124 -1.2352114 0.38354325 0.24464059 0.00059549534 -0.78552705 -1.2402283 -0.015530027 
-1.0229926 0.765319 -2.7698889 0.8409705 -0.72497773 2.321799 -1.3100322 0.27515304 
-1.1438707 1.1727084 1.7781287 -0.11850405 -0.86081815 -0.6641271 0.59692335 0.18155627 
0.7647995 -1.261053 0.19745755 1.7866175 0.5289902 -1.8541242 -0.7919386 1.4517926 
-1.8245312 1.7901127 0.87462413 0.32672584 0.7984004 -0.13587402 -0.5768624 1.9179343 
1.0608616 -1.6458274 1.0444441 0.58155435 0.47042975 0.3276057 0.6861629 -0.43319854 
0.42668733 1.0875862 2.6385393 0.19654799 0.32666397 -1.6088265 1.4269985 0.11729051 
-0.04363828 -3.0194075 -1.6797198 0.6354495 -1.3717344 0.29866776 0.4835748 0.852948 
-0.9587518 -1.3764815 -1.0927438 -0.24597901 0.712093 0.45766398 0.88892156 -0.3341405 
-0.9863812 -0.22858487 -2.3503113 2.152829 0.4641554 -0.18482965 0.15637274 0.51249856 
0.6070019 -0.13072574 0.7877443 2.0152528 0.36225164 0.29024485 -0.15056407 -0.72419596 
-0.059111454 0.2801647 0.02676647 -1.3409022 -0.37693503 1.1595244 -0.87394387 0.4440808 
-0.009422069 0.9210012 1.121986 -0.42354456 -1.2770083 -1.6551996 0.81289256 0.31282893 
0.43195885 -1.3293463 -1.9551262 0.29990038 0.44815478 -1.4481114 -1.4033362 0.9458691 
0.7349145 1.13842 0.74842244 1.5073826 0.59516835 -0.57838255 -1.9111296 -1.149549 
-0.3891406 -1.1294103 2.2444391 -0.7760769 1.4855052 1.6912874 -1.1443708 1.4642732 
2.0613916 -0.6600082 -0.28132862 -0.8856603 -1.0173798 0.6194087 -0.638419 0.9029382 
0.29082358 1.1942897 0.89069825 -0.09081972 -1.1555816 0.9532848 -0.604585 2.945294 
0.4980896 0.64330035 0.6044829 0.31967345 0.23764431 -0.45726317 0.18225557 -0.10529051 
-0.88080764 -1.2158095 1.8326865 0.8054117 -0.19412817 1.1309286 0.27550074 -0.7781289 
-0.4574288 -0.11906178 -1.2298232 -0.07114633 1.748307 -0.26743376 0.28498626 -0.6832866 
2.1689756 -0.622218 0.9816583 0.09369615 -0.29837564 0.9360307 0.47660702 -0.4586078 
2.3005147 -0.3231783 0.04104367 -0.22567129 -0.75794894 1.1665449 0.15250914 -0.680926 
0.9696943 -0.064663485 -0.44658342 -0.5042651 0.35682806 0.29478222 -0.2729519 0.07187149 
1.0434319 -0.11883263 0.62743783 0.19339043 0.2850262 0.6214558 0.24719457 0.21045756 
1.0237948 -1.0895059 1.4450535 -1.1725885 0.7985486 0.11345161 -0.96417767 0.15912513 
0.30111066 1.7956734 -0.4318354 -0.015584237 -0.8442496 0.0020539241 2.3184044 0.92602503 
-1.2754889 0.0023884212 -1.9334829 -0.2862057 0.042982128 -0.10064671 -1.7271982 -0.33557668 
-0.25407243 -1.0617758 -1.5056704 -0.2175977 0.106368616 -0.5538174 -0.757006 -0.064561665 
-0.48818016 0.02704972 1.0314435 -1.6106431 -0.81662506 -0.27050003 1.7938462 0.7316422 
0.20846744 -0.074792586 0.7555378 -0.8058834 0.32684824 -0.54093933 -1.264594 1.3383532 
-0.7645111 -1.956097 -0.56418514 0.20447476 1.2409335 -1.4709471 -1.4739912 0.28935236 
-0.3290866 -0.03560216 -1.2099499 -0.084851526 -0.77763325 0.028673578 -0.40415815 -0.43125632 
0.868982 -0.6165774 0.9017247 1.3312008 0.15414776 -0.70481884 1.021313 -0.37460914 
-0.7018823 0.9043668 0.87429017 0.74144965 0.15350702 -1.0655521 -1.5075345 -0.65653354 
0.66134524 -0.3950752 -0.9051886 2.0888019 -2.049229 -0.8256703 -1.8252054 0.2722834 
-0.8854277 -0.010780678 -1.1037339 0.42312753 0.47321522 -1.0098134 0.49549773 -1.0764626 
-0.33747247 0.8671275 0.26445916 1.2035683 -0.015163356 1.0635171 -0.3981055 -1.0893054 
1.3991756 0.65648746 -1.129646 -2.1959727 -2.036286 0.29060805 -0.45421246 -0.56828624 
-0.55837125 -1.7447611 -0.16309318 -1.6182402 0.3475078 -0.12828574 -0.7445196 -0.62371635 
-1.1408561 0.6442127 -0.41350895 -0.2769696 0.4705971 0.04341782 0.53358734 0.48197123 
0.8352183 -1.2596263 -1.6616887 0.47514045 -0.9878839 0.3028062 1.0078336 -0.38706902 
0.5634429 -0.44803396 -0.5419774 -0.14019962 -0.26109186 0.9492905 1.1695962 -2.2919745 
-0.31034854 -0.038124863 1.1268142 -0.8124463 -0.7480504 -0.69574 0.36764884 0.6273713 
-0.1405656 0.6699786 0.11465295 1.0632339 0.24405852 -0.4840618 1.1682129 0.37795338 
1.7248976 0.062487733 0.8822043 0.6337344 0.4396057 -1.4283438 0.48207188 -0.31752992 
-0.024364438 1.5002786 -2.05073 -0.30754462 0.7671843 -1.8026927 -0.54915005 -0.13201132 
0.45960367 0.98230416 -1.7078319 0.3309859 -1.2109473 0.6115202 1.2991587 0.7594357 
-0.8293247 -0.91193664 -1.7878841 1.2999336 -2.0380201 2.8138905 -0.9271924 -0.90292263 
0.9789176 -0.8015502 -0.9252908 -0.8866877 -1.50984 -0.024591975 0.681276 -0.10145725 
0.84968835 0.10506979 -0.9663569 -2.759427 0.77470183 0.5628434 0.39144805 0.7420565 
0.053677857 -1.405003 -0.33014765 -0.7755183 -0.77740675 -1.9049753 1.0043571 0.24595983 
-0.23788682 -0.3630163 -1.0353128 0.39371696 -0.60152125 0.89525974 -2.183 0.5684109 
-0.35273936 1.8917787 -1.1412631 0.4518834 0.4921879 -1.0181601 -0.17108557 -0.76871717 
-0.08789174 -1.1078432 -0.5005912 -1.127009 -0.4386748 1.2389474 -0.6095652 0.010418106 
-2.0609832 -1.2502723 -0.6603006 0.70135576 0.25229353 0.95267904 -0.98534983 -0.88775444 
1.883481 0.75004524 1.7369275 -0.6113078 2.0134914 -1.0345541 -1.1925831 -0.980217 
0.8056613 -1.4589645 0.47949347 -1.081217 -1.2534436 -0.08694191 -1.1016765 -0.037537605 
-1.3184582 0.34081283 1.0533524 -1.911895 -0.8901024 0.7823026 -2.0587976 -0.6034436 
0.26112792 -0.23398913 0.4707421 -1.8422916 -0.838572 0.27409694 0.2083428 0.91585773 
-0.21534915 0.7418494 -1.6896409 -1.4494017 -0.6154722 -0.66671133 0.48993 0.26825535 
1.104278 -1.0200387 -0.33812603 0.1074312 0.13597547 -1.3971224 1.3715937 1.4723053 
0.8882218 -0.14327243 -0.63886535 0.29856446 1.6831356 0.544256 0.70577663 1.6398442 
1.5914081 0.5832662 -0.98418826 -0.6059996 -0.7119405 -0.35585502 0.049683314 -0.89472705 
-0.8558858 -0.16054286 -0.38982978 0.79553515 -0.41109836 -0.0043476433 -0.055026095 -0.38291052 
0.17638049 -0.46032387 -0.7901235 0.5474556 1.7999594 0.11070207 -0.6064303 1.9877328 
-1.79004 0.77735144 -1.0189117 1.5013578 0.5118752 0.817951 -1.769129 -0.0055929758 
-0.65697634 -0.042490985 1.1238472 1.0311508 0.064109355 -2.2658927 0.61784416 0.081921004 
0.87077993 -1.1442262 0.58725053 1.4253215 0.6871262 0.23352367 -0.6698574 -0.9756474 
-0.43963993 2.5284555 -0.35029995 -0.65042704 -0.9104533 1.1351583 1.2354656 0.68768144 
-0.92197764 -0.06121322 0.63619286 0.3522433 -0.7653279 -0.49632883 -2.1964376 -0.8094892 
0.4614001 0.8816931 0.25224155 0.54789644 -0.83136487 0.81438124 -1.1327369 -0.81181765 
-0.4930677 -1.4480562 2.0442634 0.5134724 -0.09954071 -1.5226705 0.39366427 -0.026836298 
-0.7636777 -0.3437627 -1.4102308 -0.6304102 0.9265024 -0.8279759 0.601237 -0.74813956 
0.46093255 -0.24703488 0.89490753 0.57929206 0.70078367 -0.81395245 2.3475904 -2.2624712 
0.47911036 -1.0463405 0.626035 0.5999041 1.5619546 -0.53360325 -0.17450869 -0.022624498 
0.05624315 0.16321966 0.10337643 -0.30332568 -0.464531 0.57536954 0.24666023 -0.6406514 
-1.6694418 -0.0842108 0.79996717 0.4026892 0.699482 -1.264681 0.11780067 1.0120734 
0.9696718 0.97897077 0.664293 0.44145796 -0.18862058 1.3392925 -0.39240578 0.002368144 
1.4851005 -1.2806997 -1.3993734 -2.02846 -0.38326678 0.297108 -1.0398129 0.8695626 
0.38182482 0.8056374 -0.8413384 0.26386815 0.032585792 0.24540082 1.3069866 -1.3557599 
0.23699458 -0.37295243 -2.8389797 -0.51542836 -0.3049992 0.56728125 0.19198547 -1.1713827 
-1.3946654 1.0164813 -1.4213388 0.74102515 0.88021684 -0.9480909 0.82673824 0.86292154 
-0.39653134 1.4648956 1.6063293 2.331481 -2.876739 -2.5926087 -1.3240482 -0.30108175 
-1.316149 -1.2831472 1.8110213 0.7229649 -0.3407464 -1.0836167 -0.67200637 2.153973 
-0.031258684 -1.4482409 0.67286795 -0.8429662 -1.3996886 0.73102164 1.7057611 -0.37810436 
0.110970065 0.050465375 -0.4802482 -0.8631355 -0.4617149 0.23174636 -0.40202495 -0.5246449 
-0.8182401 -0.23828492 1.8652337 0.7539037 1.0629363 0.64831644 0.7528239 0.49028423 
2.0524864 1.1374626 -0.19448794 -1.2868686 0.4252233 0.98884815 -0.018365681 -1.6997514 
-1.2884607 1.44796 1.2949497 -1.1989632 -0.48929998 -1.3283496 0.8933375 1.0368648 
0.19913213 0.5153154 1.7685387 0.7685279 0.39287004 0.10460109 -0.58172476 2.7527893 
-0.06391505 2.7908037 1.1413512 0.22922124 1.1386186 1.4875743 -2.0224276 1.2386203 
0.81444407 0.7547874 0.24759288 -0.19072849 -0.4846353 0.58728546 0.43889293 0.25463134 
-0.44288304 -0.2319778 0.103719875 -1.6674927 0.3671676 0.53288966 0.90074563 -0.23770146 
-0.8873023 -0.7768675 1.9478047 -0.3988104 -0.00037124235 0.24908586 1.7459042 -0.30508268 
-0.68274623 -0.3705948 -0.9853689 0.4296345 -1.1043936 0.94657004 0.6255759 0.55578 
-0.13057944 -0.9078724 0.19316666 -0.06990219 -0.11905121 0.36541757 -1.2716188 0.12122885 
-1.5057783 1.7599102 -1.430056 0.9420799 -0.24013382 -1.2627889 0.0303858 -1.1319525 
0.4026211 0.96928716 -0.5684264 1.6408937 -0.11496617 0.5258193 0.6772296 -0.60819054 
-0.62217265 0.78850335 0.42940494 -1.2670424 1.6834505 0.23015423 1.3686489 1.9299074 
-0.83246577 -0.0056447145 -0.6422195 1.8217765 0.09763563 -0.168675 1.5834115 0.023824984 
0.052942228 -1.0135528 0.70079774 -0.30433065 -0.70928925 -0.91300553 1.6667398 0.15456083 
-0.53959584 -0.7292204 -0.24915412 -1.3486593 1.3077487 -1.0581071 0.15111184 2.095068 
0.0696776 -0.90363383 -2.608649 1.1868999 -0.37918025 -0.84630847 -0.20587626 0.09854398 
1.686176 0.5406182 0.31895417 -1.5826265 0.1180909 -0.8601503 -0.917476 -0.7417281 
0.030055238 0.33986607 -0.45363864 0.048770886 -1.1691978 -1.0258354 1.6210967 -0.17521133 
-0.13437167 -2.404038 -0.43569112 1.32364 0.25006226 0.48033834 -0.3534193 -0.17764585 
1.0361967 0.5371348 -0.6526322 -1.6596578 1.2154919 0.25773156 1.1065574 1.2399282 
-0.021007227 -0.07740665 0.66128296 1.4565552 0.42521903 -0.5805266 -1.2803642 -1.4502482 
2.7478886 -0.12620336 0.38668945 -0.13380131 0.33631638 0.2740421 -1.3545578 -1.2392787 
-1.3837532 -1.030279 -0.97262526 1.5144707 -1.6517625 -1.4384091 -0.5914714 0.45615333 
-0.60148376 -0.9254898 0.5031972 -0.37740323 1.6411159 -0.10079704 -0.046558008 -2.8450694 
-1.2884879 0.39251816 0.43740696 0.7074723 0.5219491 -0.68767136 0.47828308 2.9109347 
0.43181595 -0.040720347 -0.5031139 0.6698658 1.9450946 0.75179744 0.23474167 0.2711007 
-0.97319 -1.6891441 0.75545794 0.8993542 0.4172801 -0.030832902 0.31812558 -0.3022409 
2.7075024 -1.0738801 -0.93976444 0.5856681 -0.9897244 2.030535 -0.85269785 -0.7743471 
0.020308007 0.27044344 0.67779386 -0.2361436 -1.4328825 -0.774018 2.0990024 0.29183063 
-0.40475136 1.1015989 -0.9842185 0.9634668 0.32070932 2.1126125 -0.43965358 1.2762661 
-1.1883862 1.5272734 -0.21033147 1.0328285 1.2005649 1.5444021 -0.15033619 -1.1964204 
-1.4384841 -0.06633039 0.30783004 0.28083023 -1.2391926 -0.38534707 0.052333113 -1.4816812 
-0.80287373 0.017323911 -0.3175516 -0.27707133 0.2677888 1.4976982 -0.26962066 -0.99142873 
1.7324716 1.1838611 -1.5521023 -0.8063216 -0.38918418 0.93594503 0.23907523 -0.24053122 
1.3286983 -0.20854065 -0.5861111 -0.7837074 -0.8478507 0.80480385 2.0815744 0.9647263 
-0.27756342 -1.8098937 -0.7895189 2.2213337 1.046066 -0.07308291 0.2906405 2.6229992 
-0.6713392 -0.057464156 1.3350784 1.1510047 -0.96997297 0.7585093 -0.111367635 0.38869685 
0.40768886 -0.46474066 0.29859263 -1.9649696 -0.95148164 0.4988742 0.2857056 0.039475806 
0.8195509 -0.6220239 0.8915174 -0.6637606 0.44575623 1.3867016 0.32947955 0.83028466 
