0.825708 
-0.20467716 
1.7650964 
-0.5447751 
0.18003704 
-0.23573372 
-0.7396227 
-0.44850147 
-1.5748163 
1.328643 
-0.019251237 
1.4430549 
-0.6845165 
-2.2011337 
0.7018478 
-0.23134445 
1.2347357 
-0.93851644 
-0.07566617 
1.4981081 
0.21361324 
-1.1986831 
0.83856124 
-0.07351562 
-0.5382315 
0.6163294 
1.5107988 
0.84193 
-2.3159256 
-2.1304486 
-1.9503871 
-0.35436493 
0.2821386 
-0.5153857 
-0.47913435 
0.8397457 
-2.1300905 
-0.33043 
-1.5146232 
1.514435 
0.21288764 
-1.3753532 
1.2395127 
-0.58748704 
0.032134574 
-0.6662315 
-1.3035038 
-1.3291034 
1.3726238 
-0.015814079 
0.514033 
0.7526659 
1.0553619 
0.5680675 
-0.035212316 
-0.21156922 
0.15995565 
0.6114718 
1.4610264 
-0.20239806 
1.6761754 
0.83967245 
0.602927 
-0.14368108 
-0.032094296 
0.68399113 
-1.5505248 
-0.46307638 
2.3192737 
-0.36531752 
-0.14380294 
0.52342355 
0.65456027 
1.0319904 
-0.42835546 
-2.0150027 
-0.37750623 
-0.6371172 
1.6873661 
-0.9883137 
2.015777 
-0.85578233 
-1.7055439 
-0.9143494 
-0.7613393 
0.96850955 
-0.20903708 
1.8644142 
-0.7322696 
2.2439077 
-2.4887269 
-0.1094276 
-2.4170346 
0.46843275 
-1.0607072 
-0.85259926 
2.0946267 
0.062468875 
1.9069908 
-0.6997178 
0.26330423 
2.1426208 
-3.0450163 
2.3345358 
1.0117005 
-0.42714944 
0.8331964 
-0.18600933 
0.56607676 
-0.42686623 
1.1182632 
0.6491617 
-0.1056962 
0.18282238 
-1.8707771 
1.2594372 
-0.62659186 
0.10061934 
-1.7436343 
-1.1282179 
0.05798785 
-0.7429063 
0.90269536 
1.5708929 
-1.5048041 
-1.1591182 
0.27126065 
1.7874292 
0.024725176 
-0.65374434 
0.39951816 
-0.75058424 
0.91709745 
-2.2317028 
-0.20739345 
-0.12454425 
-1.2106786 
-0.9411674 
1.8513726 
1.0720569 
-0.56491464 
0.93247914 
-0.20863546 
0.6202916 
2.2106237 
0.6700268 
0.015372563 
1.6425076 
-0.61303824 
1.1587615 
-0.11745008 
-0.10019389 
0.67395556 
0.5509873 
-1.9457315 
0.12792295 
-0.4614531 
0.67758256 
-0.93438 
-1.635071 
0.7070675 
0.050614048 
0.114274085 
0.93525565 
-0.3155941 
0.7445562 
-0.11232742 
-1.9896129 
0.62025195 
-0.36698243 
0.8060813 
0.48232377 
-0.56181467 
0.2571656 
-1.0595313 
-0.69196755 
1.035486 
0.7717925 
2.0277882 
0.29725567 
-0.49004626 
0.32997766 
0.6884537 
0.21288878 
-0.07066964 
-0.12535994 
0.15670702 
-0.5060589 
-0.61580503 
-0.25383937 
2.0332017 
1.0468515 
1.3795192 
0.24158274 
0.8811719 
0.5803372 
-0.31978685 
0.78082 
0.035504088 
0.5139932 
-1.323057 
0.10844207 
-0.58573234 
0.805784 
-0.87092394 
-0.8962107 
0.7417416 
-1.7583424 
0.08030611 
0.073122054 
-0.6175566 
-0.6765455 
0.36665818 
-0.3745975 
0.26659954 
-1.4054852 
-0.12138603 
-1.6408167 
-1.2237656 
-0.6576941 
-0.42079177 
-1.8785506 
1.6947814 
0.42927238 
-1.5431652 
-1.3957576 
-1.9522843 
1.1211224 
-0.068165444 
-1.2281635 
0.4475658 
-2.1979814 
-1.7446038 
1.7549258 
-0.5176964 
-1.4112056 
-0.69028026 
0.40253097 
-0.4931128 
0.81635165 
-1.7801242 
1.1470275 
-0.9116853 
0.38882 
-1.3211995 
-0.44711128 
-0.08233179 
0.115093485 
1.1302325 
-0.28178898 
-0.03190552 
-0.76372004 
1.5296344 
0.08018195 
-2.2174103 
0.33362696 
1.0630305 
1.2959218 
1.3114349 
-2.1425965 
0.31769824 
1.1017449 
1.9251103 
-1.0011623 
-0.5952172 
-0.10712034 
0.20267445 
0.7298697 
-0.1489084 
0.79388183 
0.62024003 
-1.0198864 
0.98012626 
-0.9002269 
0.43734944 
-0.25709617 
0.26883283 
-1.3456563 
0.12074141 
2.199112 
2.3705046 
-2.199702 
-0.405151 
-2.0141773 
0.6979339 
0.61095566 
0.14372405 
1.5991625 
1.1261262 
-0.8776573 
0.20012683 
-0.3361874 
-0.34427255 
-0.88850504 
-1.7790576 
-0.17098856 
0.13498583 
0.8849276 
0.13898812 
0.84297526 
0.0086146565 
-0.20858702 
0.4236701 
0.19135514 
0.20143506 
-0.86785096 
-0.51078695 
0.21231271 
-0.1749916 
-0.4086893 
0.9432877 
0.5849036 
-0.3662183 
-0.38256755 
-0.5170732 
-0.5111154 
0.6105187 
-1.6181532 
1.4778334 
0.058759566 
-1.475455 
1.7833122 
0.12090106 
1.2992315 
1.1630343 
0.0073045297 
0.04700702 
0.93715495 
0.4548132 
2.1674552 
0.9297983 
0.0059643737 
0.44966653 
-0.9722207 
0.9603998 
0.46803203 
1.7244573 
1.3892244 
0.14986263 
0.0018271753 
0.78939 
-0.17921472 
-0.22301961 
0.43247077 
0.7835306 
-0.34727526 
0.7900945 
1.1067489 
-0.8935586 
-0.2787406 
-0.4420635 
2.041939 
0.39829966 
1.3865311 
0.3050508 
-0.3422516 
-0.21446946 
-0.5548421 
-0.34434968 
-0.10534605 
-1.5251714 
2.0232782 
0.9869595 
0.09434306 
0.90969926 
-0.06146973 
-1.2050045 
-1.2093679 
-1.2786162 
-1.4183775 
-1.607953 
0.70084345 
0.68343955 
-0.08068774 
1.4793519 
0.15851036 
1.2196233 
-0.7231616 
0.7088916 
-1.630321 
-0.6231636 
0.942512 
0.73503125 
1.0501771 
0.19132881 
0.16612388 
0.8616814 
-0.8559959 
0.3021606 
1.274304 
0.8054167 
-1.4877914 
0.055409476 
0.86826557 
1.1296089 
-0.5669386 
-0.105715185 
0.021928744 
0.1423315 
-0.7008107 
-0.23216431 
-0.5041523 
2.0952625 
1.2657428 
0.68285793 
0.7940107 
-0.61087507 
0.8679945 
0.52430046 
-0.71058357 
-0.2563309 
-0.72258115 
0.7115764 
-0.94970906 
1.1967037 
0.08479883 
-0.7707539 
-1.6803874 
-0.5992544 
-0.56744295 
0.13889702 
-0.83334064 
-0.2752857 
-0.1701808 
2.0355394 
1.0182184 
-1.0881455 
1.4270884 
0.60832345 
0.74877673 
1.6766616 
1.7082505 
-0.15738906 
-2.2167351 
0.67424196 
2.8399508 
-0.6769726 
-0.16603246 
0.09173822 
-0.5699452 
1.0682939 
-1.0225462 
0.30145466 
-0.7614532 
0.8165959 
-0.52284783 
-0.23665182 
-1.455692 
-0.69821954 
-0.24151878 
-0.7638401 
2.553252 
0.35492355 
1.3679799 
-0.2337537 
-1.1711519 
1.1481543 
-1.038423 
1.426742 
-0.57250035 
0.52788687 
0.12880933 
-0.8537193 
-0.2677176 
-0.051326174 
-0.4761968 
0.20438857 
-0.48646763 
-0.6396756 
-2.1666095 
1.1105261 
0.919366 
-1.1018469 
-0.620472 
1.1521348 
-1.1176841 
0.4503287 
-1.3356272 
0.2173813 
-0.5994285 
0.6974503 
-0.13605501 
-0.28703082 
-0.59258515 
-1.2732899 
-0.8365337 
-0.7576293 
-1.0715839 
0.30542576 
-1.6265565 
-0.68586797 
0.25713798 
-0.25221324 
-1.2188199 
-1.1377741 
-0.095242925 
0.16022144 
-1.0871938 
-1.369059 
0.8207556 
-0.46219224 
-0.51865876 
-0.26043501 
0.8531494 
-0.4947458 
0.55211824 
-1.7264293 
0.103686206 
-0.12866212 
0.22675277 
-0.16545618 
0.10460111 
1.4242816 
1.3540878 
-2.1997824 
-1.2174581 
-0.86312884 
-2.2418873 
0.43234628 
1.5008063 
1.2776009 
-0.7036327 
-1.758309 
0.71929324 
0.35519478 
-0.2990615 
-0.27000853 
0.016471045 
2.2860844 
1.3144145 
-0.16909294 
-1.6179175 
0.9709085 
-0.13059077 
-0.1776413 
-0.3449424 
-0.19758084 
-0.49246013 
2.8106253 
1.5866902 
0.35453805 
0.17854999 
-0.23008884 
-0.23702884 
0.0953608 
1.5405747 
0.3135337 
-0.36408094 
0.8268702 
-1.2313218 
-0.47796166 
0.24561502 
-1.1642632 
0.03223385 
0.5318841 
-0.045039475 
-0.9951856 
1.8043536 
1.3358238 
-0.85598487 
0.45653638 
-1.3346368 
-0.055272195 
-1.5014104 
-1.2323198 
0.7294317 
-0.2886875 
-0.05904938 
0.89665014 
1.183478 
0.99220985 
1.4302776 
1.4187241 
0.33911237 
0.63094044 
0.36702633 
0.27407533 
0.0920107 
3.3579187 
-0.00035480826 
1.2220018 
-0.512124 
0.035968464 
1.0155506 
-0.6841755 
1.1189911 
0.719422 
-0.3479726 
0.66232973 
1.0498711 
-0.047375984 
-1.6532207 
0.35202146 
-1.0388916 
-1.2978821 
0.43887487 
0.9195651 
-0.8738812 
0.54327065 
0.46128345 
0.11619601 
-0.94316196 
-1.7902982 
-1.580349 
0.18343806 
0.046012815 
0.8694762 
-0.52789927 
-0.16518277 
-0.9044759 
0.038046803 
0.9681487 
1.9089136 
-0.9969865 
0.2852275 
0.48063847 
1.5048922 
0.23338073 
-1.8629473 
-0.04012638 
0.79734087 
-1.853615 
-0.03963124 
0.54261714 
-0.9204344 
-1.2504096 
-0.06612426 
0.34711856 
-0.5265543 
0.14286683 
-1.9517926 
-0.5695693 
0.12052921 
-0.7972507 
0.030366346 
0.66624546 
-0.53119475 
-0.2713178 
0.17606701 
0.9274898 
0.91510445 
-1.0787017 
0.6129902 
1.5293971 
2.0106657 
0.4645368 
-0.56443626 
-2.1818964 
0.9254399 
0.60329074 
0.27991864 
0.41127703 
-1.1231083 
-0.66006947 
1.2642848 
0.34977692 
-0.4805957 
1.154728 
-1.2690824 
0.53648543 
0.1198482 
1.0660546 
-0.7699271 
1.5196214 
1.6512659 
-0.28371716 
1.2831118 
0.19860284 
-1.4706659 
-0.5348973 
0.75814253 
0.022703014 
0.79867256 
0.35385036 
-1.194698 
0.3075597 
-0.6455339 
-0.17184968 
-0.8646054 
1.580169 
0.97803026 
-0.7423784 
-0.08386557 
-1.7533692 
0.42441788 
-0.031758606 
-1.588486 
0.009374318 
0.28081423 
2.3967214 
1.9086876 
-1.5316268 
-1.1195235 
-1.3098009 
-0.123162776 
-1.3764099 
-1.0914047 
0.53596777 
-0.115407065 
0.260388 
-0.2556537 
0.8758585 
-1.5598223 
-0.39308137 
0.6246695 
-1.6766156 
-0.8322384 
-0.26716736 
-0.1191696 
-0.63627326 
-1.0293456 
-0.45888132 
-0.21413127 
0.3583096 
-0.29980528 
0.7757935 
-0.9292785 
0.8001696 
1.3885323 
0.2215019 
1.1621821 
-0.34588623 
0.6026056 
0.607037 
-0.3508676 
-0.60008425 
1.4551574 
2.0581937 
-0.68374443 
-0.11870204 
-0.50815773 
-2.1617281 
0.024948174 
0.6270453 
-1.4164066 
-0.20849317 
0.8333506 
2.264144 
-0.31760845 
0.75139856 
0.8920559 
0.4274753 
0.8837359 
-0.55005693 
2.1566098 
0.3440688 
0.74221843 
0.8354175 
-1.3300024 
1.0627759 
1.0615793 
0.46631947 
1.4356623 
1.8361043 
-2.1044512 
0.11184471 
0.4471794 
2.8882294 
1.3608872 
-1.4728194 
-0.3892586 
-0.49495637 
0.21100111 
-0.48922908 
0.1545508 
-0.6624568 
0.48713273 
-0.448114 
-0.6918024 
-0.2693011 
-0.076285094 
-0.46247736 
-1.513279 
-0.0415125 
0.8653992 
0.019376503 
0.05398786 
-0.4096653 
0.022677904 
0.4681951 
0.07904401 
2.4783278 
0.24105257 
1.2282546 
-0.6213992 
0.3541856 
-0.07110962 
0.537412 
-0.6965195 
-0.03695144 
0.30834246 
-0.44012788 
0.34003368 
-0.18924461 
0.277136 
-1.0779532 
-0.36296389 
0.71037173 
0.06830934 
-1.386972 
1.3641225 
0.081847 
0.41024667 
-0.07336139 
-0.4143748 
-0.7426694 
-1.6542672 
1.4143307 
-1.1969606 
-2.5205243 
-2.3512933 
0.08408878 
-1.011307 
0.46146512 
-0.50931203 
0.61795384 
0.26798034 
0.61068755 
-1.603769 
0.4500651 
-0.6760075 
0.4636712 
-0.49380085 
0.80907077 
-0.59464395 
1.0166742 
-1.0576766 
-0.076706894 
0.42337993 
1.2951406 
-0.4772338 
1.820751 
-0.25022385 
0.650083 
0.8570965 
0.21678998 
0.19717982 
-0.2889441 
0.18261854 
-0.20188841 
0.6272283 
-1.6999655 
1.1210364 
-0.7042722 
0.22927137 
-0.66783607 
-0.09281449 
1.2106019 
0.3267095 
-2.027455 
-0.89731616 
1.5590016 
-0.7883103 
0.100162745 
1.4613737 
0.8206771 
2.7554479 
1.1074336 
-0.5701376 
-0.24524924 
-1.0429218 
1.5328997 
-0.06802349 
-1.1951375 
0.79619855 
2.101402 
1.31547 
-0.049895138 
1.5795058 
-0.37472695 
-0.7131356 
-2.1202447 
-0.20581593 
-0.8490683 
0.11539388 
-0.81791127 
1.1295062 
-0.14400145 
0.49463236 
0.90156466 
-0.77759475 
-1.1378117 
-0.84605974 
-0.32174996 
-1.0253822 
0.19254777 
-0.54959553 
0.7596441 
0.11761771 
-0.97140217 
0.91394943 
0.50799394 
-0.26419693 
2.0953135 
1.1253268 
-0.067257956 
-0.20016435 
0.23042908 
1.7780741 
0.4054847 
-1.8818758 
0.8730186 
0.48093167 
0.47853068 
-1.7549459 
-0.29050124 
1.952931 
-1.4881138 
0.14550531 
0.20653725 
0.4883534 
-0.47048363 
0.8641032 
0.83962685 
0.57610804 
1.2524096 
-1.0250348 
0.4498234 
-1.3907915 
-0.082438216 
0.62954754 
-0.33289975 
-1.6198045 
-0.22009712 
0.13323191 
-0.112134084 
-1.1963626 
1.0642462 
0.5350475 
0.77682775 
0.5475149 
1.5056489 
0.30003384 
-1.2816893 
-0.22380942 
-1.5862652 
-0.5310607 
0.096628666 
0.80194664 
0.15444152 
0.9178018 
-0.8096339 
-0.071917795 
