-0.88789815 1.1818188 
-1.0005324 0.41992712 
-0.29381838 -1.7429225 
-0.8288022 1.9110473 
1.9323229 0.058388807 
-0.46126896 -1.507566 
-1.1358317 2.374355 
-0.51237035 -0.787819 
-1.4194608 -2.268526 
0.14439498 -0.34219795 
0.21832205 0.40556613 
0.31309396 0.83975136 
0.22791561 -1.9753917 
-1.7308491 1.7110243 
1.053199 -1.3953588 
-1.8789252 2.0192227 
-0.2069385 0.25562018 
0.08762622 0.16346884 
-2.807889 -0.021845996 
-0.84543836 0.524003 
1.1685565 -0.24858445 
-0.29371524 0.5862286 
1.7158619 -1.6024435 
1.4479814 0.5889116 
0.8778389 0.5881038 
-0.8675942 0.31203553 
-0.78087425 -0.482607 
0.18011849 -0.53920203 
1.6258608 2.5356257 
-1.037326 0.38510197 
-0.4053832 -0.12618579 
-0.8824106 0.14308113 
-2.229683 -0.43173143 
-1.1569756 -0.60430515 
1.2152667 -0.0017112714 
0.08103269 0.75904536 
0.528923 -2.5075014 
-2.2237725 -0.5203136 
1.7900201 1.8864926 
-0.3306972 0.63907623 
0.37858966 0.33902535 
-0.20148794 -0.53726256 
-1.4052624 -0.42113668 
0.7997453 -1.0144105 
0.15258007 0.6911593 
-0.7757104 -0.11728112 
2.009951 -0.74378717 
-0.2735741 1.8422744 
0.25387314 -0.6385293 
0.31171095 -0.81462055 
0.013674387 0.0595088 
-1.2032654 -1.7799733 
-0.3891881 0.0111742085 
0.75307786 -1.5580509 
-1.2644116 -0.5489806 
-0.36913952 -0.3465052 
1.618224 -0.5490391 
0.9121785 0.36438987 
-0.2623463 -0.8571083 
0.27867243 0.87211096 
0.30927667 -0.15937206 
0.046922334 0.28075728 
-1.6922498 0.2520219 
-0.8824846 -1.3876073 
-0.12909201 -0.58498734 
-2.418989 1.2654896 
-1.0753934 -0.098997004 
-0.93659526 0.64162236 
0.2236155 -0.324735 
-0.8670916 1.0625663 
-1.4578725 -0.012236613 
0.72504425 0.019505203 
-0.6013799 1.3682541 
0.87036467 0.08806413 
0.70859355 1.2519882 
1.5572191 0.047477044 
-0.7272847 1.6350951 
0.60461843 -1.7700677 
-0.45716015 -0.68980694 
-0.8231103 0.15814951 
0.85315436 1.0827892 
-0.15662493 1.530468 
2.097075 0.051764768 
-0.48932886 -3.0635068 
-0.6493848 0.3862734 
1.8166734 -1.2609574 
-0.44303766 1.2429386 
-0.9944951 0.7143593 
-0.24408281 -0.60175043 
-0.23205364 -0.83770686 
0.22624615 0.0946515 
1.2208363 -0.25276598 
0.14642718 -0.39125016 
-0.60461897 0.66685456 
-0.6437188 2.2586045 
-0.8715477 0.8242906 
0.20151286 -0.66610724 
-0.2709853 -0.98971283 
0.9191796 -0.5020436 
0.555399 -0.8026268 
-1.3216387 0.36676574 
1.1805398 0.19871649 
-0.33145687 0.40289643 
-0.86916554 1.2722054 
2.6901484 -0.887514 
0.3479221 1.8776963 
-0.22710039 1.2718662 
-1.1958232 -0.3425245 
-0.65853226 1.6799438 
-0.19451985 -0.584008 
-0.81274194 1.3252413 
-0.28243038 0.26096725 
0.6970252 -0.11069649 
-1.3036714 1.7045181 
0.69120634 -0.095291115 
0.7671662 -0.8885849 
0.7928807 -0.16832203 
-1.6878803 0.6541359 
0.2012984 0.51687783 
0.40150058 -0.90551466 
0.09788127 -0.44184116 
-0.60393894 -1.0299678 
-0.2689234 0.86496854 
1.7154036 1.0981727 
0.45417237 -0.5185168 
0.87136745 -0.13483948 
0.31857118 0.9219441 
-0.29751992 -1.3839649 
0.6969452 -0.744975 
-1.3304555 -0.07452332 
0.8385433 1.116076 
-0.14050372 -0.63518786 
-0.2511677 0.14484681 
-1.3351108 0.5145493 
-0.3184571 -0.023918413 
0.481341 0.44350088 
0.2928048 -1.4729927 
0.39823356 -0.0037513133 
0.97485113 0.7182912 
-0.28983423 0.034201443 
0.02457895 1.0305581 
0.8546474 0.7979636 
0.6415321 0.13962053 
0.027459789 -0.081579246 
0.340834 0.6278852 
-0.6442197 -0.44943765 
-1.081192 1.4203246 
1.4718087 0.21926872 
2.0246458 0.10334574 
-0.018044239 1.7937474 
-1.3123782 -0.7419915 
0.7215653 -0.19485421 
1.1746354 -0.47344872 
-1.4222555 1.4321802 
1.0862867 0.36645076 
-1.9377878 1.1575981 
0.22239675 -0.7406627 
-0.19672549 -0.73472536 
0.18410285 1.5538359 
0.83074117 -0.7482248 
-0.4243975 -2.3329375 
-0.14823736 -0.11908309 
-0.7275312 -1.2467458 
-0.79073036 -0.533599 
0.42339846 -0.42003003 
-0.87172776 -1.2797447 
1.1903846 -0.18295047 
1.1338384 -0.027354047 
-0.637775 -0.7054083 
2.3335383 -0.31741658 
-1.3853263 -2.5171585 
0.34425294 1.8052633 
0.036422454 -0.2773696 
-0.11311791 -0.2761366 
-1.6315113 1.4465884 
0.14446129 -0.68919384 
0.18984751 0.35872918 
0.60495275 0.35620436 
-1.4610794 0.49938112 
-0.8557919 1.0040618 
-2.0421886 -1.918244 
-0.37102067 -0.21801695 
-0.54128087 0.07621324 
0.15765361 1.224278 
-0.26188344 -0.11598567 
1.5425426 0.556354 
0.019689763 0.77079684 
-0.33952048 0.07030054 
-0.49838582 1.4178476 
0.9551126 1.4575938 
-0.5013233 -0.2918515 
-0.45653436 -0.25544947 
-1.4123291 0.688992 
0.9186162 0.3756169 
-0.07307987 -1.6348029 
-0.15562363 -0.074795924 
-2.3928978 0.78230155 
-1.3110595 -2.3849468 
-1.1036408 0.86050755 
-0.4783342 1.23669 
0.34586373 0.6848713 
0.28836867 0.107898705 
0.503177 -1.4019732 
0.43863264 -1.6620827 
-0.012122 0.41026756 
-1.7109691 1.1919845 
0.8269783 0.2599844 
-0.8732931 1.6441332 
0.43109208 0.030191388 
0.096251816 -1.0633996 
-0.83709264 -1.3455194 
-1.447792 -0.15382262 
1.0679573 1.4146804 
0.513392 -1.5814534 
0.117170475 0.47914898 
0.86765003 0.30178165 
-2.0390358 0.01286551 
-0.733152 -0.026181376 
-1.1018907 -1.0516484 
-0.21608086 0.04985042 
-1.2170928 0.4638191 
-0.08496661 1.9781957 
-0.5105035 -0.60344887 
-1.2844595 0.09116995 
-0.36820012 -0.0006678704 
0.14506824 -0.4214022 
0.022155754 0.40486678 
0.42464837 0.7992268 
1.4282528 -1.7111806 
0.93360454 -0.2922097 
-0.73902816 0.65874976 
-0.58200294 1.0224566 
-0.54053074 1.0165907 
0.54892445 -0.19443525 
-0.58557945 1.252954 
0.9693862 0.70939076 
0.4275644 -0.073471166 
0.26490694 1.7398518 
-1.6697062 -0.40761825 
-0.09885851 0.088028915 
-2.961852 -0.80087024 
0.6678963 -1.2847557 
1.1179202 -1.2079719 
1.885529 1.3633449 
-0.38061827 1.6918416 
-0.9460041 0.010143607 
0.5868503 1.2312117 
-0.12289271 -1.7767766 
0.22724931 -0.33633873 
-0.500798 0.23622766 
0.41427588 -0.4106096 
0.5133134 0.038991675 
0.17341286 0.7570633 
0.4918917 -1.2390876 
-1.4926858 -0.02638299 
0.4497441 -0.035619814 
0.005358131 1.1711737 
0.14815223 1.1041337 
1.5251243 1.0093468 
1.2933311 0.55922526 
-0.15174901 -0.06657956 
-0.66441965 -0.58126044 
-1.9744028 -0.5557927 
-0.18285543 -0.15861167 
-1.1480671 0.27654165 
-0.40314248 -2.6821558 
1.9721749 0.19355316 
-0.9702663 0.5257309 
-1.2597541 -0.15130538 
0.34311533 -1.0686983 
-0.008377357 0.5598485 
0.14732039 0.23102283 
-0.0011171765 1.1116204 
1.0397838 -0.14735176 
0.1902039 0.13904439 
-1.3240936 -1.491622 
-0.4133304 1.0609094 
-0.36520064 0.7780603 
-0.35290387 -0.96705854 
1.1315188 -1.5033619 
-0.011840365 0.17905508 
-0.3501436 0.76498103 
-0.40485537 -1.4648117 
-0.955255 -0.1624914 
-0.9906161 0.7423256 
0.11719111 -0.4633011 
-0.34415495 -0.16621718 
0.6963017 0.51694715 
1.4403956 2.1906152 
0.37439364 2.7435193 
0.9292499 -0.008372658 
-1.0718071 1.3195571 
0.80913323 -0.6069465 
-1.3889393 0.040041044 
-0.14378767 0.6862739 
0.6617357 0.5983374 
-0.2965774 -0.7330401 
0.6866495 -1.2637457 
-0.88776684 0.39990193 
-0.487195 0.76951754 
-0.52710617 -0.91534436 
2.883887 -1.3419414 
0.6101365 0.7641559 
-1.8802403 -0.5260315 
-2.3486593 1.0526534 
0.28118813 -0.65262675 
0.9488644 -0.7268792 
-1.1098725 1.3537853 
0.33499864 1.5681665 
-1.7926456 -0.31512138 
0.59472775 -0.39995462 
-0.63005054 2.0223312 
0.6564883 0.4671936 
1.40286 0.87734646 
1.2547015 0.1885058 
-0.9681076 0.8659368 
-0.6481621 -0.0074235066 
-1.639255 -1.0233437 
0.7940107 -0.6029225 
-1.482024 0.9510831 
-0.13462521 1.0712104 
-0.47107705 -0.2503877 
-0.37661925 0.30351233 
-0.85875654 -1.3878112 
-0.723131 -1.1623653 
0.44691604 -0.06149473 
-0.18174648 0.28092495 
0.7199953 -0.946624 
1.2554812 1.5104866 
1.4698365 -1.8482096 
-0.33419764 0.065873764 
-1.2490609 -0.460619 
-0.25813666 0.19252156 
0.3066091 0.58696294 
0.35224265 -0.79956263 
-0.70946413 3.194879 
-0.08595456 1.897901 
0.8295688 1.3341161 
0.2848841 0.82906187 
-0.06757887 -0.63719857 
-0.7014946 -1.0588374 
0.44637606 0.75525665 
0.14152128 0.46489432 
1.0827261 -0.6537336 
-0.41628766 0.16152336 
-0.45558313 -0.43596774 
0.7134044 1.072304 
-1.6758004 0.0477782 
-1.5408573 -0.32268098 
-1.9361464 -0.50381947 
0.18962711 0.6870639 
0.02574277 1.023185 
-2.1384048 2.1248248 
0.3297818 0.07927475 
0.3290563 -1.940073 
-1.138923 -0.15063849 
-0.090154186 -1.5174409 
-1.5959767 1.4555268 
0.57154334 -1.4168408 
0.4688893 -2.7278023 
-1.274368 0.2846465 
-0.0394055 -1.3863162 
-1.108992 0.484047 
0.10009137 0.2756357 
0.8622626 0.25446585 
0.52308285 -1.689024 
0.42451233 0.4499067 
1.772812 -0.8457556 
-1.1517164 -2.2695646 
0.8658638 -0.94945884 
-0.5782908 -1.0490679 
0.74337 -1.1803226 
-1.0895839 -0.30522874 
-1.4401416 -0.63075715 
0.1743602 -0.85427403 
-0.41917428 -2.2068183 
-0.36279306 0.46471435 
-0.24589264 -1.4152883 
-0.09218842 -1.4251571 
-0.78406346 0.5984621 
0.23559268 0.26054725 
-0.3986715 -0.63845986 
-1.0733762 1.6101695 
0.75687236 -0.31443506 
0.31304574 -0.55137354 
0.51074284 -0.90143144 
-2.1229384 0.59837896 
1.6313274 -0.89011914 
-1.5133209 0.51398546 
-0.26767054 -0.9128548 
0.19206719 0.9871628 
0.35385054 -1.274584 
-2.164819 0.39968696 
1.1946164 1.1950406 
-1.1782211 -1.3120369 
-0.17416257 1.1204689 
-0.5555197 -1.8154991 
-0.26720038 0.7808733 
1.4874294 -0.84846485 
0.5357195 1.4193639 
-1.4850956 -0.38811952 
0.67712027 1.4671333 
1.2588698 0.24676234 
-0.23987353 1.1289262 
-1.4004554 2.553833 
1.0621544 -1.1293883 
-0.8409846 -0.46632 
0.44136757 0.48051718 
-0.2856762 -0.95343333 
-0.6025741 0.49197134 
0.45902303 0.40650535 
-0.3750136 0.021722678 
-0.030891456 0.5533789 
-0.7551287 0.31710732 
0.6230414 -0.9062867 
-0.64031684 0.96880615 
-0.54089797 1.3495998 
-0.71208173 0.27858 
0.35090828 -0.38763294 
0.85502905 -0.25560668 
0.89323354 1.5035067 
0.28680983 0.67191285 
-0.2910117 0.23341797 
0.8198778 0.7864704 
-0.18390818 1.2773451 
0.019120984 -0.4067006 
1.4391838 1.7872146 
-0.15118529 0.047990475 
0.19784653 -0.76265496 
-0.29501462 -0.046609953 
0.54402065 0.5276444 
-0.54829264 2.027571 
-0.6409718 0.32155082 
-0.7627156 0.4872949 
1.1406959 -1.2801763 
0.00802883 -0.038201757 
0.7240198 0.1682708 
0.14835046 -0.6088179 
0.21836513 0.003527128 
-0.5426105 -0.24314843 
-0.34511518 1.4179689 
0.764534 -0.14667413 
1.7784114 -0.7088383 
-1.1657479 -0.5048241 
-0.76441735 -2.2916644 
-0.038095668 -0.6456161 
0.8084785 0.36078855 
0.23779058 0.055989727 
-0.83658516 -1.4578701 
-1.4116855 -1.1794877 
-0.5571977 0.2141091 
-1.0326263 1.0844675 
-0.71904653 -1.1362685 
-0.65325093 -1.1368883 
-0.5418067 0.9349109 
-1.0707818 0.65349776 
-0.40528098 0.53850853 
-0.003510257 -0.7547781 
-0.1237147 -0.40260643 
-1.0106757 -0.078039356 
-0.36799762 -1.5390186 
-0.17192398 -0.6472284 
0.45907 -0.9442933 
-0.39085853 -0.16840619 
0.44430742 -0.060113404 
-1.7985493 -1.216915 
0.3080935 0.22218496 
0.4991574 -2.361449 
-0.4382559 1.8715541 
1.3938482 0.66184664 
-0.105835825 1.079576 
-1.117485 -2.7353761 
-0.24958046 0.57296455 
-0.35633317 1.217311 
-1.351796 -1.1867555 
1.1721458 0.422604 
-2.4019933 2.11309 
0.2451925 -0.8655011 
-0.54563624 -1.4661847 
0.12317622 -0.2494583 
-0.4140659 -0.68559116 
-0.13634452 0.32759303 
0.47760424 -0.2537075 
-0.8246963 -0.75267553 
-1.7462968 -0.71497893 
-2.1889951 -1.2142054 
0.32168815 0.22637492 
-1.3055335 0.6723954 
-1.3122454 -0.7778956 
0.47251597 -1.2589967 
-0.82170755 0.4928147 
0.3027587 2.3657823 
0.12509054 -0.60727966 
0.58450145 -1.1425067 
1.8861718 -0.7952959 
-0.5918994 -0.6292748 
2.0239832 -0.07837797 
-1.268279 0.9085617 
2.1510448 2.04442 
-0.9952376 2.0367365 
0.520775 0.6629363 
-0.0040096715 -0.09821898 
0.7090544 -0.3424929 
-0.43829125 -2.0137117 
-1.5368123 -0.41233262 
-0.9848679 -0.3380738 
-0.77115035 1.2648503 
-0.41675514 -0.64412344 
0.07496006 -0.98046595 
1.2906278 -0.6169405 
-0.942098 1.7119215 
-0.23645912 -0.12206418 
0.34894556 -0.57781017 
-1.1320426 -0.8320325 
-2.1456938 -0.40762419 
1.1254255 -0.009399197 
-1.3153533 -0.6550386 
-1.5037575 0.25287464 
-0.58150524 1.0435202 
1.6758727 -0.17900991 
0.9610709 -0.27857426 
-0.57746005 -0.3453536 
-0.15775318 -0.7773702 
0.2640956 1.0869265 
0.28885847 0.0666192 
0.23164174 -1.3691944 
0.86949176 0.5770839 
1.3126758 0.66222984 
-0.44134822 -1.4921122 
-1.4514656 -0.11310197 
-1.1877939 -0.9258747 
1.7578849 -0.2607387 
-0.29346454 -1.6495397 
-0.13569406 0.24994244 
0.14016187 -1.2335949 
-1.1086187 0.5022011 
-0.4707281 -0.88235605 
-0.6310357 0.7490678 
0.39148575 0.2653148 
-0.09370558 0.13289854 
0.9875833 -0.2893754 
-1.3457267 0.7697562 
0.018534617 1.4786695 
0.5648805 -0.90111035 
-0.62370366 0.8756483 
1.3119948 -0.4019847 
0.056106895 -0.7451484 
0.6832065 -0.17752503 
-0.7178818 -0.41721764 
-0.3130817 -0.8442359 
-0.6549216 0.87630314 
-0.2125298 -2.0455785 
0.25119898 0.08824402 
2.2011092 0.28531182 
0.17740825 0.3222187 
0.5853226 0.71221524 
0.8716372 0.76024604 
0.47791314 -1.2950102 
0.0015490829 1.4585063 
-1.6777351 0.56365055 
0.58529234 0.5556797 
-0.7657314 0.40007767 
0.10056113 0.37514222 
-0.5580939 0.24326512 
1.0421646 0.12797695 
0.6723621 -0.91239834 
-1.1174164 2.157187 
0.78102696 1.3692482 
-0.4133456 1.8973846 
-0.7467822 -1.8869227 
-1.1831495 0.8540915 
0.64724416 0.616986 
1.5427744 -0.9988304 
-0.15460448 -0.46591836 
-0.6421685 0.5740502 
-0.7648274 -0.7934949 
-0.35944575 0.35726526 
1.4621671 0.5179001 
-0.0011005296 -0.6530435 
2.3968794 -0.93231475 
-1.2007586 1.4898051 
-0.0339006 -0.13633527 
-0.20597757 0.9001497 
-0.45452473 -0.9571083 
-0.06522554 0.80029607 
0.17759892 0.08855772 
-1.13984 -0.051763777 
1.2178805 0.15127456 
-0.70613086 0.15077756 
-0.6114952 -1.8946041 
0.98124164 1.3476335 
-0.3229652 0.23668927 
0.36513403 -0.19625463 
1.0876236 0.9764281 
-0.20789914 -0.54930055 
-1.034909 -0.63177055 
0.71178734 0.42493638 
0.9583582 -0.7030381 
-0.4985318 -0.17639194 
0.31698218 -0.2831818 
-0.012159069 2.2243524 
0.99875987 -0.2317453 
-0.233194 0.39562497 
0.5176091 -1.7850177 
-0.88346094 -0.10736053 
-0.07019962 0.52205205 
0.6583817 0.1525231 
0.98674554 -1.0771397 
0.44648188 -0.11578335 
0.6247185 -1.5426189 
0.34507617 -0.53991383 
0.42472568 0.06489717 
-1.0811789 0.597822 
-1.0519506 -0.7152345 
0.54684615 -0.12810335 
-0.2251853 -0.038331024 
-1.1229228 -0.9380933 
-0.19070758 0.3566879 
-1.2120044 -0.2522414 
0.3876873 -0.2677501 
0.52814853 1.2022897 
-1.0733579 0.76802427 
-0.678886 1.6140034 
-0.7253675 1.8887174 
0.35510755 0.75231 
-0.20879836 0.27103645 
0.24003118 -0.7118033 
-1.0201156 0.03435001 
2.1068645 -0.1367484 
0.010098934 0.1349948 
-0.95597726 1.2135887 
-1.3342707 -0.28117144 
-1.2423869 -0.13053684 
0.72019875 -1.0838959 
0.32091615 0.51799333 
-0.0554956 0.5840627 
-0.71730614 1.1072738 
-0.70770985 -0.5030264 
-1.1690855 1.0502114 
0.34337217 -0.6049601 
0.89129543 -0.060854543 
0.71350735 -0.35240445 
-0.15566011 -1.6703314 
0.6741148 1.1609479 
1.637921 1.0867089 
0.77773124 -1.0348431 
-0.14022344 -0.40333632 
0.23804335 1.223519 
1.3532718 -0.12167789 
-0.19557156 -1.4616048 
1.5197086 1.2831495 
-1.3304179 0.9351106 
0.28576973 1.0161775 
0.6288103 -0.7790525 
2.745768 1.0633414 
0.19002195 0.41074482 
-0.6695164 1.3699896 
-0.9355327 -0.9838461 
0.19951291 0.33089805 
0.9825853 0.22673836 
-0.67378813 -0.94163513 
2.5794332 0.06555046 
-0.95501393 -2.2676196 
-0.6369261 1.9633245 
0.31214383 -1.3331102 
-0.2339329 -0.19609874 
-0.20662686 2.7042534 
0.12192283 -0.5914168 
0.22772965 1.8111657 
0.7123082 0.74217916 
0.8138537 -0.77294713 
-0.29595762 0.3344164 
-0.78540456 -1.3271247 
0.24921119 1.9091734 
0.5718071 0.9084011 
-0.5182836 0.56236386 
1.2693497 0.35489634 
0.19978794 -0.7503904 
-0.26990205 1.0257238 
0.17750272 -0.612088 
-0.3313212 -1.3801743 
0.619157 -0.45880866 
-0.30280092 -1.4259548 
-0.9104079 0.9412929 
-0.9880272 1.1607347 
0.0044469386 -1.1199787 
-0.13838379 0.8637728 
1.2701119 1.1890051 
0.25534448 0.77321684 
-0.60492337 -0.8451045 
-0.52470404 -1.0337787 
-0.6653968 -1.0221046 
0.35631326 -0.29956695 
0.99587023 -1.1321993 
-0.46666792 0.5067916 
0.5752874 1.3707082 
0.2413639 -0.056696024 
-0.29651713 0.049515165 
0.5188292 -2.1771483 
-0.042647213 -0.08291528 
0.07128953 -0.012653099 
-0.34256625 -0.7226603 
-0.75488335 0.15326513 
-1.4074621 -0.41817802 
-1.6014127 -0.1255115 
-0.68481165 -0.0037654047 
-0.38279083 -1.0217334 
-0.07107055 -0.9023864 
-0.41096532 0.5864642 
-0.82476425 -0.13355306 
0.18119222 -0.80781686 
-2.3454542 1.1354904 
0.22128373 0.77366966 
-1.562683 -0.87995344 
-2.4282985 0.905146 
2.8338616 -0.27404746 
0.46080256 -1.1937312 
0.50048894 0.026458425 
1.1941216 -0.80428445 
-0.26619247 -0.12069487 
-0.5638684 0.0063556368 
0.638131 1.1864698 
0.9929268 -0.6925945 
0.69760394 -1.0062188 
-0.22588 2.1618125 
0.3418241 0.7725497 
0.18503264 1.0304592 
0.037660424 -0.2313164 
1.3395582 1.5474797 
-0.35235006 -1.3498269 
-0.506518 1.5559809 
-0.5934115 -1.9791939 
-0.27090508 1.4626559 
1.0032418 0.3552666 
-0.0010303301 -0.22702415 
-0.8463257 0.7808725 
2.095582 0.6483797 
1.2814116 -0.48714137 
0.0054823365 -0.57604784 
0.8434625 -1.0343344 
-1.0098404 0.58173144 
0.33386165 1.7716554 
1.0525187 -1.3932916 
0.09775716 1.1500169 
-2.140261 0.9825529 
-1.3937328 1.103942 
0.06304477 -0.46159652 
-1.063843 -0.13112944 
1.8276956 1.1067858 
1.801933 -1.1566677 
-0.46842846 0.5998388 
-0.29312956 0.35509878 
-0.7452426 -0.007049821 
1.2813708 0.0047873445 
-0.4057849 -1.7605889 
-0.6891114 1.3008689 
0.21632645 0.47537878 
-0.5676902 -0.9286503 
0.29504633 0.8866362 
-0.09613176 -1.0451027 
-2.6439395 0.890153 
0.63345796 -1.2764136 
-0.6802014 -0.4307093 
0.21047896 -1.0866249 
-1.4003736 -1.3010776 
-0.05780002 -0.12380778 
-0.53121287 0.77836704 
0.28906325 -0.9045005 
-0.49565643 -0.75920993 
-0.6604859 1.7400568 
-0.64760613 -1.2806004 
2.6503065 -0.74206924 
0.37160608 -0.81899923 
-0.029672122 -0.78718376 
0.21635559 -1.2097013 
1.0361673 -1.1240442 
0.19941679 -0.26393738 
-0.05081252 0.80760694 
-0.6264273 -0.052958257 
1.528481 0.14283219 
-0.27635217 0.2761387 
-0.16607602 0.61878484 
-0.3381753 -0.92799497 
-0.9901863 2.0665288 
-0.08321319 0.25087076 
-0.78334045 0.9196421 
-1.5518955 -0.41696027 
0.087095685 0.15195444 
1.2883626 -0.9208932 
-0.3388729 1.7981523 
-0.47870454 -0.57347625 
0.2562031 -1.8212615 
-0.035643134 -1.4009578 
0.17478599 0.85588235 
-0.61166143 -1.7746843 
-0.457267 0.57275224 
-0.2819082 -0.8776438 
-1.1897674 -0.6790355 
2.3839557 -1.0966078 
0.45546493 -0.33234143 
-1.1431865 0.052634094 
-1.392995 1.2508206 
-0.5645518 0.8527859 
0.06475317 0.03473648 
0.88067734 -0.5841306 
1.0192013 -1.3893499 
0.6219836 0.5676035 
0.6264488 -0.70977974 
-0.4567989 -1.3743432 
-0.6828326 -0.29869992 
0.65197504 -0.109599225 
-0.14082624 0.59019023 
-2.851597 -1.2944225 
0.7623576 -1.2604475 
0.42750704 -1.2788532 
0.64170086 -0.9429904 
1.6775498 -0.2532976 
0.91403544 0.6439259 
0.5656384 -1.6377114 
1.1337451 0.38227504 
-0.7829265 0.59085554 
-0.13914113 0.26626384 
-0.29499817 1.0666052 
-0.50612706 -0.052388992 
-0.46862265 0.8834273 
0.508883 -0.2383631 
0.0056390516 -2.362201 
0.27818707 0.2739714 
-1.3731914 -0.03664738 
-1.4000399 -1.697378 
-0.31065398 -0.22202784 
0.057979252 0.46533173 
-1.5480729 0.423394 
0.47947297 -2.1248689 
-0.29344136 -0.30367538 
-0.0880306 1.8122884 
0.20671903 -0.8481149 
0.92308706 0.19035554 
-2.691248 0.09784112 
-0.9757822 0.49317986 
-1.3466885 -1.491465 
0.07969891 -0.15738994 
-0.2094001 -0.8160726 
0.84243304 0.39130673 
0.28786904 -0.6764517 
-0.34057575 -2.1316152 
-1.4229386 -1.1456182 
-0.03156174 -0.48376086 
-2.4416554 -1.5605657 
-1.1609609 -0.9626513 
-0.4623025 -1.0727718 
1.928714 0.9380961 
-0.6295005 -0.17209932 
0.14027394 -0.18623385 
-0.41904694 0.9073928 
-0.008546939 -1.734698 
0.082700245 -0.21957783 
0.5320365 -0.2935897 
-0.4883616 -0.47371843 
-0.44953787 0.5415067 
0.0064603556 -0.7511728 
0.97744024 0.54085594 
0.78113496 -2.333603 
1.9084057 0.18533933 
-0.17767856 -0.1537537 
0.058581676 -0.39024392 
-0.31676063 -1.592083 
-0.8863595 1.0917323 
1.2002044 -0.12534758 
0.6195202 0.36262047 
1.5180995 -1.5731986 
0.28259617 -1.5470386 
-1.2183731 -0.07434759 
-0.092368335 -1.217013 
-0.93802565 -1.0662602 
0.58827126 -0.2133412 
-0.66646427 -1.0087547 
-1.1252642 1.0615958 
-0.15261059 1.1920357 
0.50008434 2.0054066 
-0.78228986 -0.85395795 
0.34289047 -1.5785543 
0.89676094 -0.36898747 
0.7311538 0.3763624 
-0.29715827 -1.852398 
0.43060577 -0.54225373 
-0.98192334 0.23267193 
-1.143868 -0.07870793 
1.0285138 1.3530477 
1.9456342 -1.4907707 
-0.28992712 1.294132 
0.5936544 0.4278763 
-0.30030006 0.57609355 
-0.30067587 -0.934444 
-0.16956776 0.47535908 
0.57157856 0.59279376 
1.3300828 0.534315 
-1.6154011 0.41044787 
1.5209401 0.103399344 
0.8836512 0.4336063 
1.0377113 0.03604755 
-0.3585431 -0.15745196 
-0.64889985 0.08840655 
-1.5918634 -0.7610591 
0.58968896 -1.0859134 
-2.245599 0.63493645 
0.23304312 0.06414476 
-0.14714916 -0.0389897 
0.37309986 -0.4210177 
0.96379274 1.2084323 
-1.087688 -0.18181129 
0.42202717 -1.7993425 
-1.37592 0.28770626 
1.3671227 -1.1653923 
0.26446047 -0.29772672 
-0.43421522 0.4454466 
1.4417872 0.42576173 
-0.7998169 0.8775435 
-1.153104 -0.24620943 
0.08923433 -1.7799478 
0.6397391 0.064084545 
0.49954027 0.13327874 
1.0352161 1.1102628 
3.5918567 -0.2747858 
0.7636636 1.333472 
1.176315 -0.6956497 
0.16574706 0.79662585 
-0.36096752 0.33121073 
-1.4783542 -0.43620488 
-0.735255 -1.2322096 
-1.0099216 0.40122578 
-0.28989336 -0.14902861 
-1.1217794 0.093466654 
2.1699677 1.8470975 
0.22335137 0.83529097 
-1.6749663 1.4034163 
-0.27375263 0.009198116 
-0.98818505 -0.909675 
0.78900945 -1.9712883 
0.79556155 -0.42355788 
0.39716947 -1.8207633 
1.1045722 0.61708105 
2.0615501 -1.2632301 
